myseed=5219 

Attaching package: ‘pls’

The following object is masked from ‘package:stats’:

    loadings

Loading required package: lattice
Loading required package: ggplot2
Registered S3 methods overwritten by 'ggplot2':
  method         from 
  [.quosures     rlang
  c.quosures     rlang
  print.quosures rlang

Attaching package: ‘caret’

The following object is masked from ‘package:pls’:

    R2

Loading required package: Matrix
Loading required package: foreach
Loaded glmnet 2.0-18

Parsed with column specification:
cols(
  .default = col_double()
)
See spec(...) for full column specifications.
Parsed with column specification:
cols(
  X1 = col_double()
)
Parsed with column specification:
cols(
  X1 = col_double()
)
numeric(0)
Algorithm converged after  1  iterations.
[1] 2.543624e-23
Algorithm converged after  2  iterations.
[1] 8.759489e-26
Algorithm converged after  2  iterations.
[1] 4.567547e-19
Algorithm converged after  2  iterations.
[1] 2.543624e-23 2.127959e-26
Algorithm converged after  2  iterations.
[1] 8.759489e-26 3.915755e-54
Algorithm converged after  2  iterations.
[1] 4.567547e-19 8.702345e-24
Algorithm converged after  2  iterations.
[1] 2.543624e-23 8.759489e-26
Algorithm converged after  2  iterations.
[1] 2.543624e-23 4.567547e-19
Algorithm converged after  2  iterations.
[1] 8.759489e-26 4.567547e-19
Algorithm converged after  2  iterations.
[1] 2.543624e-23 2.127959e-26 8.759489e-26
Algorithm converged after  2  iterations.
[1] 2.543624e-23 2.127959e-26 4.567547e-19
Algorithm converged after  2  iterations.
[1] 2.543624e-23 8.759489e-26 3.915755e-54
Algorithm converged after  2  iterations.
[1] 2.543624e-23 4.567547e-19 8.702345e-24
Algorithm converged after  2  iterations.
[1] 8.759489e-26 3.915755e-54 4.567547e-19
Algorithm converged after  2  iterations.
[1] 8.759489e-26 4.567547e-19 8.702345e-24
Algorithm converged after  2  iterations.
[1] 2.543624e-23 8.759489e-26 4.567547e-19
Algorithm converged after  2  iterations.
[1] 2.543624e-23 2.127959e-26 8.759489e-26 3.915755e-54
Algorithm converged after  2  iterations.
[1] 2.543624e-23 2.127959e-26 4.567547e-19 8.702345e-24
Algorithm converged after  2  iterations.
[1] 8.759489e-26 3.915755e-54 4.567547e-19 8.702345e-24
Algorithm converged after  2  iterations.
[1] 2.543624e-23 2.127959e-26 8.759489e-26 4.567547e-19
Algorithm converged after  2  iterations.
[1] 2.543624e-23 8.759489e-26 3.915755e-54 4.567547e-19
Algorithm converged after  2  iterations.
[1] 2.543624e-23 8.759489e-26 4.567547e-19 8.702345e-24
Algorithm converged after  2  iterations.
[1] 4.350622e-17
Algorithm converged after  2  iterations.
[1] 4.350622e-17 2.449282e-26
Algorithm converged after  4  iterations.
[1] 4.350622e-17 8.896183e-26
Algorithm converged after  4  iterations.
[1] 4.350622e-17 7.990982e-22
Algorithm converged after  10  iterations.
[1] 4.350622e-17 2.449282e-26 1.444318e-34
Algorithm converged after  6  iterations.
[1] 4.350622e-17 8.896183e-26 6.010504e-33
Algorithm converged after  6  iterations.
[1] 4.350622e-17 7.990982e-22 7.309848e-33
[1] 1.442381e-16 1.224601e-21 7.405893e-33
Algorithm converged after  11  iterations.
[1] 4.350622e-17 2.449282e-26 8.896183e-26
Algorithm converged after  4  iterations.
[1] 4.350622e-17 2.449282e-26 7.990982e-22
[1] 1.383613e-16 2.409367e-26 1.207551e-21
Algorithm converged after  11  iterations.
[1] 4.350622e-17 8.896183e-26 7.990982e-22
[1] 1.351316e-16 8.794740e-26 1.194192e-21
Algorithm converged after  11  iterations.
[1] 4.350622e-17 2.449282e-26 1.444318e-34 8.896183e-26
[1] 4.223509e-17 2.450288e-26 1.515460e-34 8.898120e-26
[1] 4.474408e-17 2.448808e-26 1.519289e-34 8.894243e-26
Algorithm converged after  21  iterations.
[1] 4.350622e-17 2.449282e-26 1.444318e-34 7.990982e-22
[1] 1.496848e-16 2.405818e-26 2.250877e-34 1.250289e-21
Algorithm converged after  11  iterations.
[1] 4.350622e-17 2.449282e-26 8.896183e-26 6.010504e-33
Algorithm converged after  6  iterations.
[1] 4.350622e-17 2.449282e-26 7.990982e-22 7.309848e-33
[1] 1.389146e-16 2.409127e-26 1.209652e-21 7.310807e-33
Algorithm converged after  11  iterations.
[1] 4.350622e-17 8.896183e-26 6.010504e-33 7.990982e-22
[1] 1.807597e-16 8.759665e-26 7.084078e-33 1.359050e-21
Algorithm converged after  11  iterations.
[1] 4.350622e-17 8.896183e-26 7.990982e-22 7.309848e-33
[1] 1.355532e-16 8.794190e-26 1.195845e-21 7.366154e-33
Algorithm converged after  11  iterations.
[1] 4.350622e-17 2.449282e-26 8.896183e-26 7.990982e-22
[1] 1.298170e-16 2.411894e-26 8.799185e-26 1.175937e-21
Algorithm converged after  11  iterations.
[1] 4.350622e-17 5.681137e-20
Algorithm converged after  2  iterations.
[1] 4.350622e-17 5.681137e-20 2.924137e-31
Algorithm converged after  5  iterations.
[1] 4.350622e-17 5.681137e-20 1.121432e-29
Algorithm converged after  5  iterations.
[1] 4.350622e-17 5.681137e-20 7.548942e-33
Algorithm converged after  8  iterations.
[1] 4.350622e-17 5.681137e-20 2.924137e-31 3.909155e-34
[1] 4.069569e-17 5.804904e-20 2.930526e-31 3.964399e-34
[1] 4.781474e-17 5.495788e-20 2.917286e-31 1.768100e-33
[1] 4.794561e-17 5.510910e-20 2.917333e-31 2.868368e-41
[1] 4.852692e-17 5.326191e-20 2.916510e-31 6.017215e-52
[1] 4.835997e-17 5.326102e-20 2.916886e-31 4.053329e-34
[1] 4.790299e-17 5.327144e-20 2.917588e-31 4.440537e-48
[1] 4.075445e-17 6.033499e-20 2.930245e-31 1.581060e-51
[1] 4.808267e-17 5.326478e-20 2.917511e-31 1.785842e-33
[1] 5.411171e-17 5.429982e-20 2.907264e-31 1.272751e-48
[1] 4.888657e-17 5.324258e-20 2.916612e-31 2.749820e-41
[1] 4.828926e-17 5.327627e-20 2.917352e-31 2.597101e-41
[1] 4.065891e-17 6.036948e-20 2.930907e-31 3.877136e-34
[1] 4.240620e-17 5.517922e-20 2.928908e-31 1.773629e-33
[1] 4.228475e-17 5.514858e-20 2.929091e-31 7.417134e-36
[1] 4.886097e-17 5.323371e-20 2.917059e-31 2.752374e-41
[1] 4.077534e-17 5.689008e-20 2.931540e-31 3.963188e-34
[1] 4.356338e-17 5.744760e-20 2.925657e-31 3.911189e-34
[1] 3.909774e-17 5.607489e-20 2.935350e-31 3.499031e-33
[1] 4.245116e-17 5.514492e-20 2.929434e-31 4.433887e-48
[1] 5.496577e-17 5.486551e-20 2.907094e-31 1.028923e-46
[1] 4.050187e-17 5.805605e-20 2.932765e-31 3.505467e-34
[1] 4.046223e-17 5.808539e-20 2.932951e-31 2.611380e-41
[1] 4.041853e-17 5.814189e-20 2.933146e-31 2.610915e-41
[1] 4.225195e-17 5.612068e-20 2.929188e-31 3.965299e-34
[1] 4.832951e-17 5.325958e-20 2.918566e-31 1.294528e-48
[1] 4.041136e-17 5.728364e-20 2.933211e-31 2.384908e-46
[1] 3.907547e-17 5.832251e-20 2.935738e-31 3.931427e-34
[1] 4.366272e-17 5.572715e-20 2.926458e-31 3.938373e-34
[1] 4.062543e-17 5.809197e-20 2.933263e-31 3.966344e-34
[1] 4.861057e-17 5.319241e-20 2.918617e-31 7.279205e-52
[1] 4.845107e-17 5.319374e-20 2.918911e-31 3.566486e-33
[1] 4.264460e-17 5.837020e-20 2.928997e-31 3.925617e-34
[1] 4.849621e-17 5.325915e-20 2.919055e-31 1.790435e-33
[1] 3.908271e-17 5.828772e-20 2.936391e-31 3.933060e-34
[1] 4.097431e-17 5.665380e-20 2.932633e-31 1.754958e-33
[1] 4.251211e-17 5.596195e-20 2.929689e-31 3.964791e-34
[1] 4.053934e-17 5.724111e-20 2.933862e-31 2.981872e-41
[1] 5.236974e-17 5.579021e-20 2.912550e-31 1.023663e-46
[1] 4.855744e-17 5.319599e-20 2.919277e-31 4.065076e-34
[1] 4.825298e-17 5.327377e-20 2.919739e-31 3.592451e-34
[1] 4.388539e-17 5.815321e-20 2.928307e-31 4.030622e-34
[1] 4.048240e-17 5.805606e-20 2.934396e-31 3.968625e-34
[1] 4.848660e-17 5.325900e-20 2.919617e-31 1.790557e-33
[1] 4.052007e-17 5.726523e-20 2.934250e-31 2.690468e-41
[1] 4.870306e-17 5.323891e-20 2.919588e-31 1.084547e-46
[1] 4.379238e-17 5.812996e-20 2.928580e-31 9.636890e-42
[1] 4.816616e-17 5.325412e-20 2.920406e-31 3.141369e-53
[1] 4.229082e-17 5.517435e-20 2.931711e-31 4.042906e-34
[1] 4.832912e-17 5.320122e-20 2.920191e-31 2.596464e-41
Algorithm did not converge after  500  iterations.
[1] 4.350622e-17 5.681137e-20 1.121432e-29 7.335304e-33
Algorithm converged after  6  iterations.
[1] 4.350622e-17 5.681137e-20 7.548942e-33 4.535848e-35
Algorithm converged after  10  iterations.
[1] 4.350622e-17 5.681137e-20 2.924137e-31 1.121432e-29
Algorithm converged after  5  iterations.
[1] 4.350622e-17 5.681137e-20 2.924137e-31 7.548942e-33
Algorithm converged after  6  iterations.
[1] 4.350622e-17 5.681137e-20 1.121432e-29 7.548942e-33
[1] 4.519564e-17 5.655522e-20 1.130326e-29 8.174494e-30
[1] 4.519975e-17 5.655444e-20 1.130672e-29 8.174821e-30
[1] 4.520387e-17 5.655367e-20 1.131017e-29 8.175147e-30
[1] 4.520799e-17 5.655289e-20 1.131363e-29 8.175474e-30
[1] 4.521209e-17 5.655212e-20 1.131708e-29 8.175800e-30
[1] 4.521621e-17 5.655134e-20 1.132053e-29 8.176128e-30
[1] 4.522032e-17 5.655057e-20 1.132399e-29 8.176454e-30
[1] 4.522442e-17 5.654980e-20 1.132744e-29 8.176780e-30
[1] 4.522852e-17 5.654903e-20 1.133089e-29 8.177106e-30
[1] 4.523262e-17 5.654826e-20 1.133433e-29 8.177432e-30
[1] 4.523672e-17 5.654749e-20 1.133778e-29 8.177758e-30
[1] 4.524081e-17 5.654672e-20 1.134123e-29 8.178084e-30
[1] 4.524490e-17 5.654595e-20 1.134467e-29 8.178410e-30
[1] 4.524898e-17 5.654518e-20 1.134811e-29 8.178735e-30
[1] 4.525307e-17 5.654441e-20 1.135156e-29 8.179061e-30
[1] 4.525715e-17 5.654365e-20 1.135500e-29 8.179386e-30
[1] 4.526123e-17 5.654288e-20 1.135844e-29 8.179712e-30
[1] 4.526531e-17 5.654211e-20 1.136188e-29 8.180037e-30
[1] 4.526938e-17 5.654135e-20 1.136532e-29 8.180362e-30
[1] 4.527345e-17 5.654059e-20 1.136875e-29 8.180687e-30
[1] 4.527752e-17 5.653982e-20 1.137219e-29 8.181012e-30
[1] 4.528158e-17 5.653906e-20 1.137562e-29 8.181337e-30
[1] 4.528564e-17 5.653830e-20 1.137906e-29 8.181662e-30
[1] 4.528970e-17 5.653754e-20 1.138249e-29 8.181986e-30
[1] 4.529376e-17 5.653677e-20 1.138592e-29 8.182311e-30
[1] 4.529781e-17 5.653601e-20 1.138935e-29 8.182635e-30
[1] 4.530187e-17 5.653525e-20 1.139278e-29 8.182960e-30
[1] 4.530592e-17 5.653449e-20 1.139621e-29 8.183284e-30
[1] 4.530996e-17 5.653374e-20 1.139964e-29 8.183608e-30
[1] 4.531400e-17 5.653298e-20 1.140307e-29 8.183932e-30
[1] 4.531804e-17 5.653222e-20 1.140649e-29 8.184256e-30
[1] 4.532208e-17 5.653147e-20 1.140992e-29 8.184580e-30
[1] 4.532611e-17 5.653071e-20 1.141334e-29 8.184904e-30
[1] 4.533015e-17 5.652996e-20 1.141676e-29 8.185227e-30
[1] 4.533417e-17 5.652920e-20 1.142018e-29 8.185551e-30
[1] 4.533820e-17 5.652845e-20 1.142360e-29 8.185874e-30
[1] 4.534222e-17 5.652769e-20 1.142702e-29 8.186197e-30
[1] 4.534625e-17 5.652694e-20 1.143044e-29 8.186521e-30
[1] 4.535026e-17 5.652619e-20 1.143385e-29 8.186843e-30
[1] 4.535429e-17 5.652544e-20 1.143727e-29 8.187167e-30
[1] 4.535830e-17 5.652469e-20 1.144068e-29 8.187490e-30
[1] 4.536230e-17 5.652394e-20 1.144410e-29 8.187812e-30
[1] 4.536631e-17 5.652319e-20 1.144751e-29 8.188135e-30
[1] 4.537031e-17 5.652244e-20 1.145092e-29 8.188458e-30
[1] 4.537431e-17 5.652169e-20 1.145433e-29 8.188780e-30
[1] 4.537831e-17 5.652095e-20 1.145774e-29 8.189102e-30
[1] 4.538231e-17 5.652020e-20 1.146115e-29 8.189425e-30
[1] 4.538630e-17 5.651945e-20 1.146455e-29 8.189747e-30
[1] 4.539029e-17 5.651871e-20 1.146796e-29 8.190069e-30
Algorithm did not converge after  500  iterations.
numeric(0)
Algorithm converged after  1  iterations.
[1] 1.290631e-23
Algorithm converged after  2  iterations.
[1] 6.736212e-26
Algorithm converged after  2  iterations.
[1] 7.246791e-19
Algorithm converged after  2  iterations.
[1] 1.290631e-23 2.665020e-26
Algorithm converged after  2  iterations.
[1] 6.736212e-26 1.786723e-67
Algorithm converged after  2  iterations.
[1] 7.246791e-19 1.035496e-23
Algorithm converged after  2  iterations.
[1] 1.290631e-23 6.736212e-26
Algorithm converged after  2  iterations.
[1] 1.290631e-23 7.246791e-19
Algorithm converged after  2  iterations.
[1] 6.736212e-26 7.246791e-19
Algorithm converged after  2  iterations.
[1] 1.290631e-23 2.665020e-26 6.736212e-26
Algorithm converged after  2  iterations.
[1] 1.290631e-23 2.665020e-26 7.246791e-19
Algorithm converged after  2  iterations.
[1] 1.290631e-23 6.736212e-26 1.786723e-67
Algorithm converged after  2  iterations.
[1] 1.290631e-23 7.246791e-19 1.035496e-23
Algorithm converged after  2  iterations.
[1] 6.736212e-26 1.786723e-67 7.246791e-19
Algorithm converged after  2  iterations.
[1] 6.736212e-26 7.246791e-19 1.035496e-23
Algorithm converged after  2  iterations.
[1] 1.290631e-23 6.736212e-26 7.246791e-19
Algorithm converged after  2  iterations.
[1] 1.290631e-23 2.665020e-26 6.736212e-26 1.786723e-67
Algorithm converged after  2  iterations.
[1] 1.290631e-23 2.665020e-26 7.246791e-19 1.035496e-23
Algorithm converged after  2  iterations.
[1] 6.736212e-26 1.786723e-67 7.246791e-19 1.035496e-23
Algorithm converged after  2  iterations.
[1] 1.290631e-23 2.665020e-26 6.736212e-26 7.246791e-19
Algorithm converged after  2  iterations.
[1] 1.290631e-23 6.736212e-26 1.786723e-67 7.246791e-19
Algorithm converged after  2  iterations.
[1] 1.290631e-23 6.736212e-26 7.246791e-19 1.035496e-23
Algorithm converged after  2  iterations.
[1] 4.211642e-17
Algorithm converged after  2  iterations.
[1] 4.211642e-17 2.676474e-26
Algorithm converged after  4  iterations.
[1] 4.211642e-17 6.716396e-26
Algorithm converged after  4  iterations.
[1] 4.211642e-17 4.067734e-22
Algorithm converged after  10  iterations.
[1] 4.211642e-17 2.676474e-26 7.592534e-34
[1] 5.403438e-17 2.680659e-26 7.959720e-34
[1] 5.403438e-17 2.680659e-26 7.959721e-34
[1] 5.403438e-17 2.680659e-26 7.959721e-34
[1] 5.403438e-17 2.680659e-26 7.959721e-34
[1] 5.403438e-17 2.680659e-26 7.959721e-34
[1] 5.403438e-17 2.680659e-26 7.959722e-34
[1] 5.403438e-17 2.680659e-26 7.959722e-34
[1] 5.403438e-17 2.680659e-26 7.959722e-34
[1] 5.403438e-17 2.680659e-26 7.959722e-34
[1] 5.403438e-17 2.680659e-26 7.959722e-34
[1] 5.403437e-17 2.680659e-26 7.959723e-34
[1] 5.403437e-17 2.680659e-26 7.959723e-34
[1] 5.403437e-17 2.680659e-26 7.959723e-34
[1] 5.403437e-17 2.680659e-26 7.959723e-34
[1] 5.403437e-17 2.680659e-26 7.959724e-34
[1] 5.403437e-17 2.680659e-26 7.959724e-34
[1] 5.403437e-17 2.680659e-26 7.959724e-34
[1] 5.403437e-17 2.680659e-26 7.959724e-34
[1] 5.403437e-17 2.680659e-26 7.959725e-34
[1] 5.403437e-17 2.680659e-26 7.959725e-34
[1] 5.403437e-17 2.680659e-26 7.959725e-34
[1] 5.403437e-17 2.680659e-26 7.959725e-34
[1] 5.403436e-17 2.680659e-26 7.959726e-34
[1] 5.403436e-17 2.680659e-26 7.959726e-34
[1] 5.403436e-17 2.680659e-26 7.959726e-34
[1] 5.403436e-17 2.680659e-26 7.959726e-34
[1] 5.403436e-17 2.680659e-26 7.959727e-34
[1] 5.403436e-17 2.680659e-26 7.959727e-34
[1] 5.403436e-17 2.680659e-26 7.959727e-34
[1] 5.403436e-17 2.680659e-26 7.959727e-34
[1] 5.403436e-17 2.680659e-26 7.959728e-34
[1] 5.403436e-17 2.680659e-26 7.959728e-34
[1] 5.403436e-17 2.680659e-26 7.959728e-34
[1] 5.403436e-17 2.680659e-26 7.959728e-34
[1] 5.403435e-17 2.680659e-26 7.959729e-34
[1] 5.403435e-17 2.680659e-26 7.959729e-34
[1] 5.403435e-17 2.680659e-26 7.959729e-34
[1] 5.403435e-17 2.680659e-26 7.959729e-34
[1] 5.403435e-17 2.680659e-26 7.959730e-34
[1] 5.403435e-17 2.680659e-26 7.959730e-34
[1] 5.403435e-17 2.680659e-26 7.959730e-34
[1] 5.403435e-17 2.680659e-26 7.959730e-34
[1] 5.403435e-17 2.680659e-26 7.959731e-34
[1] 5.403435e-17 2.680659e-26 7.959731e-34
[1] 5.403435e-17 2.680659e-26 7.959731e-34
[1] 5.403435e-17 2.680659e-26 7.959731e-34
[1] 5.403434e-17 2.680659e-26 7.959732e-34
[1] 5.403434e-17 2.680659e-26 7.959732e-34
[1] 5.403434e-17 2.680659e-26 7.959732e-34
Algorithm did not converge after  500  iterations.
[1] 4.211642e-17 6.716396e-26 2.402049e-33
Algorithm converged after  6  iterations.
[1] 4.211642e-17 4.067734e-22 1.004392e-31
Algorithm converged after  10  iterations.
[1] 4.211642e-17 2.676474e-26 6.716396e-26
Algorithm converged after  4  iterations.
[1] 4.211642e-17 2.676474e-26 4.067734e-22
Algorithm converged after  10  iterations.
[1] 4.211642e-17 6.716396e-26 4.067734e-22
Algorithm converged after  10  iterations.
[1] 4.211642e-17 2.676474e-26 7.592534e-34 6.716396e-26
[1] 4.881503e-17 2.679063e-26 7.996114e-34 6.710196e-26
[1] 5.604605e-17 2.681385e-26 2.094273e-33 6.703886e-26
[1] 5.499430e-17 2.680954e-26 1.490326e-33 6.704834e-26
[1] 5.108842e-17 2.679756e-26 2.014382e-33 6.708190e-26
[1] 4.881472e-17 2.679064e-26 7.995903e-34 6.710204e-26
[1] 3.802037e-17 2.675524e-26 8.134515e-34 6.720478e-26
[1] 5.496794e-17 2.680944e-26 1.490187e-33 6.704865e-26
[1] 4.912542e-17 2.679204e-26 8.125140e-34 6.709912e-26
[1] 5.108266e-17 2.679756e-26 9.694403e-32 6.708220e-26
[1] 3.801971e-17 2.675528e-26 8.133839e-34 6.720509e-26
[1] 5.604675e-17 2.681387e-26 9.682008e-32 6.703919e-26
[1] 3.801944e-17 2.675528e-26 8.133349e-34 6.720524e-26
[1] 4.881412e-17 2.679067e-26 7.994800e-34 6.710251e-26
[1] 3.800854e-17 2.675516e-26 8.135118e-34 6.720558e-26
[1] 5.603956e-17 2.681389e-26 8.099845e-34 6.703957e-26
[1] 5.466206e-17 2.680841e-26 1.488703e-33 6.705192e-26
[1] 5.498505e-17 2.680955e-26 1.491282e-33 6.704916e-26
[1] 5.101360e-17 2.679738e-26 7.523394e-34 6.708341e-26
[1] 5.542481e-17 2.681124e-26 1.496105e-33 6.704547e-26
[1] 5.169761e-17 2.679992e-26 8.065851e-34 6.707757e-26
[1] 3.800606e-17 2.675524e-26 8.133153e-34 6.720643e-26
[1] 5.604918e-17 2.681393e-26 9.681074e-32 6.704003e-26
[1] 5.521150e-17 2.681032e-26 1.493393e-33 6.704784e-26
[1] 4.880723e-17 2.679075e-26 7.990433e-34 6.710370e-26
[1] 4.877384e-17 2.679059e-26 7.974126e-34 6.710412e-26
[1] 5.111944e-17 2.679780e-26 7.534185e-34 6.708333e-26
[1] 5.107972e-17 2.679767e-26 2.014245e-33 6.708388e-26
[1] 3.800152e-17 2.675535e-26 8.130844e-34 6.720752e-26
[1] 5.542012e-17 2.681130e-26 1.497434e-33 6.704658e-26
[1] 5.604819e-17 2.681399e-26 1.506834e-33 6.704091e-26
[1] 6.490531e-17 2.683949e-26 1.544638e-33 6.696981e-26
[1] 3.788507e-17 2.675306e-26 7.823515e-34 6.720980e-26
[1] 6.426428e-17 2.683626e-26 1.931374e-50 6.697555e-26
[1] 5.120443e-17 2.679819e-26 7.549556e-34 6.708353e-26
[1] 5.121800e-17 2.679814e-26 4.643591e-42 6.708350e-26
[1] 5.472896e-17 2.680882e-26 1.491831e-33 6.705326e-26
[1] 5.105125e-17 2.679764e-26 7.521988e-34 6.708511e-26
[1] 5.100482e-17 2.679750e-26 7.516583e-34 6.708560e-26
[1] 5.119435e-17 2.679806e-26 2.012549e-33 6.708400e-26
[1] 6.382805e-17 2.683511e-26 8.243411e-34 6.697938e-26
[1] 5.604450e-17 2.681405e-26 5.933199e-48 6.704189e-26
[1] 6.424811e-17 2.683628e-26 7.748316e-34 6.697632e-26
[1] 6.382745e-17 2.683516e-26 7.744677e-34 6.697960e-26
[1] 5.110754e-17 2.679789e-26 7.533308e-34 6.708515e-26
[1] 5.453187e-17 2.680816e-26 1.491086e-33 6.705573e-26
[1] 5.471979e-17 2.680887e-26 1.492996e-33 6.705411e-26
[1] 6.381626e-17 2.683510e-26 7.731752e-34 6.697997e-26
[1] 6.381879e-17 2.683514e-26 7.743354e-34 6.697996e-26
[1] 5.110780e-17 2.679791e-26 7.532991e-34 6.708549e-26
Algorithm did not converge after  500  iterations.
[1] 4.211642e-17 2.676474e-26 7.592534e-34 4.067734e-22
[1] 1.784569e-16 2.707961e-26 8.369166e-34 6.823726e-22
Algorithm converged after  11  iterations.
[1] 4.211642e-17 2.676474e-26 6.716396e-26 2.402049e-33
Algorithm converged after  6  iterations.
[1] 4.211642e-17 2.676474e-26 4.067734e-22 1.004392e-31
Algorithm converged after  10  iterations.
[1] 4.211642e-17 6.716396e-26 2.402049e-33 4.067734e-22
Algorithm converged after  10  iterations.
[1] 4.211642e-17 6.716396e-26 4.067734e-22 1.004392e-31
Algorithm converged after  10  iterations.
[1] 4.211642e-17 2.676474e-26 6.716396e-26 4.067734e-22
Algorithm converged after  10  iterations.
[1] 4.211642e-17 4.120926e-20
Algorithm converged after  2  iterations.
[1] 4.211642e-17 4.120926e-20 9.372642e-32
Algorithm converged after  5  iterations.
[1] 4.211642e-17 4.120926e-20 4.967401e-36
[1] 4.497797e-17 4.101526e-20 2.278172e-30
[1] 4.392247e-17 3.853859e-20 5.063647e-36
[1] 5.899796e-17 4.274485e-20 5.383930e-36
[1] 4.488265e-17 4.341988e-20 3.049297e-33
[1] 4.496635e-17 4.342701e-20 5.203306e-36
[1] 4.613121e-17 4.243699e-20 2.140949e-58
[1] 4.634200e-17 4.245743e-20 4.259965e-67
[1] 5.269492e-17 4.041292e-20 4.859396e-36
[1] 4.607142e-17 4.240477e-20 4.805816e-36
[1] 4.501288e-17 4.345864e-20 7.289132e-60
[1] 4.936785e-17 4.099082e-20 5.121919e-36
[1] 4.624414e-17 4.248970e-20 5.005146e-36
[1] 4.627229e-17 4.243786e-20 3.053250e-33
[1] 4.594158e-17 4.168053e-20 5.171798e-36
[1] 4.499342e-17 4.341382e-20 5.025688e-36
[1] 4.613527e-17 4.243850e-20 5.163281e-36
[1] 5.280041e-17 4.039883e-20 8.676942e-48
[1] 4.633452e-17 4.246136e-20 5.278677e-36
[1] 5.959314e-17 4.263954e-20 5.326994e-36
[1] 4.627996e-17 4.246925e-20 3.051441e-33
[1] 4.635350e-17 4.246655e-20 8.325563e-48
[1] 5.274372e-17 4.350818e-20 2.205460e-45
[1] 4.391299e-17 3.852527e-20 4.852573e-36
[1] 4.501985e-17 4.343377e-20 5.727676e-50
[1] 4.572323e-17 4.272619e-20 4.970874e-36
[1] 4.499328e-17 4.341607e-20 3.052113e-33
[1] 4.501880e-17 4.342240e-20 8.798826e-53
[1] 4.624676e-17 4.248765e-20 3.053572e-33
[1] 5.192699e-17 4.163288e-20 4.905153e-36
[1] 4.391255e-17 3.852524e-20 4.852566e-36
[1] 4.488137e-17 4.342029e-20 5.210441e-36
[1] 5.961301e-17 4.263291e-20 5.322778e-36
[1] 4.627338e-17 4.246085e-20 5.014249e-36
[1] 4.496788e-17 4.342663e-20 5.203109e-36
[1] 4.063046e-17 4.108358e-20 5.131765e-36
[1] 4.596051e-17 4.280464e-20 5.180146e-36
[1] 4.444358e-17 4.335731e-20 1.049129e-62
[1] 4.629100e-17 4.244645e-20 5.198093e-36
[1] 4.121910e-17 4.134408e-20 3.034081e-33
[1] 4.498685e-17 4.343229e-20 2.088446e-53
[1] 4.624376e-17 4.248614e-20 5.170798e-36
[1] 4.018489e-17 4.004050e-20 5.067377e-36
[1] 4.497418e-17 4.341420e-20 5.048085e-36
[1] 5.959135e-17 4.265148e-20 5.323765e-36
[1] 4.613218e-17 4.243921e-20 3.058883e-33
[1] 4.761697e-17 4.116962e-20 4.929193e-36
[1] 5.956165e-17 4.267703e-20 5.332650e-36
[1] 4.623940e-17 4.248984e-20 2.620381e-62
[1] 4.026932e-17 4.118384e-20 5.153278e-36
Algorithm did not converge after  500  iterations.
[1] 4.211642e-17 4.120926e-20 2.431409e-30
Algorithm converged after  4  iterations.
[1] 4.211642e-17 4.120926e-20 9.372642e-32 9.810665e-34
Algorithm converged after  7  iterations.
[1] 4.211642e-17 4.120926e-20 4.967401e-36 2.372369e-36
[1] 6.554097e-17 4.305553e-20 5.591432e-36 1.044502e-33
[1] 4.432407e-17 4.430202e-20 5.237753e-36 7.733056e-48
[1] 6.571430e-17 4.318649e-20 5.253693e-36 1.064339e-36
[1] 6.542450e-17 3.966188e-20 3.161414e-33 9.628068e-34
Algorithm converged after  49  iterations.
[1] 4.211642e-17 4.120926e-20 2.431409e-30 1.181194e-31
Algorithm converged after  5  iterations.
[1] 4.211642e-17 4.120926e-20 9.372642e-32 4.967401e-36
[1] 4.303563e-17 4.319512e-20 9.384699e-32 4.656909e-56
[1] 4.186567e-17 4.411915e-20 9.397280e-32 5.066021e-36
[1] 5.646864e-17 4.311215e-20 9.313603e-32 5.131222e-36
[1] 4.308384e-17 4.314693e-20 9.386673e-32 5.327272e-36
[1] 4.309857e-17 4.316721e-20 9.387421e-32 3.155572e-33
[1] 4.309202e-17 4.316775e-20 9.388647e-32 4.791778e-51
[1] 4.301635e-17 4.317185e-20 9.389678e-32 5.209892e-36
Algorithm converged after  74  iterations.
[1] 4.211642e-17 4.120926e-20 9.372642e-32 2.431409e-30
Algorithm converged after  4  iterations.
[1] 4.211642e-17 4.120926e-20 4.967401e-36 2.431409e-30
[1] 5.861977e-17 4.289855e-20 5.995371e-41 2.429542e-30
[1] 5.867194e-17 4.282544e-20 5.481733e-36 2.429660e-30
[1] 5.860009e-17 4.291105e-20 5.163373e-36 2.429930e-30
[1] 4.409001e-17 4.383250e-20 5.086907e-36 2.436471e-30
[1] 4.405388e-17 4.382732e-20 5.080654e-36 2.437948e-30
[1] 4.749889e-17 4.138802e-20 5.261216e-36 2.435152e-30
[1] 5.773946e-17 4.285476e-20 4.329448e-36 2.433917e-30
[1] 4.672169e-17 4.084539e-20 1.630082e-55 2.436369e-30
[1] 5.852558e-17 4.290267e-20 5.159960e-36 2.434030e-30
[1] 4.544032e-17 4.275430e-20 5.120424e-36 2.439435e-30
[1] 4.404033e-17 4.387100e-20 5.413063e-36 2.441575e-30
[1] 4.541923e-17 4.277551e-20 5.374594e-36 2.440348e-30
[1] 4.100776e-17 4.142005e-20 4.989868e-36 2.441300e-30
[1] 4.540857e-17 4.279125e-20 9.491031e-53 2.440594e-30
[1] 4.383064e-17 4.389717e-20 5.372957e-36 2.442676e-30
[1] 4.530835e-17 4.279160e-20 5.105193e-36 2.444605e-30
[1] 4.515164e-17 4.278868e-20 5.295600e-36 2.444764e-30
[1] 5.772798e-17 4.270662e-20 5.529559e-36 2.439580e-30
[1] 4.393558e-17 4.386466e-20 5.406983e-36 2.446960e-30
[1] 4.391365e-17 4.384702e-20 5.075019e-36 2.447075e-30
[1] 4.536547e-17 4.279624e-20 2.997819e-33 2.445235e-30
[1] 4.395950e-17 4.388905e-20 3.002187e-33 2.447200e-30
[1] 4.122864e-17 4.167150e-20 4.998596e-36 2.446765e-30
[1] 4.531976e-17 4.281733e-20 2.026645e-49 2.446141e-30
[1] 4.511722e-17 4.279353e-20 2.027511e-49 2.446562e-30
[1] 4.290198e-17 3.887372e-20 4.215319e-36 2.444027e-30
[1] 5.834851e-17 4.293485e-20 5.156543e-36 2.440786e-30
[1] 5.841283e-17 4.289896e-20 5.457222e-36 2.440969e-30
[1] 4.388556e-17 4.385287e-20 5.084946e-36 2.449018e-30
[1] 5.856213e-17 4.281390e-20 3.154386e-33 2.441225e-30
[1] 5.835977e-17 4.291277e-20 5.691198e-50 2.441611e-30
[1] 4.692942e-17 4.183562e-20 2.788024e-33 2.446319e-30
[1] 5.840567e-17 4.287494e-20 5.434776e-36 2.443171e-30
Algorithm converged after  336  iterations.
numeric(0)
Algorithm converged after  1  iterations.
[1] 1.505488e-23
Algorithm converged after  2  iterations.
[1] 9.790162e-24
Algorithm converged after  2  iterations.
[1] 3.332316e-20
Algorithm converged after  2  iterations.
[1] 1.505488e-23 3.039275e-27
Algorithm converged after  2  iterations.
[1] 9.790162e-24 5.220098e-26
Algorithm converged after  2  iterations.
[1] 3.332316e-20 1.102902e-23
Algorithm converged after  2  iterations.
[1] 1.505488e-23 9.790162e-24
Algorithm converged after  2  iterations.
[1] 1.505488e-23 3.332316e-20
Algorithm converged after  2  iterations.
[1] 9.790162e-24 3.332316e-20
Algorithm converged after  2  iterations.
[1] 1.505488e-23 3.039275e-27 9.790162e-24
Algorithm converged after  2  iterations.
[1] 1.505488e-23 3.039275e-27 3.332316e-20
Algorithm converged after  2  iterations.
[1] 1.505488e-23 9.790162e-24 5.220098e-26
Algorithm converged after  2  iterations.
[1] 1.505488e-23 3.332316e-20 1.102902e-23
Algorithm converged after  2  iterations.
[1] 9.790162e-24 5.220098e-26 3.332316e-20
Algorithm converged after  2  iterations.
[1] 9.790162e-24 3.332316e-20 1.102902e-23
Algorithm converged after  2  iterations.
[1] 1.505488e-23 9.790162e-24 3.332316e-20
Algorithm converged after  2  iterations.
[1] 1.505488e-23 3.039275e-27 9.790162e-24 5.220098e-26
Algorithm converged after  2  iterations.
[1] 1.505488e-23 3.039275e-27 3.332316e-20 1.102902e-23
Algorithm converged after  2  iterations.
[1] 9.790162e-24 5.220098e-26 3.332316e-20 1.102902e-23
Algorithm converged after  2  iterations.
[1] 1.505488e-23 3.039275e-27 9.790162e-24 3.332316e-20
Algorithm converged after  2  iterations.
[1] 1.505488e-23 9.790162e-24 5.220098e-26 3.332316e-20
Algorithm converged after  2  iterations.
[1] 1.505488e-23 9.790162e-24 3.332316e-20 1.102902e-23
Algorithm converged after  2  iterations.
[1] 1.96846e-17
Algorithm converged after  2  iterations.
[1] 1.96846e-17 7.34631e-27
Algorithm converged after  5  iterations.
[1] 1.968460e-17 4.520402e-26
Algorithm converged after  4  iterations.
[1] 1.968460e-17 1.106426e-21
Algorithm converged after  10  iterations.
[1] 1.968460e-17 7.346310e-27 5.972322e-34
[1] 1.567563e-17 7.432094e-27 6.260906e-34
[1] 1.574821e-17 7.430482e-27 6.075578e-34
[1] 1.574843e-17 7.430509e-27 6.082136e-34
[1] 1.574949e-17 7.430520e-27 6.088651e-34
[1] 1.575036e-17 7.430534e-27 6.094312e-34
[1] 1.575110e-17 7.430550e-27 6.099238e-34
[1] 1.575172e-17 7.430569e-27 6.103530e-34
[1] 1.575223e-17 7.430589e-27 6.107272e-34
[1] 1.569655e-17 7.431874e-27 6.111370e-34
[1] 1.569532e-17 7.431923e-27 6.113231e-34
[1] 1.569596e-17 7.431928e-27 6.114636e-34
[1] 1.569656e-17 7.431934e-27 6.115931e-34
[1] 1.569711e-17 7.431941e-27 6.117125e-34
[1] 1.569761e-17 7.431949e-27 6.118226e-34
[1] 1.569808e-17 7.431957e-27 6.119240e-34
[1] 1.569851e-17 7.431967e-27 6.120174e-34
[1] 1.569890e-17 7.431977e-27 6.121035e-34
[1] 1.569926e-17 7.431988e-27 6.121827e-34
[1] 1.569960e-17 7.432000e-27 6.122557e-34
[1] 1.569990e-17 7.432012e-27 6.123228e-34
[1] 1.570018e-17 7.432025e-27 6.123846e-34
[1] 1.570045e-17 7.432038e-27 6.124415e-34
[1] 1.570072e-17 7.432051e-27 6.124937e-34
[1] 1.570344e-17 7.432009e-27 6.125360e-34
[1] 1.575436e-17 7.430889e-27 6.125178e-34
[1] 1.575447e-17 7.430916e-27 6.126207e-34
[1] 1.575455e-17 7.430943e-27 6.127110e-34
[1] 1.575463e-17 7.430970e-27 6.127902e-34
[1] 1.575469e-17 7.430998e-27 6.128597e-34
[1] 1.575468e-17 7.431027e-27 6.129208e-34
[1] 1.570369e-17 7.432202e-27 6.130922e-34
[1] 1.575037e-17 7.431174e-27 6.129957e-34
[1] 1.570450e-17 7.432228e-27 6.131172e-34
[1] 1.570384e-17 7.432262e-27 6.131168e-34
[1] 1.570360e-17 7.432286e-27 6.131151e-34
[1] 1.570349e-17 7.432308e-27 6.131131e-34
[1] 1.570344e-17 7.432328e-27 6.131111e-34
[1] 1.570340e-17 7.432348e-27 6.131092e-34
[1] 1.570337e-17 7.432367e-27 6.131075e-34
[1] 1.570335e-17 7.432387e-27 6.131058e-34
[1] 1.570332e-17 7.432406e-27 6.131043e-34
[1] 1.570330e-17 7.432426e-27 6.131028e-34
[1] 1.570328e-17 7.432445e-27 6.131015e-34
[1] 1.570326e-17 7.432465e-27 6.131002e-34
[1] 1.570325e-17 7.432484e-27 6.130990e-34
[1] 1.570323e-17 7.432503e-27 6.130980e-34
[1] 1.570321e-17 7.432523e-27 6.130969e-34
[1] 1.570319e-17 7.432542e-27 6.130960e-34
[1] 1.570318e-17 7.432561e-27 6.130951e-34
Algorithm did not converge after  500  iterations.
[1] 1.968460e-17 4.520402e-26 6.291046e-49
[1] 2.061980e-17 4.519286e-26 7.330921e-33
[1] 1.731845e-17 4.523731e-26 9.496202e-50
[1] 2.000033e-17 4.520100e-26 1.289242e-48
[1] 1.939762e-17 4.520908e-26 7.922365e-51
[1] 1.924378e-17 4.521096e-26 2.525404e-49
[1] 1.837695e-17 4.522203e-26 1.180849e-61
[1] 1.998181e-17 4.520133e-26 7.343519e-33
[1] 1.928556e-17 4.521067e-26 8.353207e-51
[1] 1.997268e-17 4.520152e-26 1.159688e-61
[1] 1.656782e-17 4.524829e-26 9.577369e-30
[1] 1.829595e-17 4.522314e-26 9.357311e-54
[1] 1.774604e-17 4.523045e-26 1.000177e-69
[1] 1.923878e-17 4.521125e-26 7.343441e-33
[1] 1.922862e-17 4.521152e-26 5.121045e-47
[1] 1.997489e-17 4.520174e-26 5.391371e-47
[1] 1.751999e-17 4.523427e-26 7.887359e-51
[1] 1.922593e-17 4.521180e-26 7.367548e-33
[1] 1.927019e-17 4.521137e-26 7.371549e-33
[1] 1.753843e-17 4.523485e-26 2.112023e-61
[1] 1.895877e-17 4.521568e-26 1.320179e-48
[1] 1.922024e-17 4.521193e-26 1.221687e-50
[1] 2.259985e-17 4.516971e-26 1.351466e-38
[1] 2.271324e-17 4.516914e-26 4.799512e-31
[1] 1.927556e-17 4.521156e-26 1.916689e-61
[1] 2.272865e-17 4.516900e-26 7.426164e-33
[1] 1.900976e-17 4.521521e-26 4.199256e-48
[1] 1.947906e-17 4.521066e-26 7.600318e-33
[1] 1.772909e-17 4.523328e-26 1.114196e-50
[1] 1.826715e-17 4.522439e-26 6.193857e-49
[1] 2.274908e-17 4.516911e-26 1.266373e-48
[1] 1.776977e-17 4.523118e-26 5.970347e-48
[1] 1.899458e-17 4.521565e-26 2.455850e-49
[1] 1.969723e-17 4.520643e-26 5.364936e-47
[1] 1.857422e-17 4.522069e-26 5.121062e-47
[1] 2.279620e-17 4.516876e-26 4.809998e-31
[1] 1.687411e-17 4.524478e-26 8.429064e-51
[1] 1.752142e-17 4.523540e-26 6.059695e-49
[1] 2.276311e-17 4.516943e-26 9.479061e-30
[1] 1.924999e-17 4.521266e-26 9.526406e-30
[1] 1.921487e-17 4.521301e-26 6.286557e-49
[1] 2.276467e-17 4.516958e-26 1.387674e-57
[1] 1.734426e-17 4.523896e-26 8.876266e-65
[1] 1.766246e-17 4.523325e-26 1.569623e-61
[1] 1.899166e-17 4.521634e-26 7.371741e-33
[1] 1.736806e-17 4.523874e-26 4.965558e-71
[1] 1.840066e-17 4.522468e-26 8.429864e-59
[1] 1.777019e-17 4.523196e-26 7.226813e-33
[1] 1.896344e-17 4.521705e-26 1.899536e-51
[1] 1.731486e-17 4.523972e-26 3.504692e-50
Algorithm did not converge after  500  iterations.
[1] 1.968460e-17 1.106426e-21 1.574709e-30
[1] 6.659047e-17 1.645629e-21 5.836382e-32
[1] 6.658973e-17 1.645622e-21 5.837850e-32
[1] 6.658898e-17 1.645615e-21 5.839308e-32
[1] 6.658825e-17 1.645608e-21 5.840756e-32
[1] 6.658752e-17 1.645601e-21 5.842194e-32
[1] 6.658679e-17 1.645594e-21 5.843622e-32
[1] 6.658607e-17 1.645587e-21 5.845041e-32
[1] 6.658535e-17 1.645580e-21 5.846449e-32
[1] 6.658464e-17 1.645573e-21 5.847848e-32
[1] 6.667120e-17 1.646400e-21 6.717722e-32
[1] 6.658571e-17 1.645583e-21 5.849938e-32
[1] 6.665788e-17 1.646273e-21 5.848143e-32
[1] 6.666969e-17 1.646385e-21 6.720335e-32
[1] 6.665703e-17 1.646265e-21 5.850018e-32
Algorithm converged after  150  iterations.
[1] 1.968460e-17 7.346310e-27 4.520402e-26
Algorithm converged after  5  iterations.
[1] 1.968460e-17 7.346310e-27 1.106426e-21
Algorithm converged after  10  iterations.
[1] 1.968460e-17 4.520402e-26 1.106426e-21
Algorithm converged after  10  iterations.
[1] 1.968460e-17 7.346310e-27 5.972322e-34 4.520402e-26
Algorithm converged after  5  iterations.
[1] 1.968460e-17 7.346310e-27 5.972322e-34 1.106426e-21
[1] 5.943941e-17 6.775752e-27 1.380838e-31 1.578678e-21
[1] 5.771516e-17 6.794844e-27 1.383651e-31 1.560810e-21
[1] 5.970411e-17 6.772972e-27 4.315899e-47 1.581555e-21
[1] 5.723414e-17 6.800473e-27 8.739552e-34 1.556185e-21
[1] 5.753294e-17 6.797170e-27 8.671442e-34 1.559331e-21
[1] 5.613421e-17 6.813091e-27 1.273534e-37 1.545271e-21
[1] 5.659401e-17 6.808091e-27 8.924075e-34 1.550363e-21
[1] 5.733950e-17 6.799489e-27 8.550388e-34 1.557553e-21
[1] 5.599662e-17 6.814628e-27 8.622137e-34 1.543577e-21
[1] 5.591389e-17 6.815985e-27 1.934324e-62 1.543665e-21
[1] 5.591402e-17 6.816054e-27 1.805114e-42 1.543764e-21
[1] 5.676313e-17 6.806434e-27 1.777619e-35 1.552367e-21
[1] 5.588289e-17 6.816625e-27 1.270896e-37 1.543666e-21
[1] 6.004097e-17 6.770011e-27 1.788358e-35 1.585977e-21
[1] 5.934464e-17 6.778046e-27 1.793386e-35 1.579622e-21
[1] 5.590683e-17 6.816699e-27 2.513403e-46 1.544341e-21
[1] 5.926551e-17 6.779217e-27 1.381031e-31 1.579101e-21
[1] 5.732603e-17 6.800822e-27 8.564608e-34 1.558991e-21
[1] 5.933952e-17 6.778528e-27 1.134292e-37 1.580047e-21
[1] 5.872103e-17 6.785202e-27 1.778155e-35 1.573237e-21
[1] 6.331080e-17 6.735558e-27 1.829342e-35 1.620300e-21
[1] 6.482971e-17 6.719595e-27 8.039058e-48 1.635598e-21
[1] 5.923135e-17 6.780113e-27 1.142353e-37 1.579454e-21
[1] 5.976425e-17 6.774368e-27 1.124286e-37 1.585025e-21
[1] 5.942397e-17 6.778176e-27 1.783638e-40 1.581641e-21
[1] 5.708324e-17 6.804290e-27 8.715048e-34 1.557472e-21
[1] 6.454674e-17 6.722983e-27 1.380243e-31 1.633352e-21
[1] 5.954939e-17 6.777042e-27 1.791360e-35 1.583220e-21
[1] 5.751894e-17 6.799683e-27 8.557293e-34 1.562324e-21
[1] 5.971542e-17 6.775370e-27 1.791837e-35 1.585110e-21
[1] 5.973723e-17 6.775881e-27 8.775955e-34 1.586449e-21
[1] 5.985790e-17 6.774562e-27 8.685650e-34 1.587697e-21
[1] 5.977440e-17 6.775472e-27 8.858130e-34 1.586829e-21
[1] 5.988725e-17 6.774243e-27 8.636713e-34 1.588005e-21
[1] 5.942756e-17 6.779364e-27 8.834916e-34 1.583423e-21
[1] 5.971229e-17 6.776278e-27 1.380694e-31 1.586391e-21
[1] 5.879063e-17 6.786510e-27 8.844287e-34 1.576966e-21
[1] 6.361976e-17 6.734043e-27 1.380380e-31 1.625949e-21
[1] 5.742738e-17 6.801997e-27 1.159015e-37 1.563322e-21
[1] 5.978841e-17 6.775824e-27 8.601026e-34 1.587574e-21
[1] 5.981433e-17 6.775540e-27 8.710845e-34 1.587841e-21
[1] 5.987416e-17 6.774888e-27 8.743236e-34 1.588464e-21
[1] 5.985510e-17 6.775096e-27 8.881940e-34 1.588267e-21
[1] 5.988827e-17 6.774734e-27 8.859544e-34 1.588612e-21
[1] 5.977600e-17 6.775958e-27 8.642101e-34 1.587445e-21
[1] 5.987659e-17 6.774860e-27 8.871650e-34 1.588489e-21
[1] 5.989567e-17 6.774653e-27 8.747643e-34 1.588689e-21
[1] 5.987135e-17 6.774918e-27 8.863922e-34 1.588436e-21
[1] 5.976241e-17 6.776107e-27 8.584490e-34 1.587308e-21
Algorithm did not converge after  500  iterations.
[1] 1.968460e-17 7.346310e-27 4.520402e-26 6.291046e-49
[1] 1.485096e-17 7.451695e-27 4.527388e-26 7.249165e-33
[1] 1.445469e-17 7.462993e-27 4.527878e-26 9.606690e-30
[1] 1.757847e-17 7.395254e-27 4.523380e-26 7.137254e-33
[1] 1.525721e-17 7.447917e-27 4.526653e-26 1.757016e-49
[1] 1.326301e-17 7.497236e-27 4.529709e-26 6.970484e-33
[1] 1.414142e-17 7.477736e-27 4.528520e-26 7.251258e-33
[1] 1.447098e-17 7.471932e-27 4.527890e-26 1.017616e-53
[1] 1.332081e-17 7.500952e-27 4.529706e-26 7.037123e-33
[1] 1.442713e-17 7.476594e-27 4.527987e-26 4.300886e-31
[1] 1.414133e-17 7.485678e-27 4.528379e-26 1.657129e-61
[1] 1.324941e-17 7.510856e-27 4.529790e-26 6.942764e-33
[1] 1.483748e-17 7.474185e-27 4.527514e-26 1.631750e-49
[1] 1.599001e-17 7.449533e-27 4.525644e-26 7.067434e-33
[1] 1.759744e-17 7.415650e-27 4.523481e-26 2.813199e-49
[1] 1.373905e-17 7.506106e-27 4.529118e-26 1.651565e-50
[1] 1.329615e-17 7.518340e-27 4.529809e-26 5.340880e-47
[1] 1.262009e-17 7.537552e-27 4.530846e-26 2.014450e-52
[1] 1.482177e-17 7.486203e-27 4.527442e-26 2.090997e-42
[1] 1.771522e-17 7.423104e-27 4.523438e-26 7.315851e-33
[1] 1.753509e-17 7.429077e-27 4.523619e-26 1.092133e-50
[1] 1.318690e-17 7.531919e-27 4.529988e-26 6.108019e-49
[1] 1.755407e-17 7.432733e-27 4.523616e-26 3.767145e-50
[1] 1.737735e-17 7.439573e-27 4.523811e-26 6.969775e-33
[1] 1.318757e-17 7.539582e-27 4.530026e-26 6.880508e-33
[1] 1.483658e-17 7.500937e-27 4.527701e-26 1.345626e-48
[1] 1.318236e-17 7.543768e-27 4.530054e-26 1.240938e-49
[1] 1.752055e-17 7.445384e-27 4.523718e-26 1.309489e-48
[1] 1.468437e-17 7.512230e-27 4.527771e-26 1.325444e-65
[1] 1.484728e-17 7.508786e-27 4.527683e-26 5.406642e-47
[1] 1.445044e-17 7.519692e-27 4.528162e-26 6.986914e-33
[1] 1.446375e-17 7.521520e-27 4.528143e-26 6.970215e-33
[1] 1.764529e-17 7.451809e-27 4.523658e-26 6.698614e-49
[1] 1.747476e-17 7.457116e-27 4.523822e-26 1.307127e-48
[1] 1.594353e-17 7.494086e-27 4.525918e-26 6.971818e-33
[1] 1.318928e-17 7.561336e-27 4.530135e-26 8.392824e-50
[1] 1.306792e-17 7.566132e-27 4.530423e-26 1.701493e-60
[1] 1.494740e-17 7.521962e-27 4.527450e-26 2.240084e-50
[1] 1.522346e-17 7.517211e-27 4.527013e-26 7.933225e-51
[1] 1.463622e-17 7.532272e-27 4.527947e-26 2.552377e-48
[1] 1.434975e-17 7.540862e-27 4.528417e-26 6.334369e-64
[1] 1.463107e-17 7.535750e-27 4.527973e-26 6.935842e-33
[1] 1.318710e-17 7.572628e-27 4.530197e-26 9.617495e-30
[1] 1.525438e-17 7.523430e-27 4.527020e-26 6.556823e-50
[1] 1.744231e-17 7.476590e-27 4.523967e-26 5.492625e-47
[1] 1.757383e-17 7.476151e-27 4.523868e-26 2.530008e-42
[1] 1.748846e-17 7.481008e-27 4.523924e-26 7.151828e-46
[1] 1.740683e-17 7.484341e-27 4.524030e-26 9.556515e-30
[1] 1.738594e-17 7.487385e-27 4.524086e-26 5.333574e-47
[1] 1.443162e-17 7.556694e-27 4.528368e-26 6.910213e-33
Algorithm did not converge after  500  iterations.
[1] 1.968460e-17 7.346310e-27 1.106426e-21 1.574709e-30
[1] 5.467787e-17 6.828693e-27 1.529271e-21 1.587700e-30
[1] 5.464730e-17 6.829383e-27 1.529221e-21 1.591970e-30
Algorithm converged after  27  iterations.
[1] 1.968460e-17 4.520402e-26 6.291046e-49 1.106426e-21
[1] 7.365236e-17 4.472757e-26 7.796703e-33 1.716096e-21
Algorithm converged after  14  iterations.
[1] 1.968460e-17 4.520402e-26 1.106426e-21 1.574709e-30
[1] 6.485849e-17 4.478568e-26 1.630395e-21 6.800015e-32
[1] 6.477812e-17 4.478621e-26 1.629627e-21 6.782828e-32
Algorithm converged after  21  iterations.
[1] 1.968460e-17 7.346310e-27 4.520402e-26 1.106426e-21
Algorithm converged after  10  iterations.
[1] 1.968460e-17 5.237405e-20
Algorithm converged after  2  iterations.
[1] 1.968460e-17 5.237405e-20 1.440432e-31
Algorithm converged after  4  iterations.
[1] 1.968460e-17 5.237405e-20 5.502918e-30
Algorithm converged after  4  iterations.
[1] 1.968460e-17 5.237405e-20 3.499460e-29
Algorithm converged after  5  iterations.
[1] 1.968460e-17 5.237405e-20 1.440432e-31 3.457177e-34
Algorithm converged after  6  iterations.
[1] 1.968460e-17 5.237405e-20 5.502918e-30 1.846063e-38
[1] 1.985677e-17 5.014358e-20 5.477994e-30 3.490859e-36
[1] 2.387515e-17 5.489117e-20 5.548125e-30 9.033657e-33
[1] 2.414428e-17 5.496220e-20 5.561237e-30 1.797677e-38
[1] 1.987039e-17 5.015383e-20 5.477768e-30 8.653113e-33
Algorithm converged after  49  iterations.
[1] 1.968460e-17 5.237405e-20 3.499460e-29 1.708481e-30
Algorithm converged after  5  iterations.
[1] 1.968460e-17 5.237405e-20 1.440432e-31 5.502918e-30
Algorithm converged after  5  iterations.
[1] 1.968460e-17 5.237405e-20 1.440432e-31 3.499460e-29
Algorithm converged after  5  iterations.
[1] 1.968460e-17 5.237405e-20 5.502918e-30 3.499460e-29
Algorithm converged after  5  iterations.
numeric(0)
Algorithm converged after  1  iterations.
[1] 6.311628e-24
Algorithm converged after  2  iterations.
[1] 1.277715e-23
