myseed=9448 

Attaching package: ‘pls’

The following object is masked from ‘package:stats’:

    loadings

Loading required package: lattice
Loading required package: ggplot2
Registered S3 methods overwritten by 'ggplot2':
  method         from 
  [.quosures     rlang
  c.quosures     rlang
  print.quosures rlang

Attaching package: ‘caret’

The following object is masked from ‘package:pls’:

    R2

Loading required package: Matrix
Loading required package: foreach
Loaded glmnet 2.0-18

Parsed with column specification:
cols(
  .default = col_double()
)
See spec(...) for full column specifications.
Parsed with column specification:
cols(
  X1 = col_double()
)
Parsed with column specification:
cols(
  X1 = col_double()
)
numeric(0)
Algorithm converged after  1  iterations.
[1] 2.046104e-23
Algorithm converged after  2  iterations.
[1] 1.522546e-24
Algorithm converged after  2  iterations.
[1] 5.48867e-20
Algorithm converged after  2  iterations.
[1] 2.046104e-23 1.928001e-26
Algorithm converged after  2  iterations.
[1] 1.522546e-24 6.448879e-25
Algorithm converged after  2  iterations.
[1] 5.488670e-20 7.406831e-23
Algorithm converged after  2  iterations.
[1] 2.046104e-23 1.522546e-24
Algorithm converged after  2  iterations.
[1] 2.046104e-23 5.488670e-20
Algorithm converged after  2  iterations.
[1] 1.522546e-24 5.488670e-20
Algorithm converged after  2  iterations.
[1] 2.046104e-23 1.928001e-26 1.522546e-24
Algorithm converged after  2  iterations.
[1] 2.046104e-23 1.928001e-26 5.488670e-20
Algorithm converged after  2  iterations.
[1] 2.046104e-23 1.522546e-24 6.448879e-25
Algorithm converged after  2  iterations.
[1] 2.046104e-23 5.488670e-20 7.406831e-23
Algorithm converged after  2  iterations.
[1] 1.522546e-24 6.448879e-25 5.488670e-20
Algorithm converged after  2  iterations.
[1] 1.522546e-24 5.488670e-20 7.406831e-23
Algorithm converged after  2  iterations.
[1] 2.046104e-23 1.522546e-24 5.488670e-20
Algorithm converged after  2  iterations.
[1] 2.046104e-23 1.928001e-26 1.522546e-24 6.448879e-25
Algorithm converged after  2  iterations.
[1] 2.046104e-23 1.928001e-26 5.488670e-20 7.406831e-23
Algorithm converged after  2  iterations.
[1] 1.522546e-24 6.448879e-25 5.488670e-20 7.406831e-23
Algorithm converged after  2  iterations.
[1] 2.046104e-23 1.928001e-26 1.522546e-24 5.488670e-20
Algorithm converged after  2  iterations.
[1] 2.046104e-23 1.522546e-24 6.448879e-25 5.488670e-20
Algorithm converged after  2  iterations.
[1] 2.046104e-23 1.522546e-24 5.488670e-20 7.406831e-23
Algorithm converged after  2  iterations.
[1] 7.649949e-18
Algorithm converged after  2  iterations.
[1] 7.649949e-18 2.042839e-26
Algorithm converged after  5  iterations.
[1] 7.649949e-18 3.026703e-25
Algorithm converged after  5  iterations.
[1] 7.649949e-18 1.494055e-20
Algorithm converged after  10  iterations.
[1] 7.649949e-18 2.042839e-26 2.581806e-31
Algorithm converged after  4  iterations.
[1] 7.649949e-18 3.026703e-25 1.886984e-31
Algorithm converged after  5  iterations.
[1] 7.649949e-18 1.494055e-20 5.441516e-30
Algorithm converged after  10  iterations.
[1] 7.649949e-18 2.042839e-26 3.026703e-25
Algorithm converged after  5  iterations.
[1] 7.649949e-18 2.042839e-26 1.494055e-20
Algorithm converged after  10  iterations.
[1] 7.649949e-18 3.026703e-25 1.494055e-20
Algorithm converged after  10  iterations.
[1] 7.649949e-18 2.042839e-26 2.581806e-31 3.026703e-25
Algorithm converged after  5  iterations.
[1] 7.649949e-18 2.042839e-26 2.581806e-31 1.494055e-20
Algorithm converged after  10  iterations.
[1] 7.649949e-18 2.042839e-26 3.026703e-25 1.886984e-31
Algorithm converged after  5  iterations.
[1] 7.649949e-18 2.042839e-26 1.494055e-20 5.441516e-30
Algorithm converged after  10  iterations.
[1] 7.649949e-18 3.026703e-25 1.886984e-31 1.494055e-20
Algorithm converged after  10  iterations.
[1] 7.649949e-18 3.026703e-25 1.494055e-20 5.441516e-30
Algorithm converged after  10  iterations.
[1] 7.649949e-18 2.042839e-26 3.026703e-25 1.494055e-20
Algorithm converged after  10  iterations.
[1] 7.649949e-18 2.454024e-19
Algorithm converged after  2  iterations.
[1] 7.649949e-18 2.454024e-19 2.472579e-31
Algorithm converged after  5  iterations.
[1] 7.649949e-18 2.454024e-19 1.030883e-28
Algorithm converged after  7  iterations.
[1] 7.649949e-18 2.454024e-19 3.695970e-28
Algorithm converged after  10  iterations.
[1] 7.649949e-18 2.454024e-19 2.472579e-31 1.669394e-34
[1] 1.511446e-19 6.179268e-25 2.660385e-24 1.196475e-38
[1] 1.604002e-19 7.128634e-25 2.952371e-24 2.992109e-39
[1] 1.510678e-19 6.967329e-25 2.750024e-24 1.899679e-36
[1] 1.516073e-19 7.010247e-25 2.776861e-24 1.907381e-36
[1] 1.488180e-19 6.979050e-25 2.720157e-24 3.222090e-39
[1] 1.488228e-19 6.975697e-25 2.719905e-24 3.224054e-39
[1] 1.486498e-19 6.949501e-25 2.711780e-24 3.165692e-39
[1] 1.505166e-19 7.015361e-25 2.756249e-24 8.515408e-36
[1] 1.631699e-19 7.351484e-25 3.033104e-24 8.368416e-36
[1] 1.513484e-19 6.899390e-25 2.750325e-24 1.932695e-34
[1] 1.627375e-19 7.309470e-25 3.022047e-24 2.985866e-39
[1] 1.511767e-19 6.841987e-25 2.739381e-24 1.897572e-36
[1] 1.531668e-19 6.814039e-25 2.774482e-24 1.993774e-36
[1] 1.479983e-19 7.103994e-25 2.717146e-24 3.017301e-39
[1] 1.551943e-19 6.731891e-25 2.814969e-24 3.201939e-39
[1] 1.479525e-19 7.105055e-25 2.716237e-24 3.218011e-39
[1] 1.508021e-19 6.160355e-25 2.653334e-24 1.196253e-38
[1] 1.512407e-19 7.262470e-25 2.795649e-24 1.962829e-34
[1] 1.486389e-19 6.946578e-25 2.712017e-24 1.893697e-36
[1] 1.626079e-19 7.288511e-25 3.007846e-24 2.983362e-39
[1] 1.486080e-19 6.936981e-25 2.710581e-24 6.564846e-65
[1] 1.467097e-19 7.092457e-25 2.691952e-24 3.204573e-39
[1] 1.516059e-19 6.915705e-25 2.756331e-24 3.040032e-39
[1] 1.506599e-19 6.144990e-25 2.650008e-24 1.197360e-38
[1] 1.486210e-19 6.944826e-25 2.711656e-24 6.383268e-63
[1] 1.633115e-19 7.373024e-25 3.038941e-24 3.070251e-39
[1] 1.541241e-19 7.035335e-25 2.812520e-24 3.047024e-39
[1] 1.606610e-19 7.169541e-25 2.965276e-24 2.044871e-36
[1] 1.633179e-19 7.372531e-25 3.038224e-24 2.989502e-39
[1] 1.513634e-19 7.071018e-25 2.777068e-24 1.908550e-36
[1] 1.467127e-19 7.095988e-25 2.693449e-24 3.019153e-39
[1] 1.512322e-19 6.854706e-25 2.742700e-24 3.234495e-39
[1] 1.632954e-19 7.374226e-25 3.038088e-24 7.302356e-58
[1] 1.552623e-19 6.750085e-25 2.818925e-24 3.201518e-39
[1] 1.467151e-19 7.098686e-25 2.694174e-24 3.018904e-39
[1] 1.606753e-19 7.173788e-25 2.963367e-24 1.947794e-36
[1] 1.488515e-19 6.997278e-25 2.724447e-24 3.013662e-39
[1] 1.515796e-19 7.303535e-25 2.805932e-24 1.912299e-36
[1] 1.533876e-19 6.854141e-25 2.792979e-24 1.993521e-36
[1] 1.607879e-19 7.188155e-25 2.969995e-24 2.486372e-40
[1] 1.525248e-19 6.890462e-25 2.772442e-24 3.231333e-39
[1] 1.485747e-19 6.929479e-25 2.710843e-24 3.261475e-39
[1] 1.604869e-19 7.151218e-25 2.961157e-24 2.988487e-39
[1] 1.552003e-19 6.744438e-25 2.817706e-24 3.201382e-39
[1] 1.604363e-19 7.149574e-25 2.961067e-24 3.194460e-39
[1] 1.607577e-19 7.186229e-25 2.969062e-24 3.076461e-39
[1] 1.511681e-19 6.858517e-25 2.741837e-24 3.040940e-39
[1] 1.488430e-19 6.999939e-25 2.725125e-24 1.834795e-64
[1] 1.508217e-19 7.052126e-25 2.767062e-24 1.982108e-36
Algorithm did not converge after  500  iterations.
[1] 7.649949e-18 2.454024e-19 1.030883e-28 9.576139e-33
[1] 1.594401e-19 6.808439e-25 8.666312e-24 1.219541e-37
[1] 1.656762e-19 6.998157e-25 8.757281e-24 2.542184e-37
[1] 1.522905e-19 6.273180e-25 8.536046e-24 1.217158e-37
[1] 1.596005e-19 6.813906e-25 8.668673e-24 1.219347e-37
[1] 1.587100e-19 7.178322e-25 8.663075e-24 6.963907e-55
[1] 1.587478e-19 7.166077e-25 8.663288e-24 3.149316e-37
[1] 1.590993e-19 6.772127e-25 8.659601e-24 7.209961e-38
[1] 1.598410e-19 6.848719e-25 8.674165e-24 1.226626e-37
[1] 1.587148e-19 7.091917e-25 8.659620e-24 1.219136e-37
[1] 1.594725e-19 6.813624e-25 8.667116e-24 7.244379e-38
[1] 1.586736e-19 7.123245e-25 8.660367e-24 3.094414e-63
[1] 1.587159e-19 7.219048e-25 8.664517e-24 1.303541e-33
[1] 1.587514e-19 7.189358e-25 8.664421e-24 1.362822e-57
[1] 1.600570e-19 6.855196e-25 8.677509e-24 6.893109e-33
[1] 1.587160e-19 7.188457e-25 8.663842e-24 5.009573e-43
[1] 1.600105e-19 1.270879e-25 9.195820e-24 9.885742e-34
[1] 1.598539e-19 7.034424e-25 8.709353e-24 1.223355e-37
Algorithm converged after  172  iterations.
[1] 7.649949e-18 2.454024e-19 3.695970e-28 4.923181e-30
[1] 4.099930e-17 1.631237e-19 1.051837e-27 2.363605e-29
Algorithm converged after  18  iterations.
[1] 7.649949e-18 2.454024e-19 2.472579e-31 1.030883e-28
Algorithm converged after  5  iterations.
[1] 7.649949e-18 2.454024e-19 2.472579e-31 3.695970e-28
Algorithm converged after  8  iterations.
[1] 7.649949e-18 2.454024e-19 1.030883e-28 3.695970e-28
Algorithm converged after  9  iterations.
numeric(0)
Algorithm converged after  1  iterations.
[1] 2.580798e-23
Algorithm converged after  2  iterations.
[1] 1.840146e-24
Algorithm converged after  2  iterations.
[1] 2.964199e-23
Algorithm converged after  2  iterations.
[1] 2.580798e-23 1.463410e-26
Algorithm converged after  2  iterations.
[1] 1.840146e-24 2.730831e-25
Algorithm converged after  2  iterations.
[1] 2.964199e-23 8.926970e-28
Algorithm converged after  2  iterations.
[1] 2.580798e-23 1.840146e-24
Algorithm converged after  2  iterations.
[1] 2.580798e-23 2.964199e-23
Algorithm converged after  2  iterations.
[1] 1.840146e-24 2.964199e-23
Algorithm converged after  2  iterations.
[1] 2.580798e-23 1.463410e-26 1.840146e-24
Algorithm converged after  2  iterations.
[1] 2.580798e-23 1.463410e-26 2.964199e-23
Algorithm converged after  2  iterations.
[1] 2.580798e-23 1.840146e-24 2.730831e-25
Algorithm converged after  2  iterations.
[1] 2.580798e-23 2.964199e-23 8.926970e-28
Algorithm converged after  2  iterations.
[1] 1.840146e-24 2.730831e-25 2.964199e-23
Algorithm converged after  2  iterations.
[1] 1.840146e-24 2.964199e-23 8.926970e-28
Algorithm converged after  2  iterations.
[1] 2.580798e-23 1.840146e-24 2.964199e-23
Algorithm converged after  2  iterations.
[1] 2.580798e-23 1.463410e-26 1.840146e-24 2.730831e-25
Algorithm converged after  2  iterations.
[1] 2.580798e-23 1.463410e-26 2.964199e-23 8.926970e-28
Algorithm converged after  2  iterations.
[1] 1.840146e-24 2.730831e-25 2.964199e-23 8.926970e-28
Algorithm converged after  2  iterations.
[1] 2.580798e-23 1.463410e-26 1.840146e-24 2.964199e-23
Algorithm converged after  2  iterations.
[1] 2.580798e-23 1.840146e-24 2.730831e-25 2.964199e-23
Algorithm converged after  2  iterations.
[1] 2.580798e-23 1.840146e-24 2.964199e-23 8.926970e-28
Algorithm converged after  2  iterations.
[1] 1.223694e-19
Algorithm converged after  2  iterations.
[1] 1.223694e-19 2.100344e-24
Algorithm converged after  5  iterations.
[1] 1.223694e-19 6.141490e-24
Algorithm converged after  6  iterations.
[1] 1.223694e-19 3.360101e-19
Algorithm converged after  6  iterations.
[1] 1.223694e-19 2.100344e-24 3.983763e-35
Algorithm converged after  5  iterations.
[1] 1.223694e-19 6.141490e-24 3.642386e-36
Algorithm converged after  6  iterations.
[1] 1.223694e-19 3.360101e-19 3.960082e-50
[1] 1.411785e-19 3.743347e-19 8.032117e-28
Algorithm converged after  11  iterations.
[1] 1.223694e-19 2.100344e-24 6.141490e-24
Algorithm converged after  6  iterations.
[1] 1.223694e-19 2.100344e-24 3.360101e-19
Algorithm converged after  7  iterations.
[1] 1.223694e-19 6.141490e-24 3.360101e-19
Algorithm converged after  7  iterations.
[1] 1.223694e-19 2.100344e-24 3.983763e-35 6.141490e-24
[1] 1.421397e-19 2.634191e-24 8.860713e-32 6.591592e-24
[1] 1.400395e-19 2.584693e-24 3.877759e-35 6.546745e-24
[1] 1.383596e-19 2.537451e-24 3.896836e-35 6.508916e-24
[1] 1.395494e-19 2.571321e-24 3.876829e-35 6.535936e-24
[1] 1.381453e-19 2.532658e-24 8.866360e-32 6.504514e-24
[1] 1.395624e-19 2.571392e-24 8.880013e-32 6.536126e-24
[1] 1.397678e-19 2.576941e-24 3.878921e-35 6.540693e-24
[1] 1.456189e-19 2.726655e-24 3.847960e-35 6.667809e-24
[1] 1.400374e-19 2.584320e-24 3.877755e-35 6.546733e-24
[1] 1.395569e-19 2.570923e-24 3.881838e-35 6.535965e-24
[1] 1.394875e-19 2.569233e-24 1.632356e-58 6.534514e-24
[1] 1.380448e-19 2.529460e-24 3.890071e-35 6.502232e-24
[1] 1.416691e-19 2.620948e-24 8.860355e-32 6.581222e-24
[1] 1.386460e-19 2.545934e-24 3.931127e-42 6.515725e-24
[1] 1.418436e-19 2.624254e-24 8.857902e-32 6.584822e-24
[1] 1.462465e-19 2.742714e-24 8.882587e-32 6.681620e-24
[1] 1.379785e-19 2.526026e-24 3.903019e-35 6.500407e-24
Algorithm converged after  175  iterations.
[1] 1.223694e-19 2.100344e-24 3.983763e-35 3.360101e-19
[1] 1.411091e-19 2.609645e-24 3.871018e-35 3.740206e-19
[1] 1.364891e-19 2.488030e-24 4.027438e-35 3.648404e-19
[1] 1.375552e-19 2.517133e-24 3.893885e-35 3.669617e-19
[1] 1.461312e-19 2.754616e-24 3.228437e-48 3.840173e-19
[1] 1.382606e-19 2.530508e-24 8.827376e-39 3.683483e-19
[1] 1.361176e-19 2.477799e-24 4.029890e-35 3.641034e-19
[1] 1.377568e-19 2.522820e-24 2.712639e-50 3.673760e-19
[1] 1.362183e-19 2.480652e-24 3.901701e-35 3.643143e-19
Algorithm converged after  90  iterations.
[1] 1.223694e-19 2.100344e-24 6.141490e-24 3.642386e-36
Algorithm converged after  7  iterations.
[1] 1.223694e-19 2.100344e-24 3.360101e-19 3.960082e-50
Algorithm converged after  10  iterations.
[1] 1.223694e-19 6.141490e-24 3.642386e-36 3.360101e-19
[1] 1.462363e-19 6.685689e-24 1.798503e-36 3.840521e-19
[1] 1.592158e-19 6.969272e-24 1.905533e-36 4.094705e-19
Algorithm converged after  21  iterations.
[1] 1.223694e-19 6.141490e-24 3.360101e-19 3.960082e-50
[1] 1.494303e-19 6.754330e-24 3.903531e-19 8.155178e-28
Algorithm converged after  18  iterations.
[1] 1.223694e-19 2.100344e-24 6.141490e-24 3.360101e-19
Algorithm converged after  8  iterations.
[1] 1.223694e-19 9.874641e-26
Algorithm converged after  2  iterations.
[1] 1.223694e-19 9.874641e-26 2.159148e-24
[1] 1.303972e-19 3.983455e-25 6.287078e-24
Algorithm converged after  11  iterations.
[1] 1.223694e-19 9.874641e-26 5.931840e-24
[1] 1.360303e-19 1.082273e-60 6.548594e-24
[1] 1.364738e-19 9.760283e-30 6.474044e-24
[1] 1.359120e-19 5.839156e-30 6.455991e-24
Algorithm converged after  34  iterations.
[1] 1.223694e-19 9.874641e-26 3.429657e-19
Algorithm converged after  7  iterations.
[1] 1.223694e-19 9.874641e-26 2.159148e-24 9.416696e-52
[1] 1.271400e-19 3.702479e-25 6.075465e-24 1.511487e-38
Algorithm converged after  13  iterations.
[1] 1.223694e-19 9.874641e-26 5.931840e-24 8.016674e-37
Algorithm converged after  7  iterations.
[1] 1.223694e-19 9.874641e-26 3.429657e-19 3.845113e-30
[1] 1.308547e-19 3.384503e-28 3.709233e-19 4.903384e-28
Algorithm converged after  18  iterations.
[1] 1.223694e-19 9.874641e-26 2.159148e-24 5.931840e-24
[1] 1.426091e-19 2.985370e-26 5.998803e-24 6.714435e-24
Algorithm converged after  20  iterations.
[1] 1.223694e-19 9.874641e-26 2.159148e-24 3.429657e-19
Algorithm converged after  7  iterations.
[1] 1.223694e-19 9.874641e-26 5.931840e-24 3.429657e-19
Algorithm converged after  7  iterations.
numeric(0)
Algorithm converged after  1  iterations.
[1] 9.008882e-24
Algorithm converged after  2  iterations.
[1] 4.484526e-24
Algorithm converged after  2  iterations.
[1] 1.976809e-31
Algorithm converged after  2  iterations.
[1] 9.008882e-24 2.070349e-27
Algorithm converged after  2  iterations.
[1] 4.484526e-24 4.129528e-25
Algorithm converged after  2  iterations.
[1] 1.976809e-31 2.394626e-42
Algorithm converged after  2  iterations.
[1] 9.008882e-24 4.484526e-24
Algorithm converged after  2  iterations.
[1] 9.008882e-24 1.976809e-31
Algorithm converged after  2  iterations.
[1] 4.484526e-24 1.976809e-31
Algorithm converged after  2  iterations.
[1] 9.008882e-24 2.070349e-27 4.484526e-24
Algorithm converged after  2  iterations.
[1] 9.008882e-24 2.070349e-27 1.976809e-31
Algorithm converged after  2  iterations.
[1] 9.008882e-24 4.484526e-24 4.129528e-25
Algorithm converged after  2  iterations.
[1] 9.008882e-24 1.976809e-31 2.394626e-42
Algorithm converged after  2  iterations.
[1] 4.484526e-24 4.129528e-25 1.976809e-31
Algorithm converged after  2  iterations.
[1] 4.484526e-24 1.976809e-31 2.394626e-42
Algorithm converged after  2  iterations.
[1] 9.008882e-24 4.484526e-24 1.976809e-31
Algorithm converged after  2  iterations.
[1] 9.008882e-24 2.070349e-27 4.484526e-24 4.129528e-25
Algorithm converged after  2  iterations.
[1] 9.008882e-24 2.070349e-27 1.976809e-31 2.394626e-42
Algorithm converged after  2  iterations.
[1] 4.484526e-24 4.129528e-25 1.976809e-31 2.394626e-42
Algorithm converged after  2  iterations.
[1] 9.008882e-24 2.070349e-27 4.484526e-24 1.976809e-31
Algorithm converged after  2  iterations.
[1] 9.008882e-24 4.484526e-24 4.129528e-25 1.976809e-31
Algorithm converged after  2  iterations.
[1] 9.008882e-24 4.484526e-24 1.976809e-31 2.394626e-42
Algorithm converged after  2  iterations.
[1] 6.009495e-20
Algorithm converged after  2  iterations.
[1] 6.009495e-20 2.668455e-24
Algorithm converged after  6  iterations.
[1] 6.009495e-20 5.475899e-24
Algorithm converged after  5  iterations.
[1] 6.009495e-20 2.876550e-19
Algorithm converged after  6  iterations.
[1] 6.009495e-20 2.668455e-24 1.692971e-31
[1] 6.195945e-20 2.781800e-24 1.686908e-31
Algorithm converged after  13  iterations.
[1] 6.009495e-20 5.475899e-24 4.462972e-34
[1] 6.384410e-20 5.612796e-24 8.412360e-38
[1] 6.388290e-20 5.614109e-24 4.455518e-34
[1] 6.384445e-20 5.612818e-24 4.262104e-36
[1] 6.384403e-20 5.612796e-24 3.199241e-29
[1] 6.601903e-20 5.687574e-24 5.531008e-33
[1] 6.742028e-20 5.736088e-24 2.084333e-33
[1] 6.381776e-20 5.611892e-24 4.503686e-34
[1] 6.782249e-20 5.749841e-24 2.073149e-33
[1] 6.373536e-20 5.609031e-24 2.586362e-36
[1] 6.384395e-20 5.612801e-24 5.439611e-33
[1] 6.782240e-20 5.749838e-24 2.073208e-33
[1] 6.384347e-20 5.612778e-24 2.189899e-33
[1] 6.240929e-20 5.562863e-24 6.309537e-37
[1] 6.381718e-20 5.611872e-24 8.901191e-38
[1] 6.376463e-20 5.610004e-24 2.194989e-33
[1] 6.473946e-20 5.643011e-24 2.164227e-33
[1] 6.388868e-20 5.614296e-24 4.504295e-34
[1] 6.384245e-20 5.612732e-24 4.503886e-34
[1] 6.384902e-20 5.612922e-24 5.574050e-31
[1] 6.949310e-20 5.806841e-24 2.027704e-33
[1] 6.384268e-20 5.612750e-24 4.503884e-34
[1] 6.384235e-20 5.612734e-24 7.305282e-34
[1] 6.240844e-20 5.562832e-24 8.888018e-38
[1] 6.388157e-20 5.614090e-24 4.504230e-34
[1] 6.388146e-20 5.614087e-24 4.504227e-34
[1] 6.388137e-20 5.614083e-24 4.504223e-34
[1] 6.388124e-20 5.614079e-24 4.504220e-34
[1] 6.388114e-20 5.614075e-24 4.504216e-34
[1] 6.388104e-20 5.614072e-24 4.504212e-34
[1] 6.388092e-20 5.614067e-24 4.504209e-34
[1] 6.388082e-20 5.614064e-24 4.504205e-34
[1] 6.782201e-20 5.749805e-24 2.073143e-33
[1] 6.709329e-20 5.724785e-24 2.094827e-33
[1] 6.384155e-20 5.612716e-24 3.199563e-29
[1] 6.709293e-20 5.724773e-24 2.094902e-33
[1] 6.390368e-20 5.614792e-24 7.307596e-34
[1] 6.384639e-20 5.612827e-24 8.967071e-35
[1] 6.388625e-20 5.614210e-24 4.262582e-36
[1] 6.387946e-20 5.614011e-24 3.199468e-29
[1] 6.388606e-20 5.614203e-24 8.901680e-38
[1] 6.384031e-20 5.612664e-24 2.190849e-33
[1] 6.387922e-20 5.614002e-24 2.030572e-47
[1] 6.240939e-20 5.562878e-24 8.392890e-38
[1] 6.384562e-20 5.612798e-24 8.412087e-38
[1] 6.387268e-20 5.613550e-24 4.457509e-34
[1] 6.387851e-20 5.613954e-24 4.455843e-34
[1] 6.390872e-20 5.614962e-24 2.192882e-33
[1] 6.721064e-20 5.728993e-24 2.090988e-33
[1] 6.804578e-20 5.757345e-24 2.068876e-33
Algorithm did not converge after  500  iterations.
[1] 6.009495e-20 2.876550e-19 4.505034e-30
Algorithm converged after  6  iterations.
[1] 6.009495e-20 2.668455e-24 5.475899e-24
Algorithm converged after  6  iterations.
[1] 6.009495e-20 2.668455e-24 2.876550e-19
Algorithm converged after  7  iterations.
[1] 6.009495e-20 5.475899e-24 2.876550e-19
Algorithm converged after  6  iterations.
[1] 6.009495e-20 2.668455e-24 1.692971e-31 5.475899e-24
[1] 6.916227e-20 3.170682e-24 1.675024e-31 5.796085e-24
[1] 6.913743e-20 3.167594e-24 1.675939e-31 5.794765e-24
[1] 7.070620e-20 3.250288e-24 1.672509e-31 5.847173e-24
[1] 7.294679e-20 3.365791e-24 1.671190e-31 5.920604e-24
[1] 7.381391e-20 3.403505e-24 1.672581e-31 5.947042e-24
[1] 6.909085e-20 3.166050e-24 2.465873e-46 5.793517e-24
[1] 6.908459e-20 3.166416e-24 1.674940e-31 5.793510e-24
Algorithm converged after  71  iterations.
[1] 6.009495e-20 2.668455e-24 1.692971e-31 2.876550e-19
[1] 7.082179e-20 3.259522e-24 1.672371e-31 3.317654e-19
[1] 7.081347e-20 3.259134e-24 1.672167e-31 3.317536e-19
[1] 6.597391e-20 2.969263e-24 9.985455e-37 3.123545e-19
[1] 6.748369e-20 3.074111e-24 9.589958e-58 3.183155e-19
[1] 6.667010e-20 3.030744e-24 5.204954e-55 3.149937e-19
[1] 6.799779e-20 3.103416e-24 9.869623e-37 3.204170e-19
[1] 6.791879e-20 3.099588e-24 9.763188e-37 3.200942e-19
[1] 6.669878e-20 3.034806e-24 1.678961e-31 3.151245e-19
[1] 6.827632e-20 3.119262e-24 1.676214e-31 3.215708e-19
[1] 6.639947e-20 3.016814e-24 2.609836e-55 3.139161e-19
[1] 7.005175e-20 3.213647e-24 1.674889e-31 3.288306e-19
[1] 7.031074e-20 3.228677e-24 1.674126e-31 3.298961e-19
[1] 6.821482e-20 3.115239e-24 2.625389e-55 3.213670e-19
[1] 6.798695e-20 3.104273e-24 1.676363e-31 3.204139e-19
[1] 6.652491e-20 3.025040e-24 4.274466e-41 3.144756e-19
[1] 6.748237e-20 3.075107e-24 7.374071e-51 3.184064e-19
[1] 6.790586e-20 3.099587e-24 9.866933e-37 3.201404e-19
[1] 6.651927e-20 3.025768e-24 8.010868e-42 3.144730e-19
[1] 6.670289e-20 3.036049e-24 9.844024e-37 3.152328e-19
[1] 7.094866e-20 3.269184e-24 1.671355e-31 3.325131e-19
[1] 7.072271e-20 3.257044e-24 1.671524e-31 3.316055e-19
[1] 6.651502e-20 3.025488e-24 3.574735e-47 3.144871e-19
[1] 6.731459e-20 3.064176e-24 8.809587e-47 3.177931e-19
[1] 6.910588e-20 3.164407e-24 1.675186e-31 3.250854e-19
[1] 6.651692e-20 3.026148e-24 9.737193e-37 3.145218e-19
[1] 6.607148e-20 2.997442e-24 7.408763e-38 3.127418e-19
[1] 6.660585e-20 3.028293e-24 5.299260e-38 3.149004e-19
[1] 6.664062e-20 3.031060e-24 1.828655e-45 3.150488e-19
[1] 6.886298e-20 3.150451e-24 1.675862e-31 3.241445e-19
[1] 6.664697e-20 3.031572e-24 1.680170e-31 3.150889e-19
[1] 6.670516e-20 3.037114e-24 1.070989e-37 3.153278e-19
[1] 6.931097e-20 3.176132e-24 1.674740e-31 3.259759e-19
[1] 6.791630e-20 3.102018e-24 1.675865e-31 3.202768e-19
[1] 6.658975e-20 3.029439e-24 1.261563e-48 3.148748e-19
[1] 6.786719e-20 3.098331e-24 1.676333e-31 3.201180e-19
[1] 6.818927e-20 3.115884e-24 1.675938e-31 3.214420e-19
[1] 7.072956e-20 3.258958e-24 1.671002e-31 3.317589e-19
[1] 6.664647e-20 3.032326e-24 9.729932e-37 3.151461e-19
[1] 6.746673e-20 3.076095e-24 9.907937e-37 3.185192e-19
[1] 6.791404e-20 3.102358e-24 9.935007e-37 3.203276e-19
[1] 6.909366e-20 3.165350e-24 1.674658e-31 3.251701e-19
[1] 6.670623e-20 3.038325e-24 3.690620e-52 3.154193e-19
[1] 6.665078e-20 3.033039e-24 9.757067e-37 3.152085e-19
[1] 6.659484e-20 3.030745e-24 2.860607e-68 3.149836e-19
[1] 6.581582e-20 2.984868e-24 5.842923e-40 3.118402e-19
[1] 6.665230e-20 3.033380e-24 9.906755e-37 3.152305e-19
[1] 6.660325e-20 3.031029e-24 7.696699e-48 3.150358e-19
[1] 6.670907e-20 3.039011e-24 2.406480e-46 3.154699e-19
[1] 6.656510e-20 3.029023e-24 1.283923e-48 3.148970e-19
Algorithm did not converge after  500  iterations.
[1] 6.009495e-20 2.668455e-24 5.475899e-24 4.462972e-34
Algorithm converged after  7  iterations.
[1] 6.009495e-20 2.668455e-24 2.876550e-19 4.505034e-30
Algorithm converged after  7  iterations.
[1] 6.009495e-20 5.475899e-24 4.462972e-34 2.876550e-19
Algorithm converged after  7  iterations.
[1] 6.009495e-20 5.475899e-24 2.876550e-19 4.505034e-30
Algorithm converged after  7  iterations.
[1] 6.009495e-20 2.668455e-24 5.475899e-24 2.876550e-19
Algorithm converged after  7  iterations.
[1] 6.009495e-20 2.500144e-63
Algorithm converged after  2  iterations.
[1] 6.009495e-20 2.500144e-63 2.955861e-24
Algorithm converged after  9  iterations.
[1] 6.009495e-20 2.500144e-63 5.287973e-24
[1] 6.689169e-20 1.289421e-27 5.857301e-24
[1] 6.689237e-20 1.289288e-27 5.857291e-24
[1] 6.683592e-20 1.346751e-27 5.875185e-24
[1] 6.754233e-20 1.368509e-27 5.897164e-24
[1] 6.685840e-20 6.106102e-25 6.156523e-24
[1] 6.694776e-20 1.445001e-27 5.730668e-24
[1] 6.690360e-20 5.926625e-25 6.132921e-24
[1] 6.703261e-20 1.330081e-27 5.885529e-24
[1] 6.703141e-20 1.328308e-27 5.885004e-24
[1] 6.693816e-20 1.341928e-27 5.873862e-24
[1] 6.693832e-20 1.268229e-30 5.809058e-24
[1] 6.693900e-20 1.284164e-27 5.833212e-24
[1] 6.686310e-20 4.652944e-32 5.709345e-24
[1] 6.693286e-20 6.243861e-25 6.177687e-24
[1] 6.686274e-20 1.443680e-27 5.727630e-24
Algorithm converged after  151  iterations.
[1] 6.009495e-20 2.500144e-63 2.947680e-19
Algorithm converged after  6  iterations.
[1] 6.009495e-20 2.500144e-63 2.955861e-24 1.706461e-31
[1] 6.231279e-20 2.280734e-28 2.828077e-24 8.134887e-34
[1] 6.331826e-20 7.969267e-60 4.283066e-24 1.752782e-31
[1] 6.372916e-20 4.872719e-40 3.941368e-24 1.686827e-31
[1] 6.347523e-20 4.924249e-43 2.939643e-24 9.862468e-37
[1] 6.203312e-20 2.502048e-28 3.651601e-24 1.749291e-31
[1] 6.254636e-20 4.105142e-46 3.347774e-24 1.724780e-31
[1] 6.726273e-20 7.375020e-25 5.048152e-24 4.418616e-35
[1] 6.469505e-20 8.246281e-25 5.036462e-24 1.873342e-36
[1] 6.217781e-20 2.445647e-28 3.280173e-24 1.014728e-33
[1] 6.848419e-20 1.690215e-25 4.840087e-24 1.125586e-36
[1] 6.195108e-20 2.589025e-28 3.780704e-24 2.162850e-47
[1] 6.603278e-20 1.332794e-27 2.747417e-24 1.696792e-33
[1] 6.249930e-20 2.301842e-28 3.468836e-24 4.354200e-46
[1] 6.210410e-20 2.452953e-28 3.678870e-24 2.942546e-62
[1] 6.576317e-20 1.064460e-27 2.851368e-24 2.057617e-33
[1] 6.432153e-20 1.620234e-41 3.254999e-24 1.456489e-45
[1] 6.173352e-20 3.403226e-28 4.270378e-24 3.477923e-33
[1] 6.425918e-20 9.169165e-25 5.104917e-24 1.947173e-36
[1] 6.220384e-20 2.476313e-28 3.283956e-24 1.008318e-33
[1] 6.250904e-20 2.692866e-28 3.804501e-24 1.780674e-31
[1] 6.543316e-20 2.881307e-28 4.044479e-24 1.341712e-31
[1] 6.388995e-20 5.765497e-28 4.425664e-24 1.227843e-31
[1] 6.419613e-20 2.813335e-28 3.923268e-24 1.142183e-31
[1] 6.852570e-20 9.534058e-44 3.433029e-24 2.866618e-38
[1] 6.394498e-20 8.230928e-25 4.957206e-24 1.959718e-36
[1] 6.241350e-20 2.330346e-28 3.585873e-24 1.739952e-31
[1] 6.188604e-20 2.496879e-28 3.694431e-24 1.754135e-31
[1] 6.191126e-20 2.499748e-28 3.662194e-24 2.946300e-55
[1] 6.317816e-20 9.428136e-48 3.577091e-24 1.760765e-31
[1] 6.615322e-20 5.124932e-37 3.172585e-24 1.727800e-31
[1] 6.317635e-20 3.013265e-32 2.903528e-24 4.773765e-36
[1] 6.316558e-20 3.698902e-32 2.908783e-24 1.604251e-31
[1] 6.744173e-20 1.472453e-27 2.856596e-24 2.038996e-33
Algorithm converged after  337  iterations.
[1] 6.009495e-20 2.500144e-63 5.287973e-24 5.543285e-33
[1] 6.986150e-20 7.776109e-50 6.090107e-24 4.031131e-36
[1] 7.264316e-20 6.506660e-25 6.268340e-24 1.126220e-36
[1] 7.017011e-20 1.933741e-27 5.976780e-24 1.852601e-49
[1] 6.236794e-20 1.249462e-27 5.668827e-24 1.150842e-32
[1] 6.805996e-20 5.615903e-25 6.066601e-24 9.442188e-38
[1] 6.241009e-20 1.017508e-27 5.714634e-24 2.141211e-32
[1] 6.629162e-20 2.850383e-28 5.699990e-24 1.562739e-33
[1] 7.347322e-20 7.212892e-25 6.442139e-24 1.319971e-36
Algorithm converged after  83  iterations.
[1] 6.009495e-20 2.500144e-63 2.947680e-19 4.477382e-30
[1] 6.775063e-20 1.072834e-29 3.669034e-19 4.992861e-30
[1] 6.775703e-20 1.079198e-29 3.683270e-19 4.997137e-30
[1] 6.196034e-20 4.246125e-25 4.285023e-19 2.973972e-36
[1] 6.240559e-20 4.264361e-25 4.282164e-19 1.945620e-33
[1] 6.704277e-20 6.274477e-64 3.151807e-19 4.352096e-30
[1] 6.774677e-20 1.075192e-29 3.713387e-19 4.993552e-30
[1] 6.781006e-20 1.069645e-29 3.705730e-19 4.978722e-30
[1] 6.197008e-20 4.233889e-25 4.300956e-19 5.081371e-30
[1] 6.488818e-20 2.358004e-27 3.500468e-19 3.841286e-28
[1] 6.777740e-20 1.076544e-29 3.697717e-19 4.995826e-30
[1] 6.484593e-20 2.421800e-27 3.510306e-19 3.819936e-28
[1] 6.780575e-20 5.127304e-27 3.728004e-19 3.968845e-28
[1] 6.203227e-20 4.163763e-25 4.349631e-19 3.721933e-50
[1] 6.785633e-20 1.109575e-29 3.792252e-19 4.978218e-30
[1] 6.485600e-20 2.417983e-27 3.466379e-19 3.355528e-28
[1] 6.780051e-20 1.075981e-29 3.713349e-19 4.993950e-30
[1] 6.366508e-20 1.970518e-27 3.450706e-19 3.877561e-28
[1] 6.646402e-20 1.772429e-27 3.593949e-19 4.155930e-28
[1] 6.075773e-20 5.104952e-28 6.186427e-19 1.901645e-31
[1] 6.517465e-20 1.919759e-27 3.544260e-19 4.126254e-28
[1] 6.535523e-20 2.175151e-27 3.537014e-19 3.834674e-28
[1] 6.777837e-20 1.065591e-29 3.725617e-19 5.006990e-30
[1] 6.398351e-20 1.888851e-27 3.499092e-19 4.072936e-28
[1] 6.201760e-20 4.225787e-25 4.328631e-19 1.529105e-31
[1] 6.500998e-20 2.121473e-27 3.540106e-19 3.985256e-28
[1] 6.491678e-20 2.353393e-27 3.532498e-19 3.836921e-28
[1] 6.781746e-20 1.062232e-29 3.720341e-19 5.001895e-30
[1] 6.782660e-20 1.063975e-29 3.727298e-19 5.004492e-30
[1] 6.203503e-20 4.190356e-25 4.342166e-19 5.099600e-30
[1] 6.787961e-20 5.259043e-27 3.764892e-19 3.863314e-28
[1] 6.383255e-20 1.952847e-27 3.490308e-19 3.924794e-28
[1] 6.247616e-20 4.240962e-25 4.337002e-19 1.799019e-33
[1] 6.788337e-20 9.932095e-30 3.613741e-19 4.970458e-30
[1] 6.778109e-20 1.056786e-29 3.717268e-19 5.013549e-30
[1] 6.783540e-20 1.219088e-29 3.938025e-19 5.051949e-30
[1] 6.178783e-20 3.191885e-25 4.477096e-19 8.555407e-36
[1] 6.491509e-20 2.362185e-27 3.536169e-19 3.831859e-28
[1] 6.799083e-20 4.020547e-27 3.907868e-19 4.877664e-28
[1] 6.380858e-20 1.923037e-27 3.477930e-19 3.902204e-28
[1] 6.774726e-20 1.053623e-29 3.720029e-19 4.998313e-30
[1] 6.269614e-20 4.732705e-25 3.914689e-19 8.491934e-36
[1] 6.787916e-20 1.058953e-29 3.730464e-19 5.011019e-30
[1] 6.203641e-20 4.225293e-25 4.346296e-19 9.047304e-53
[1] 6.494995e-20 2.247868e-27 3.551647e-19 3.909405e-28
[1] 6.383824e-20 2.002727e-27 3.490204e-19 3.894172e-28
[1] 6.783105e-20 3.662207e-42 3.338841e-19 4.044892e-30
[1] 6.349951e-20 1.704699e-27 3.539447e-19 4.335647e-28
[1] 6.251664e-20 4.252420e-25 4.363556e-19 7.484222e-48
[1] 6.192136e-20 4.356799e-25 4.335256e-19 8.194618e-36
Algorithm did not converge after  500  iterations.
[1] 6.009495e-20 2.500144e-63 2.955861e-24 5.287973e-24
[1] 7.238510e-20 7.533619e-25 5.863405e-24 6.482651e-24
Algorithm converged after  14  iterations.
[1] 6.009495e-20 2.500144e-63 2.955861e-24 2.947680e-19
Algorithm converged after  7  iterations.
[1] 6.009495e-20 2.500144e-63 5.287973e-24 2.947680e-19
Algorithm converged after  7  iterations.
numeric(0)
Algorithm converged after  1  iterations.
[1] 3.176042e-23
Algorithm converged after  2  iterations.
[1] 1.021279e-25
Algorithm converged after  2  iterations.
[1] 2.798247e-20
Algorithm converged after  2  iterations.
[1] 3.176042e-23 8.466624e-27
Algorithm converged after  2  iterations.
[1] 1.021279e-25 6.720509e-33
Algorithm converged after  2  iterations.
[1] 2.798247e-20 4.456755e-23
Algorithm converged after  2  iterations.
[1] 3.176042e-23 1.021279e-25
Algorithm converged after  2  iterations.
[1] 3.176042e-23 2.798247e-20
Algorithm converged after  2  iterations.
[1] 1.021279e-25 2.798247e-20
Algorithm converged after  2  iterations.
[1] 3.176042e-23 8.466624e-27 1.021279e-25
Algorithm converged after  2  iterations.
[1] 3.176042e-23 8.466624e-27 2.798247e-20
Algorithm converged after  2  iterations.
[1] 3.176042e-23 1.021279e-25 6.720509e-33
Algorithm converged after  2  iterations.
[1] 3.176042e-23 2.798247e-20 4.456755e-23
Algorithm converged after  2  iterations.
[1] 1.021279e-25 6.720509e-33 2.798247e-20
Algorithm converged after  2  iterations.
[1] 1.021279e-25 2.798247e-20 4.456755e-23
Algorithm converged after  2  iterations.
[1] 3.176042e-23 1.021279e-25 2.798247e-20
Algorithm converged after  2  iterations.
[1] 3.176042e-23 8.466624e-27 1.021279e-25 6.720509e-33
Algorithm converged after  2  iterations.
[1] 3.176042e-23 8.466624e-27 2.798247e-20 4.456755e-23
Algorithm converged after  2  iterations.
[1] 1.021279e-25 6.720509e-33 2.798247e-20 4.456755e-23
Algorithm converged after  2  iterations.
[1] 3.176042e-23 8.466624e-27 1.021279e-25 2.798247e-20
Algorithm converged after  2  iterations.
[1] 3.176042e-23 1.021279e-25 6.720509e-33 2.798247e-20
Algorithm converged after  2  iterations.
[1] 3.176042e-23 1.021279e-25 2.798247e-20 4.456755e-23
Algorithm converged after  2  iterations.
[1] 1.000185e-19
Algorithm converged after  2  iterations.
[1] 1.000185e-19 2.720469e-31
[1] 1.010011e-19 2.721778e-31
[1] 1.006215e-19 1.118858e-45
[1] 1.021889e-19 1.535038e-59
Algorithm converged after  36  iterations.
[1] 1.000185e-19 8.237869e-24
Algorithm converged after  5  iterations.
[1] 1.000185e-19 5.184726e-21
Algorithm converged after  6  iterations.
[1] 1.000185e-19 2.720469e-31 1.246423e-34
Algorithm converged after  4  iterations.
[1] 1.000185e-19 8.237869e-24 6.664441e-34
Algorithm converged after  6  iterations.
[1] 1.000185e-19 5.184726e-21 1.947844e-30
Algorithm converged after  5  iterations.
[1] 1.000185e-19 2.720469e-31 8.237869e-24
[1] 1.057719e-19 2.726834e-31 8.417847e-24
[1] 1.057726e-19 2.727139e-31 8.418368e-24
[1] 1.057727e-19 2.727199e-31 8.418469e-24
[1] 1.057727e-19 2.727212e-31 8.418486e-24
[1] 1.057727e-19 2.727214e-31 8.418486e-24
[1] 1.057727e-19 2.727215e-31 8.418484e-24
[1] 1.057727e-19 2.727215e-31 8.418480e-24
[1] 1.057727e-19 2.727215e-31 8.418477e-24
[1] 1.057727e-19 2.727215e-31 8.418473e-24
[1] 1.057727e-19 2.727215e-31 8.418470e-24
[1] 1.057727e-19 2.727215e-31 8.418466e-24
[1] 1.057726e-19 2.727215e-31 8.418463e-24
[1] 1.057726e-19 2.727215e-31 8.418459e-24
[1] 1.057726e-19 2.727215e-31 8.418456e-24
[1] 1.057726e-19 2.727215e-31 8.418452e-24
[1] 1.057726e-19 2.727215e-31 8.418449e-24
[1] 1.057726e-19 2.727215e-31 8.418445e-24
[1] 1.057726e-19 2.727215e-31 8.418442e-24
[1] 1.057726e-19 2.727215e-31 8.418438e-24
[1] 1.057726e-19 2.727215e-31 8.418435e-24
[1] 1.057725e-19 2.727215e-31 8.418431e-24
[1] 1.057725e-19 2.727215e-31 8.418427e-24
[1] 1.057725e-19 2.727215e-31 8.418424e-24
[1] 1.057725e-19 2.727215e-31 8.418420e-24
[1] 1.057725e-19 2.727215e-31 8.418417e-24
[1] 1.057725e-19 2.727215e-31 8.418413e-24
[1] 1.057725e-19 2.727215e-31 8.418410e-24
[1] 1.057725e-19 2.727215e-31 8.418406e-24
[1] 1.057725e-19 2.727215e-31 8.418403e-24
[1] 1.057724e-19 2.727215e-31 8.418399e-24
[1] 1.057724e-19 2.727215e-31 8.418396e-24
[1] 1.057724e-19 2.727215e-31 8.418392e-24
[1] 1.057724e-19 2.727215e-31 8.418389e-24
[1] 1.057724e-19 2.727215e-31 8.418385e-24
[1] 1.057724e-19 2.727215e-31 8.418382e-24
[1] 1.057724e-19 2.727215e-31 8.418379e-24
[1] 1.057724e-19 2.727215e-31 8.418375e-24
[1] 1.057724e-19 2.727215e-31 8.418372e-24
[1] 1.057723e-19 2.727215e-31 8.418368e-24
[1] 1.057723e-19 2.727215e-31 8.418364e-24
[1] 1.057723e-19 2.727215e-31 8.418361e-24
[1] 1.057723e-19 2.727215e-31 8.418357e-24
[1] 1.057723e-19 2.727215e-31 8.418354e-24
[1] 1.057723e-19 2.727215e-31 8.418350e-24
[1] 1.057723e-19 2.727215e-31 8.418347e-24
[1] 1.057723e-19 2.727215e-31 8.418343e-24
[1] 1.057723e-19 2.727215e-31 8.418340e-24
[1] 1.057722e-19 2.727215e-31 8.418336e-24
[1] 1.057722e-19 2.727215e-31 8.418332e-24
Algorithm did not converge after  500  iterations.
[1] 1.000185e-19 2.720469e-31 5.184726e-21
Algorithm converged after  10  iterations.
[1] 1.000185e-19 8.237869e-24 5.184726e-21
Algorithm converged after  6  iterations.
[1] 1.000185e-19 2.720469e-31 1.246423e-34 8.237869e-24
[1] 1.085818e-19 4.456465e-25 2.858815e-31 8.494583e-24
[1] 1.081796e-19 4.423426e-25 2.859790e-31 8.483298e-24
[1] 1.081796e-19 4.423417e-25 2.859791e-31 8.483297e-24
[1] 1.081795e-19 4.423408e-25 2.859791e-31 8.483295e-24
[1] 1.081795e-19 4.423399e-25 2.859791e-31 8.483293e-24
[1] 1.081795e-19 4.423390e-25 2.859792e-31 8.483291e-24
[1] 1.081795e-19 4.423381e-25 2.859792e-31 8.483290e-24
[1] 1.081795e-19 4.423372e-25 2.859792e-31 8.483288e-24
[1] 1.081795e-19 4.423363e-25 2.859792e-31 8.483286e-24
[1] 1.081795e-19 4.423354e-25 2.859793e-31 8.483284e-24
[1] 1.081795e-19 4.423345e-25 2.859793e-31 8.483282e-24
[1] 1.081795e-19 4.423336e-25 2.859793e-31 8.483281e-24
[1] 1.081794e-19 4.423327e-25 2.859793e-31 8.483279e-24
[1] 1.081794e-19 4.423319e-25 2.859794e-31 8.483277e-24
[1] 1.081794e-19 4.423310e-25 2.859794e-31 8.483275e-24
[1] 1.081794e-19 4.423301e-25 2.859794e-31 8.483274e-24
[1] 1.081794e-19 4.423292e-25 2.859794e-31 8.483272e-24
[1] 1.081794e-19 4.423283e-25 2.859795e-31 8.483270e-24
[1] 1.081794e-19 4.423274e-25 2.859795e-31 8.483268e-24
[1] 1.081794e-19 4.423265e-25 2.859795e-31 8.483267e-24
[1] 1.081794e-19 4.423256e-25 2.859796e-31 8.483265e-24
[1] 1.081794e-19 4.423247e-25 2.859796e-31 8.483263e-24
[1] 1.081793e-19 4.423238e-25 2.859796e-31 8.483261e-24
[1] 1.081793e-19 4.423229e-25 2.859796e-31 8.483259e-24
[1] 1.081793e-19 4.423220e-25 2.859797e-31 8.483258e-24
[1] 1.081793e-19 4.423211e-25 2.859797e-31 8.483256e-24
[1] 1.081793e-19 4.423202e-25 2.859797e-31 8.483254e-24
[1] 1.081793e-19 4.423193e-25 2.859797e-31 8.483252e-24
[1] 1.081793e-19 4.423184e-25 2.859798e-31 8.483251e-24
[1] 1.081793e-19 4.423175e-25 2.859798e-31 8.483249e-24
[1] 1.081793e-19 4.423166e-25 2.859798e-31 8.483247e-24
[1] 1.081792e-19 4.423157e-25 2.859798e-31 8.483245e-24
[1] 1.081792e-19 4.423148e-25 2.859799e-31 8.483244e-24
[1] 1.081792e-19 4.423139e-25 2.859799e-31 8.483242e-24
[1] 1.081792e-19 4.423130e-25 2.859799e-31 8.483240e-24
[1] 1.081792e-19 4.423122e-25 2.859799e-31 8.483238e-24
[1] 1.081792e-19 4.423113e-25 2.859800e-31 8.483236e-24
[1] 1.081792e-19 4.423104e-25 2.859800e-31 8.483235e-24
[1] 1.081792e-19 4.423095e-25 2.859800e-31 8.483233e-24
[1] 1.081792e-19 4.423086e-25 2.859801e-31 8.483231e-24
[1] 1.081792e-19 4.423077e-25 2.859801e-31 8.483229e-24
[1] 1.081791e-19 4.423068e-25 2.859801e-31 8.483228e-24
[1] 1.081791e-19 4.423059e-25 2.859801e-31 8.483226e-24
[1] 1.081791e-19 4.423050e-25 2.859802e-31 8.483224e-24
[1] 1.081791e-19 4.423041e-25 2.859802e-31 8.483222e-24
[1] 1.081791e-19 4.423032e-25 2.859802e-31 8.483221e-24
[1] 1.081791e-19 4.423023e-25 2.859802e-31 8.483219e-24
[1] 1.081791e-19 4.423014e-25 2.859803e-31 8.483217e-24
[1] 1.081791e-19 4.423005e-25 2.859803e-31 8.483215e-24
Algorithm did not converge after  500  iterations.
[1] 1.000185e-19 2.720469e-31 1.246423e-34 5.184726e-21
[1] 1.051205e-19 1.670671e-39 1.966175e-37 5.546064e-21
[1] 1.082425e-19 4.448554e-25 2.861042e-31 5.732144e-21
Algorithm converged after  26  iterations.
[1] 1.000185e-19 2.720469e-31 8.237869e-24 6.664441e-34
[1] 1.036569e-19 2.724066e-31 8.355653e-24 3.960721e-29
[1] 1.039637e-19 2.723773e-31 8.364767e-24 3.958437e-29
[1] 1.066291e-19 2.160826e-25 8.445916e-24 3.930439e-29
[1] 1.036579e-19 2.723656e-31 8.355269e-24 3.961193e-29
[1] 1.036132e-19 2.723874e-31 8.354149e-24 3.961470e-29
[1] 1.066010e-19 4.330078e-25 8.445331e-24 3.931797e-29
[1] 1.036578e-19 1.619397e-39 8.355236e-24 3.961303e-29
[1] 1.057044e-19 2.724977e-31 8.417013e-24 3.941015e-29
[1] 1.066812e-19 2.158567e-25 8.447400e-24 3.930258e-29
[1] 1.036130e-19 2.723941e-31 8.354150e-24 3.961663e-29
[1] 1.054685e-19 2.719852e-31 8.407438e-24 3.949672e-29
[1] 1.036124e-19 1.520195e-43 8.353973e-24 3.962136e-29
[1] 1.036122e-19 2.723856e-31 8.353919e-24 3.962212e-29
[1] 1.090808e-19 2.043739e-25 8.517453e-24 3.908373e-29
[1] 1.036554e-19 1.651189e-39 8.355449e-24 3.961627e-29
[1] 1.036115e-19 2.724204e-31 8.354211e-24 3.962025e-29
[1] 1.036115e-19 2.214230e-46 8.354206e-24 3.962050e-29
[1] 1.076548e-19 4.409431e-25 8.474590e-24 3.923136e-29
[1] 1.090767e-19 2.044220e-25 8.517266e-24 3.908647e-29
[1] 1.036763e-19 4.577611e-46 8.354629e-24 3.963022e-29
[1] 1.060721e-19 2.808597e-48 8.427686e-24 3.938412e-29
[1] 1.036112e-19 1.200324e-56 8.354195e-24 3.962270e-29
[1] 1.057676e-19 2.725039e-31 8.418695e-24 3.941305e-29
[1] 1.066309e-19 2.161771e-25 8.445579e-24 3.931555e-29
[1] 1.036109e-19 2.723993e-31 8.353909e-24 3.962605e-29
[1] 1.036563e-19 2.724086e-31 8.355321e-24 3.962128e-29
[1] 1.036115e-19 2.530768e-41 8.353818e-24 3.962780e-29
[1] 1.057623e-19 2.725020e-31 8.418457e-24 3.941598e-29
[1] 1.036109e-19 2.730143e-43 8.354128e-24 3.962539e-29
[1] 1.066302e-19 2.162105e-25 8.445493e-24 3.931813e-29
[1] 1.065962e-19 3.455239e-55 8.442809e-24 3.957569e-29
[1] 1.061515e-19 2.724259e-31 8.427928e-24 3.962238e-29
