myseed=8227 

Attaching package: ‘pls’

The following object is masked from ‘package:stats’:

    loadings

Loading required package: lattice
Loading required package: ggplot2
Registered S3 methods overwritten by 'ggplot2':
  method         from 
  [.quosures     rlang
  c.quosures     rlang
  print.quosures rlang

Attaching package: ‘caret’

The following object is masked from ‘package:pls’:

    R2

Loading required package: Matrix
Loading required package: foreach
Loaded glmnet 2.0-18

Parsed with column specification:
cols(
  .default = col_double()
)
See spec(...) for full column specifications.
Parsed with column specification:
cols(
  X1 = col_double()
)
Parsed with column specification:
cols(
  X1 = col_double()
)
numeric(0)
Algorithm converged after  1  iterations.
[1] 1.075748e-23
Algorithm converged after  2  iterations.
[1] 9.398366e-24
Algorithm converged after  2  iterations.
[1] 9.832446e-18
Algorithm converged after  2  iterations.
[1] 1.075748e-23 7.144555e-27
Algorithm converged after  2  iterations.
[1] 9.398366e-24 3.438968e-26
Algorithm converged after  2  iterations.
[1] 9.832446e-18 2.791557e-23
Algorithm converged after  2  iterations.
[1] 1.075748e-23 9.398366e-24
Algorithm converged after  2  iterations.
[1] 1.075748e-23 9.832446e-18
Algorithm converged after  2  iterations.
[1] 9.398366e-24 9.832446e-18
Algorithm converged after  2  iterations.
[1] 1.075748e-23 7.144555e-27 9.398366e-24
Algorithm converged after  2  iterations.
[1] 1.075748e-23 7.144555e-27 9.832446e-18
Algorithm converged after  2  iterations.
[1] 1.075748e-23 9.398366e-24 3.438968e-26
Algorithm converged after  2  iterations.
[1] 1.075748e-23 9.832446e-18 2.791557e-23
Algorithm converged after  2  iterations.
[1] 9.398366e-24 3.438968e-26 9.832446e-18
Algorithm converged after  2  iterations.
[1] 9.398366e-24 9.832446e-18 2.791557e-23
Algorithm converged after  2  iterations.
[1] 1.075748e-23 9.398366e-24 9.832446e-18
Algorithm converged after  2  iterations.
[1] 1.075748e-23 7.144555e-27 9.398366e-24 3.438968e-26
Algorithm converged after  2  iterations.
[1] 1.075748e-23 7.144555e-27 9.832446e-18 2.791557e-23
Algorithm converged after  2  iterations.
[1] 9.398366e-24 3.438968e-26 9.832446e-18 2.791557e-23
Algorithm converged after  2  iterations.
[1] 1.075748e-23 7.144555e-27 9.398366e-24 9.832446e-18
Algorithm converged after  2  iterations.
[1] 1.075748e-23 9.398366e-24 3.438968e-26 9.832446e-18
Algorithm converged after  2  iterations.
[1] 1.075748e-23 9.398366e-24 9.832446e-18 2.791557e-23
Algorithm converged after  2  iterations.
[1] 1.804511e-16
Algorithm converged after  2  iterations.
[1] 1.804511e-16 1.935471e-24
Algorithm converged after  6  iterations.
[1] 1.804511e-16 3.658866e-24
Algorithm converged after  6  iterations.
[1] 1.804511e-16 6.918751e-23
Algorithm converged after  7  iterations.
[1] 1.804511e-16 1.935471e-24 1.091635e-31
Algorithm converged after  6  iterations.
[1] 1.804511e-16 3.658866e-24 1.952470e-33
[1] 2.637939e-16 3.783436e-24 3.582364e-43
[1] 2.660101e-16 3.786750e-24 4.889517e-43
[1] 2.853825e-16 3.813523e-24 6.728129e-40
[1] 2.591622e-16 3.777682e-24 4.055491e-39
[1] 2.256877e-16 3.730710e-24 1.861321e-33
[1] 2.618111e-16 3.782083e-24 1.860555e-33
[1] 2.269471e-16 3.733573e-24 4.570376e-43
[1] 2.417127e-16 3.754932e-24 3.104123e-55
[1] 2.255126e-16 3.731727e-24 7.351894e-50
[1] 2.251450e-16 3.731316e-24 4.023180e-39
[1] 2.712756e-16 3.796867e-24 1.191707e-49
[1] 2.259615e-16 3.733471e-24 7.410463e-55
[1] 2.844592e-16 3.815429e-24 2.080719e-42
[1] 2.528089e-16 3.772116e-24 2.003247e-49
[1] 2.613732e-16 3.784578e-24 2.836851e-45
[1] 2.729783e-16 3.800999e-24 4.076435e-39
[1] 2.797907e-16 3.810652e-24 8.456182e-33
Algorithm converged after  174  iterations.
[1] 1.804511e-16 6.918751e-23 1.234717e-33
[1] 5.426134e-16 8.218003e-23 3.246009e-30
[1] 5.416568e-16 8.214748e-23 3.131519e-30
[1] 5.302207e-16 8.181970e-23 1.040005e-32
[1] 5.405730e-16 8.212492e-23 1.014233e-32
[1] 5.373755e-16 8.203817e-23 9.559560e-33
[1] 5.418882e-16 8.217215e-23 1.065017e-32
[1] 5.407694e-16 8.213882e-23 1.050364e-32
[1] 5.410291e-16 8.214641e-23 1.066008e-32
[1] 5.411434e-16 8.215026e-23 1.065748e-32
[1] 5.433064e-16 8.221926e-23 3.129748e-30
[1] 5.326932e-16 8.191629e-23 1.045849e-32
[1] 5.403116e-16 8.216809e-23 1.059001e-32
[1] 5.406688e-16 8.217864e-23 1.061110e-32
[1] 5.420221e-16 8.221884e-23 9.703480e-33
[1] 5.392115e-16 8.213557e-23 1.047706e-32
[1] 5.421440e-16 8.222272e-23 1.068219e-32
[1] 5.385342e-16 8.211561e-23 9.532300e-33
[1] 5.394443e-16 8.214250e-23 1.001690e-32
[1] 5.422344e-16 8.222519e-23 9.711555e-33
[1] 5.411393e-16 8.219257e-23 1.007046e-32
[1] 5.404612e-16 8.217270e-23 9.443033e-33
[1] 5.398502e-16 8.215442e-23 1.027620e-32
[1] 5.422304e-16 8.222554e-23 1.054928e-32
[1] 5.376876e-16 8.209055e-23 1.062342e-32
[1] 5.392000e-16 8.213532e-23 1.049865e-32
[1] 5.409161e-16 8.218739e-23 1.032201e-32
[1] 5.369664e-16 8.206949e-23 1.038344e-32
[1] 5.360639e-16 8.204277e-23 1.027048e-32
[1] 4.683218e-16 7.999436e-23 3.012481e-30
[1] 5.476741e-16 8.240799e-23 8.360097e-43
[1] 4.808934e-16 8.041621e-23 3.018709e-30
[1] 4.854156e-16 8.059535e-23 3.046685e-30
[1] 5.359736e-16 8.211856e-23 1.048863e-32
[1] 5.499404e-16 8.253128e-23 1.671619e-45
[1] 5.407107e-16 8.227571e-23 9.887479e-33
[1] 5.411068e-16 8.228659e-23 1.065432e-32
[1] 5.408323e-16 8.227821e-23 1.051768e-32
[1] 5.412874e-16 8.229267e-23 1.057321e-32
[1] 5.415383e-16 8.230009e-23 1.056495e-32
[1] 5.474013e-16 8.247200e-23 3.127068e-30
[1] 4.986189e-16 8.102584e-23 3.004155e-30
[1] 5.398503e-16 8.228141e-23 9.346442e-33
[1] 5.383488e-16 8.223691e-23 9.795015e-33
[1] 5.363441e-16 8.217777e-23 4.304015e-40
[1] 5.422157e-16 8.236343e-23 1.033957e-32
[1] 5.407138e-16 8.231858e-23 1.031435e-32
[1] 5.411938e-16 8.233284e-23 1.068494e-32
[1] 5.386614e-16 8.225783e-23 1.031463e-32
[1] 5.381982e-16 8.224430e-23 1.057416e-32
Algorithm did not converge after  500  iterations.
[1] 1.804511e-16 1.935471e-24 3.658866e-24
Algorithm converged after  7  iterations.
[1] 1.804511e-16 1.935471e-24 6.918751e-23
Algorithm converged after  8  iterations.
[1] 1.804511e-16 3.658866e-24 6.918751e-23
Algorithm converged after  8  iterations.
[1] 1.804511e-16 1.935471e-24 1.091635e-31 3.658866e-24
[1] 4.135103e-16 2.151736e-24 8.087686e-34 3.970433e-24
[1] 3.753113e-16 2.120932e-24 8.697440e-34 3.926252e-24
[1] 3.757801e-16 2.121312e-24 9.135720e-34 3.926800e-24
[1] 3.749679e-16 2.120651e-24 9.054075e-34 3.925847e-24
[1] 3.766361e-16 2.122007e-24 8.338690e-34 3.927802e-24
[1] 3.745534e-16 2.120315e-24 8.752120e-34 3.925361e-24
[1] 3.745851e-16 2.120341e-24 8.044825e-34 3.925398e-24
[1] 3.752851e-16 2.120910e-24 9.091867e-34 3.926219e-24
[1] 3.764064e-16 2.121821e-24 8.118227e-34 3.927532e-24
[1] 3.756559e-16 2.121211e-24 8.078253e-34 3.926653e-24
[1] 3.760010e-16 2.121492e-24 9.073838e-34 3.927057e-24
[1] 3.768551e-16 2.122184e-24 9.070892e-34 3.928055e-24
[1] 3.760935e-16 2.121565e-24 9.132691e-34 3.927163e-24
[1] 3.757570e-16 2.121292e-24 8.735881e-34 3.926769e-24
[1] 3.744604e-16 2.120238e-24 9.170482e-34 3.925249e-24
[1] 3.745610e-16 2.120318e-24 8.834956e-34 3.925364e-24
[1] 3.750391e-16 2.120708e-24 8.645106e-34 3.925926e-24
[1] 3.762894e-16 2.121724e-24 9.132800e-34 3.927390e-24
[1] 3.748626e-16 2.120564e-24 8.940771e-34 3.925718e-24
[1] 3.745278e-16 2.120292e-24 9.099253e-34 3.925326e-24
[1] 3.754275e-16 2.121024e-24 8.394641e-34 3.926380e-24
[1] 3.747684e-16 2.120487e-24 8.198878e-34 3.925606e-24
[1] 3.743830e-16 2.120174e-24 8.859273e-34 3.925155e-24
[1] 3.746786e-16 2.120415e-24 7.982890e-34 3.925502e-24
[1] 3.759406e-16 2.121441e-24 9.141261e-34 3.926981e-24
[1] 3.750633e-16 2.120727e-24 8.988017e-34 3.925951e-24
[1] 3.758399e-16 2.121359e-24 8.317584e-34 3.926862e-24
[1] 3.756976e-16 2.121243e-24 8.576860e-34 3.926695e-24
[1] 3.746000e-16 2.120350e-24 9.117090e-34 3.925408e-24
[1] 3.745116e-16 2.120276e-24 8.879114e-34 3.925301e-24
[1] 3.767512e-16 2.122098e-24 9.165390e-34 3.927927e-24
[1] 3.743914e-16 2.120179e-24 9.185300e-34 3.925160e-24
[1] 3.764819e-16 2.121879e-24 8.288760e-34 3.927610e-24
[1] 3.756635e-16 2.121214e-24 9.165088e-34 3.926652e-24
[1] 3.744068e-16 2.120191e-24 8.961414e-34 3.925177e-24
[1] 3.744720e-16 2.120243e-24 8.570763e-34 3.925252e-24
[1] 3.765002e-16 2.121893e-24 9.115836e-34 3.927630e-24
[1] 3.761381e-16 2.121598e-24 8.229309e-34 3.927205e-24
[1] 3.744287e-16 2.120208e-24 9.198289e-34 3.925201e-24
[1] 3.748063e-16 2.120516e-24 8.758710e-34 3.925644e-24
[1] 3.743243e-16 2.120124e-24 8.930320e-34 3.925078e-24
[1] 3.757496e-16 2.121284e-24 9.018845e-34 3.926750e-24
[1] 3.764934e-16 2.121887e-24 9.053116e-34 3.927621e-24
[1] 3.750463e-16 2.120711e-24 9.147035e-34 3.925925e-24
[1] 3.758794e-16 2.121432e-24 8.359158e-34 3.926946e-24
[1] 4.137804e-16 2.152064e-24 8.559537e-34 3.970858e-24
[1] 3.762019e-16 2.121788e-24 8.563027e-34 3.927432e-24
[1] 3.766693e-16 2.122167e-24 9.073464e-34 3.927977e-24
[1] 3.766290e-16 2.122135e-24 9.046925e-34 3.927931e-24
Algorithm did not converge after  500  iterations.
[1] 1.804511e-16 1.935471e-24 1.091635e-31 6.918751e-23
[1] 6.572950e-16 2.325890e-24 5.670776e-35 8.556519e-23
[1] 6.414944e-16 2.315356e-24 1.124334e-31 8.512521e-23
[1] 6.501321e-16 2.321138e-24 1.124820e-31 8.537096e-23
[1] 6.496235e-16 2.320492e-24 1.124660e-31 8.534965e-23
[1] 6.572531e-16 2.326227e-24 5.674443e-35 8.561188e-23
[1] 6.598011e-16 2.328030e-24 5.717230e-35 8.568867e-23
[1] 6.431867e-16 2.316764e-24 5.657120e-35 8.522065e-23
[1] 6.595354e-16 2.327869e-24 1.125396e-31 8.568644e-23
[1] 6.304539e-16 2.308216e-24 1.123623e-31 8.486852e-23
[1] 6.450118e-16 2.318135e-24 2.226686e-48 8.528618e-23
[1] 6.593791e-16 2.327869e-24 9.141092e-37 8.569442e-23
[1] 6.39973e-16 2.31485e-24 1.12421e-31 8.51511e-23
[1] 6.413967e-16 2.315865e-24 5.903709e-37 8.520453e-23
[1] 6.596744e-16 2.328281e-24 2.452512e-35 8.572677e-23
[1] 6.586396e-16 2.327673e-24 5.718023e-35 8.570336e-23
[1] 6.569039e-16 2.326428e-24 1.987642e-35 8.565497e-23
[1] 6.412697e-16 2.316019e-24 7.327191e-34 8.522005e-23
[1] 6.574713e-16 2.326941e-24 2.253484e-48 8.567965e-23
[1] 6.597542e-16 2.328524e-24 1.125407e-31 8.574941e-23
[1] 6.490232e-16 2.321037e-24 1.124625e-31 8.544279e-23
[1] 6.594532e-16 2.328360e-24 1.125380e-31 8.574940e-23
[1] 6.585967e-16 2.327861e-24 5.466067e-35 8.572906e-23
[1] 6.512487e-16 2.322756e-24 1.124816e-31 8.551814e-23
[1] 6.180618e-16 2.300610e-24 1.122997e-31 8.459077e-23
[1] 6.495178e-16 2.321788e-24 1.124758e-31 8.548230e-23
[1] 6.593057e-16 2.328394e-24 2.032224e-36 8.576118e-23
[1] 6.594949e-16 2.328540e-24 5.768159e-48 8.576928e-23
[1] 6.456106e-16 2.319275e-24 1.124539e-31 8.538382e-23
[1] 6.597874e-16 2.328813e-24 3.006558e-35 8.578475e-23
[1] 6.586520e-16 2.328113e-24 1.125339e-31 8.575812e-23
[1] 5.955161e-16 2.285520e-24 2.875485e-36 8.397075e-23
[1] 6.487884e-16 2.321211e-24 5.420153e-35 8.547558e-23
[1] 6.502681e-16 2.322577e-24 1.124826e-31 8.553431e-23
[1] 6.599386e-16 2.328840e-24 1.944768e-47 8.580010e-23
[1] 6.599108e-16 2.329087e-24 2.573593e-35 8.581175e-23
[1] 6.153440e-16 2.299031e-24 1.122827e-31 8.455322e-23
[1] 6.584617e-16 2.328202e-24 5.248057e-35 8.578069e-23
[1] 6.469046e-16 2.320208e-24 1.124534e-31 8.545072e-23
[1] 6.345311e-16 2.312120e-24 1.196824e-35 8.511193e-23
[1] 6.577228e-16 2.327790e-24 5.716008e-35 8.577074e-23
[1] 6.413869e-16 2.316894e-24 1.124326e-31 8.531434e-23
[1] 6.505028e-16 2.322990e-24 5.695192e-35 8.557244e-23
[1] 6.401209e-16 2.315989e-24 5.499885e-35 8.528121e-23
[1] 6.446107e-16 2.318929e-24 1.124423e-31 8.541054e-23
[1] 6.415659e-16 2.317137e-24 1.124337e-31 8.533466e-23
[1] 6.417266e-16 2.317227e-24 1.124326e-31 8.534064e-23
[1] 6.584434e-16 2.328520e-24 1.125328e-31 8.581777e-23
[1] 6.577290e-16 2.328033e-24 3.828366e-37 8.579963e-23
[1] 6.598150e-16 2.329466e-24 3.465783e-62 8.586401e-23
Algorithm did not converge after  500  iterations.
[1] 1.804511e-16 1.935471e-24 3.658866e-24 1.952470e-33
[1] 3.651963e-16 2.112146e-24 3.913791e-24 4.158261e-39
Algorithm converged after  15  iterations.
[1] 1.804511e-16 1.935471e-24 6.918751e-23 1.234717e-33
[1] 7.219917e-16 2.366954e-24 8.730700e-23 2.516834e-29
[1] 6.465050e-16 2.318323e-24 8.526209e-23 2.390949e-29
[1] 7.277906e-16 2.370652e-24 8.746851e-23 3.067193e-30
Algorithm converged after  33  iterations.
[1] 1.804511e-16 3.658866e-24 1.952470e-33 6.918751e-23
[1] 6.251655e-16 4.187533e-24 9.830729e-38 8.465282e-23
[1] 6.293449e-16 4.191511e-24 1.275297e-30 8.477128e-23
[1] 6.293381e-16 4.191532e-24 8.956508e-33 8.477387e-23
[1] 6.293438e-16 4.191546e-24 1.275180e-30 8.477525e-23
[1] 6.010900e-16 4.164294e-24 9.769467e-38 8.397278e-23
Algorithm converged after  57  iterations.
[1] 1.804511e-16 3.658866e-24 6.918751e-23 1.234717e-33
[1] 7.078627e-16 4.263682e-24 8.690569e-23 3.262778e-30
Algorithm converged after  16  iterations.
[1] 1.804511e-16 1.935471e-24 3.658866e-24 6.918751e-23
Algorithm converged after  8  iterations.
[1] 1.804511e-16 1.204571e-19
Algorithm converged after  2  iterations.
[1] 1.804511e-16 1.204571e-19 1.631394e-31
Algorithm converged after  5  iterations.
[1] 1.804511e-16 1.204571e-19 5.291023e-30
Algorithm converged after  4  iterations.
[1] 1.804511e-16 1.204571e-19 1.065418e-28
Algorithm converged after  5  iterations.
[1] 1.804511e-16 1.204571e-19 1.631394e-31 1.887054e-34
Algorithm converged after  6  iterations.
[1] 1.804511e-16 1.204571e-19 5.291023e-30 4.717702e-61
Algorithm converged after  9  iterations.
[1] 1.804511e-16 1.204571e-19 1.065418e-28 5.032115e-30
Algorithm converged after  7  iterations.
[1] 1.804511e-16 1.204571e-19 1.631394e-31 5.291023e-30
Algorithm converged after  5  iterations.
[1] 1.804511e-16 1.204571e-19 1.631394e-31 1.065418e-28
Algorithm converged after  6  iterations.
[1] 1.804511e-16 1.204571e-19 5.291023e-30 1.065418e-28
Algorithm converged after  5  iterations.
numeric(0)
Algorithm converged after  1  iterations.
[1] 2.639778e-23
Algorithm converged after  2  iterations.
[1] 1.575813e-25
Algorithm converged after  2  iterations.
[1] 2.000408e-18
Algorithm converged after  2  iterations.
[1] 2.639778e-23 8.480487e-26
Algorithm converged after  2  iterations.
[1] 1.575813e-25 1.459834e-32
Algorithm converged after  2  iterations.
[1] 2.000408e-18 4.478264e-23
Algorithm converged after  2  iterations.
[1] 2.639778e-23 1.575813e-25
Algorithm converged after  2  iterations.
[1] 2.639778e-23 2.000408e-18
Algorithm converged after  2  iterations.
[1] 1.575813e-25 2.000408e-18
Algorithm converged after  2  iterations.
[1] 2.639778e-23 8.480487e-26 1.575813e-25
Algorithm converged after  2  iterations.
[1] 2.639778e-23 8.480487e-26 2.000408e-18
Algorithm converged after  2  iterations.
[1] 2.639778e-23 1.575813e-25 1.459834e-32
Algorithm converged after  2  iterations.
[1] 2.639778e-23 2.000408e-18 4.478264e-23
Algorithm converged after  2  iterations.
[1] 1.575813e-25 1.459834e-32 2.000408e-18
Algorithm converged after  2  iterations.
[1] 1.575813e-25 2.000408e-18 4.478264e-23
Algorithm converged after  2  iterations.
[1] 2.639778e-23 1.575813e-25 2.000408e-18
Algorithm converged after  2  iterations.
[1] 2.639778e-23 8.480487e-26 1.575813e-25 1.459834e-32
Algorithm converged after  2  iterations.
[1] 2.639778e-23 8.480487e-26 2.000408e-18 4.478264e-23
Algorithm converged after  2  iterations.
[1] 1.575813e-25 1.459834e-32 2.000408e-18 4.478264e-23
Algorithm converged after  2  iterations.
[1] 2.639778e-23 8.480487e-26 1.575813e-25 2.000408e-18
Algorithm converged after  2  iterations.
[1] 2.639778e-23 1.575813e-25 1.459834e-32 2.000408e-18
Algorithm converged after  2  iterations.
[1] 2.639778e-23 1.575813e-25 2.000408e-18 4.478264e-23
Algorithm converged after  2  iterations.
[1] 1.395333e-16
Algorithm converged after  2  iterations.
[1] 1.395333e-16 4.613991e-24
Algorithm converged after  6  iterations.
[1] 1.395333e-16 1.785193e-24
Algorithm converged after  6  iterations.
[1] 1.395333e-16 1.113316e-22
Algorithm converged after  7  iterations.
[1] 1.395333e-16 4.613991e-24 9.347920e-35
Algorithm converged after  6  iterations.
[1] 1.395333e-16 1.785193e-24 1.942962e-43
[1] 1.792899e-16 1.828777e-24 1.277244e-33
[1] 1.788591e-16 1.828585e-24 1.210254e-39
Algorithm converged after  26  iterations.
[1] 1.395333e-16 1.113316e-22 1.634725e-29
Algorithm converged after  9  iterations.
[1] 1.395333e-16 4.613991e-24 1.785193e-24
Algorithm converged after  7  iterations.
[1] 1.395333e-16 4.613991e-24 1.113316e-22
Algorithm converged after  7  iterations.
[1] 1.395333e-16 1.785193e-24 1.113316e-22
Algorithm converged after  7  iterations.
[1] 1.395333e-16 4.613991e-24 9.347920e-35 1.785193e-24
Algorithm converged after  7  iterations.
[1] 1.395333e-16 4.613991e-24 9.347920e-35 1.113316e-22
Algorithm converged after  8  iterations.
[1] 1.395333e-16 4.613991e-24 1.785193e-24 1.942962e-43
[1] 2.678064e-16 4.967970e-24 1.912842e-24 1.777305e-33
[1] 2.973046e-16 5.037457e-24 1.937879e-24 1.225103e-45
[1] 2.677980e-16 4.968495e-24 1.913062e-24 1.776018e-33
Algorithm converged after  32  iterations.
[1] 1.395333e-16 4.613991e-24 1.113316e-22 1.634725e-29
Algorithm converged after  9  iterations.
[1] 1.395333e-16 1.785193e-24 1.942962e-43 1.113316e-22
Algorithm converged after  7  iterations.
[1] 1.395333e-16 1.785193e-24 1.113316e-22 1.634725e-29
Algorithm converged after  9  iterations.
[1] 1.395333e-16 4.613991e-24 1.785193e-24 1.113316e-22
Algorithm converged after  8  iterations.
[1] 1.395333e-16 1.675682e-19
Algorithm converged after  2  iterations.
[1] 1.395333e-16 1.675682e-19 2.648530e-31
Algorithm converged after  5  iterations.
[1] 1.395333e-16 1.675682e-19 1.975741e-29
Algorithm converged after  4  iterations.
[1] 1.395333e-16 1.675682e-19 1.165921e-28
[1] 1.722154e-16 1.725907e-19 1.175946e-28
[1] 1.722143e-16 1.725907e-19 1.175947e-28
[1] 1.722143e-16 1.725907e-19 1.175947e-28
[1] 1.722143e-16 1.725907e-19 1.175947e-28
[1] 1.722143e-16 1.725907e-19 1.175947e-28
[1] 1.722143e-16 1.725907e-19 1.175947e-28
[1] 1.722143e-16 1.725907e-19 1.175947e-28
[1] 1.722143e-16 1.725907e-19 1.175947e-28
[1] 1.722143e-16 1.725907e-19 1.175947e-28
[1] 1.722143e-16 1.725907e-19 1.175947e-28
[1] 1.722143e-16 1.725907e-19 1.175947e-28
[1] 1.722143e-16 1.725907e-19 1.175947e-28
[1] 1.722143e-16 1.725907e-19 1.175947e-28
[1] 1.722143e-16 1.725907e-19 1.175947e-28
[1] 1.722143e-16 1.725907e-19 1.175947e-28
[1] 1.722143e-16 1.725907e-19 1.175947e-28
[1] 1.722143e-16 1.725907e-19 1.175947e-28
[1] 1.722143e-16 1.725907e-19 1.175947e-28
[1] 1.722143e-16 1.725907e-19 1.175947e-28
[1] 1.722143e-16 1.725907e-19 1.175947e-28
[1] 1.722143e-16 1.725907e-19 1.175947e-28
[1] 1.722143e-16 1.725907e-19 1.175947e-28
[1] 1.722143e-16 1.725907e-19 1.175947e-28
[1] 1.722143e-16 1.725907e-19 1.175947e-28
[1] 1.722143e-16 1.725907e-19 1.175947e-28
[1] 1.722143e-16 1.725907e-19 1.175947e-28
[1] 1.722143e-16 1.725907e-19 1.175947e-28
[1] 1.722143e-16 1.725907e-19 1.175947e-28
[1] 1.722143e-16 1.725907e-19 1.175947e-28
[1] 1.722143e-16 1.725907e-19 1.175947e-28
[1] 1.722143e-16 1.725907e-19 1.175947e-28
[1] 1.722143e-16 1.725907e-19 1.175947e-28
[1] 1.722143e-16 1.725907e-19 1.175947e-28
[1] 1.722143e-16 1.725907e-19 1.175947e-28
[1] 1.722143e-16 1.725907e-19 1.175947e-28
[1] 1.722143e-16 1.725907e-19 1.175947e-28
[1] 1.722143e-16 1.725907e-19 1.175947e-28
[1] 1.722143e-16 1.725907e-19 1.175947e-28
[1] 1.722143e-16 1.725907e-19 1.175947e-28
[1] 1.722143e-16 1.725907e-19 1.175947e-28
[1] 1.722143e-16 1.725907e-19 1.175947e-28
[1] 1.722143e-16 1.725907e-19 1.175947e-28
[1] 1.722143e-16 1.725907e-19 1.175947e-28
[1] 1.722143e-16 1.725907e-19 1.175947e-28
[1] 1.722143e-16 1.725907e-19 1.175947e-28
[1] 1.722143e-16 1.725907e-19 1.175947e-28
[1] 1.722143e-16 1.725907e-19 1.175947e-28
[1] 1.722143e-16 1.725907e-19 1.175947e-28
[1] 1.722143e-16 1.725907e-19 1.175947e-28
Algorithm did not converge after  500  iterations.
[1] 1.395333e-16 1.675682e-19 2.648530e-31 5.785783e-34
Algorithm converged after  6  iterations.
[1] 1.395333e-16 1.675682e-19 1.975741e-29 1.091065e-33
[1] 1.226913e-16 1.652609e-19 2.002962e-29 1.082234e-32
[1] 1.179870e-16 1.705234e-19 1.994644e-29 1.354439e-33
[1] 1.387402e-16 1.664756e-19 1.985741e-29 1.300463e-33
[1] 1.149964e-16 1.562453e-19 2.030646e-29 4.403677e-34
Algorithm converged after  44  iterations.
[1] 1.395333e-16 1.675682e-19 1.165921e-28 4.931672e-29
Algorithm converged after  7  iterations.
[1] 1.395333e-16 1.675682e-19 2.648530e-31 1.975741e-29
Algorithm converged after  5  iterations.
[1] 1.395333e-16 1.675682e-19 2.648530e-31 1.165921e-28
[1] 2.781160e-16 1.495992e-19 2.826654e-31 2.689987e-28
Algorithm converged after  16  iterations.
[1] 1.395333e-16 1.675682e-19 1.975741e-29 1.165921e-28
[1] 1.712797e-16 1.715298e-19 1.954006e-29 1.181648e-28
[1] 1.712776e-16 1.715299e-19 1.954125e-29 1.181685e-28
[1] 1.712756e-16 1.715300e-19 1.954243e-29 1.181723e-28
[1] 1.712735e-16 1.715300e-19 1.954362e-29 1.181760e-28
[1] 1.712715e-16 1.715301e-19 1.954480e-29 1.181797e-28
[1] 1.712695e-16 1.715302e-19 1.954599e-29 1.181835e-28
[1] 1.712674e-16 1.715303e-19 1.954717e-29 1.181872e-28
[1] 1.712654e-16 1.715304e-19 1.954836e-29 1.181910e-28
[1] 1.712634e-16 1.715305e-19 1.954954e-29 1.181947e-28
[1] 1.712613e-16 1.715306e-19 1.955072e-29 1.181984e-28
[1] 1.712593e-16 1.715307e-19 1.955191e-29 1.182021e-28
[1] 1.712573e-16 1.715308e-19 1.955309e-29 1.182059e-28
[1] 1.712552e-16 1.715309e-19 1.955427e-29 1.182096e-28
[1] 1.712532e-16 1.715310e-19 1.955546e-29 1.182133e-28
[1] 1.712512e-16 1.715311e-19 1.955664e-29 1.182171e-28
[1] 1.712492e-16 1.715312e-19 1.955782e-29 1.182208e-28
[1] 1.712471e-16 1.715313e-19 1.955900e-29 1.182245e-28
[1] 1.712451e-16 1.715314e-19 1.956018e-29 1.182282e-28
[1] 1.712431e-16 1.715314e-19 1.956136e-29 1.182320e-28
[1] 1.712411e-16 1.715315e-19 1.956255e-29 1.182357e-28
[1] 1.712391e-16 1.715316e-19 1.956373e-29 1.182394e-28
[1] 1.712371e-16 1.715317e-19 1.956491e-29 1.182431e-28
[1] 1.712351e-16 1.715318e-19 1.956609e-29 1.182468e-28
[1] 1.712331e-16 1.715319e-19 1.956726e-29 1.182506e-28
[1] 1.712311e-16 1.715320e-19 1.956844e-29 1.182543e-28
[1] 1.712292e-16 1.715321e-19 1.956962e-29 1.182580e-28
[1] 1.712273e-16 1.715322e-19 1.957080e-29 1.182617e-28
[1] 1.712255e-16 1.715323e-19 1.957198e-29 1.182654e-28
[1] 1.712238e-16 1.715324e-19 1.957315e-29 1.182692e-28
[1] 1.712208e-16 1.715325e-19 1.957434e-29 1.182728e-28
[1] 1.712188e-16 1.715325e-19 1.957552e-29 1.182765e-28
[1] 1.712167e-16 1.715326e-19 1.957669e-29 1.182802e-28
[1] 1.712147e-16 1.715327e-19 1.957787e-29 1.182839e-28
[1] 1.712127e-16 1.715328e-19 1.957905e-29 1.182876e-28
[1] 1.712107e-16 1.715329e-19 1.958022e-29 1.182914e-28
[1] 1.712087e-16 1.715330e-19 1.958140e-29 1.182951e-28
[1] 1.712067e-16 1.715331e-19 1.958258e-29 1.182988e-28
[1] 1.712046e-16 1.715332e-19 1.958375e-29 1.183025e-28
[1] 1.712026e-16 1.715333e-19 1.958493e-29 1.183062e-28
[1] 1.712006e-16 1.715334e-19 1.958610e-29 1.183099e-28
[1] 1.711986e-16 1.715335e-19 1.958728e-29 1.183136e-28
[1] 1.711966e-16 1.715336e-19 1.958845e-29 1.183173e-28
[1] 1.711947e-16 1.715337e-19 1.958962e-29 1.183210e-28
[1] 1.711929e-16 1.715338e-19 1.959080e-29 1.183247e-28
[1] 1.711913e-16 1.715339e-19 1.959197e-29 1.183284e-28
[1] 1.711885e-16 1.715339e-19 1.959315e-29 1.183320e-28
[1] 1.711865e-16 1.715340e-19 1.959432e-29 1.183357e-28
[1] 1.711850e-16 1.715341e-19 1.959549e-29 1.183395e-28
[1] 1.711825e-16 1.715342e-19 1.959666e-29 1.183431e-28
Algorithm converged after  498  iterations.
numeric(0)
Algorithm converged after  1  iterations.
[1] 8.192945e-24
Algorithm converged after  2  iterations.
[1] 4.214983e-24
Algorithm converged after  2  iterations.
[1] 6.888355e-18
Algorithm converged after  2  iterations.
[1] 8.192945e-24 6.126485e-26
Algorithm converged after  2  iterations.
[1] 4.214983e-24 2.540425e-25
Algorithm converged after  2  iterations.
[1] 6.888355e-18 9.333890e-24
Algorithm converged after  2  iterations.
[1] 8.192945e-24 4.214983e-24
Algorithm converged after  2  iterations.
[1] 8.192945e-24 6.888355e-18
Algorithm converged after  2  iterations.
[1] 4.214983e-24 6.888355e-18
Algorithm converged after  2  iterations.
[1] 8.192945e-24 6.126485e-26 4.214983e-24
Algorithm converged after  2  iterations.
[1] 8.192945e-24 6.126485e-26 6.888355e-18
Algorithm converged after  2  iterations.
[1] 8.192945e-24 4.214983e-24 2.540425e-25
Algorithm converged after  2  iterations.
[1] 8.192945e-24 6.888355e-18 9.333890e-24
Algorithm converged after  2  iterations.
[1] 4.214983e-24 2.540425e-25 6.888355e-18
Algorithm converged after  2  iterations.
[1] 4.214983e-24 6.888355e-18 9.333890e-24
Algorithm converged after  2  iterations.
[1] 8.192945e-24 4.214983e-24 6.888355e-18
Algorithm converged after  2  iterations.
[1] 8.192945e-24 6.126485e-26 4.214983e-24 2.540425e-25
Algorithm converged after  2  iterations.
[1] 8.192945e-24 6.126485e-26 6.888355e-18 9.333890e-24
Algorithm converged after  2  iterations.
[1] 4.214983e-24 2.540425e-25 6.888355e-18 9.333890e-24
Algorithm converged after  2  iterations.
[1] 8.192945e-24 6.126485e-26 4.214983e-24 6.888355e-18
Algorithm converged after  2  iterations.
[1] 8.192945e-24 4.214983e-24 2.540425e-25 6.888355e-18
Algorithm converged after  2  iterations.
[1] 8.192945e-24 4.214983e-24 6.888355e-18 9.333890e-24
Algorithm converged after  2  iterations.
[1] 4.182082e-16
Algorithm converged after  2  iterations.
[1] 4.182082e-16 1.354301e-24
Algorithm converged after  6  iterations.
[1] 4.182082e-16 1.920543e-24
Algorithm converged after  6  iterations.
[1] 4.182082e-16 1.890318e-23
Algorithm converged after  6  iterations.
[1] 4.182082e-16 1.354301e-24 1.909784e-34
[1] 5.211171e-16 1.383938e-24 1.957280e-52
[1] 5.213862e-16 1.384248e-24 2.042514e-31
[1] 5.649763e-16 1.396032e-24 2.784928e-34
[1] 5.649726e-16 1.396162e-24 2.784819e-34
[1] 6.183416e-16 1.409438e-24 2.788255e-34
Algorithm converged after  56  iterations.
[1] 4.182082e-16 1.920543e-24 1.038878e-33
Algorithm converged after  5  iterations.
[1] 4.182082e-16 1.890318e-23 8.170446e-30
Algorithm converged after  8  iterations.
[1] 4.182082e-16 1.354301e-24 1.920543e-24
Algorithm converged after  7  iterations.
[1] 4.182082e-16 1.354301e-24 1.890318e-23
Algorithm converged after  7  iterations.
[1] 4.182082e-16 1.920543e-24 1.890318e-23
Algorithm converged after  7  iterations.
[1] 4.182082e-16 1.354301e-24 1.909784e-34 1.920543e-24
[1] 9.239988e-16 1.479248e-24 2.112834e-31 2.104517e-24
Algorithm converged after  18  iterations.
[1] 4.182082e-16 1.354301e-24 1.909784e-34 1.890318e-23
[1] 1.059188e-15 1.506607e-24 1.410543e-34 2.168049e-23
[1] 1.005354e-15 1.495834e-24 2.580412e-34 2.148359e-23
[1] 1.074201e-15 1.509645e-24 1.747940e-57 2.173722e-23
[1] 1.058610e-15 1.506619e-24 1.976177e-34 2.168350e-23
[1] 1.149002e-15 1.524088e-24 2.085303e-31 2.200528e-23
[1] 1.005267e-15 1.496046e-24 2.584377e-34 2.149119e-23
[1] 1.004922e-15 1.495964e-24 2.615105e-34 2.149066e-23
[1] 1.074344e-15 1.509966e-24 7.445345e-52 2.174802e-23
[1] 1.124589e-15 1.519663e-24 2.537049e-34 2.192776e-23
[1] 1.150269e-15 1.524592e-24 2.084201e-31 2.201942e-23
[1] 1.059744e-15 1.507278e-24 1.950157e-34 2.170125e-23
[1] 1.241654e-15 1.542073e-24 2.462312e-34 2.234124e-23
[1] 1.240420e-15 1.541968e-24 2.471597e-34 2.233971e-23
[1] 1.004730e-15 1.496385e-24 2.599667e-34 2.150458e-23
[1] 1.004454e-15 1.496357e-24 2.605803e-34 2.150509e-23
[1] 1.239905e-15 1.542002e-24 2.467279e-34 2.234357e-23
[1] 1.123062e-15 1.519678e-24 1.189505e-58 2.193530e-23
[1] 1.135294e-15 1.522091e-24 1.330324e-66 2.198020e-23
[1] 1.149281e-15 1.524182e-24 2.687315e-34 2.202734e-23
[1] 1.156718e-15 1.526444e-24 3.374462e-45 2.207256e-23
[1] 1.074924e-15 1.511158e-24 1.956182e-34 2.179028e-23
[1] 1.136056e-15 1.522949e-24 2.546910e-34 2.200842e-23
[1] 1.062662e-15 1.508836e-24 2.634159e-34 2.175122e-23
Algorithm converged after  234  iterations.
[1] 4.182082e-16 1.354301e-24 1.920543e-24 1.038878e-33
Algorithm converged after  6  iterations.
[1] 4.182082e-16 1.354301e-24 1.890318e-23 8.170446e-30
Algorithm converged after  9  iterations.
[1] 4.182082e-16 1.920543e-24 1.038878e-33 1.890318e-23
[1] 1.001858e-15 2.128160e-24 1.024577e-33 2.146786e-23
Algorithm converged after  20  iterations.
[1] 4.182082e-16 1.920543e-24 1.890318e-23 8.170446e-30
Algorithm converged after  8  iterations.
[1] 4.182082e-16 1.354301e-24 1.920543e-24 1.890318e-23
Algorithm converged after  8  iterations.
[1] 4.182082e-16 7.036302e-20
Algorithm converged after  2  iterations.
[1] 4.182082e-16 7.036302e-20 2.376201e-31
Algorithm converged after  5  iterations.
[1] 4.182082e-16 7.036302e-20 2.810906e-29
Algorithm converged after  4  iterations.
[1] 4.182082e-16 7.036302e-20 1.791142e-28
[1] 5.166748e-16 7.338079e-20 8.516364e-29
[1] 4.442848e-16 6.779546e-20 8.655918e-29
[1] 4.423610e-16 6.779149e-20 1.873426e-28
[1] 5.167183e-16 7.338092e-20 8.515353e-29
[1] 4.442836e-16 6.779545e-20 8.655885e-29
[1] 4.423609e-16 6.779149e-20 1.873427e-28
[1] 5.167183e-16 7.338092e-20 8.515353e-29
[1] 4.442836e-16 6.779545e-20 8.655885e-29
[1] 4.423609e-16 6.779149e-20 1.873427e-28
[1] 5.167183e-16 7.338092e-20 8.515353e-29
[1] 4.442836e-16 6.779545e-20 8.655885e-29
[1] 4.423609e-16 6.779149e-20 1.873427e-28
[1] 5.167183e-16 7.338092e-20 8.515353e-29
[1] 4.442836e-16 6.779545e-20 8.655885e-29
[1] 4.423609e-16 6.779149e-20 1.873427e-28
[1] 5.167183e-16 7.338092e-20 8.515353e-29
[1] 4.442836e-16 6.779545e-20 8.655885e-29
[1] 4.423609e-16 6.779149e-20 1.873427e-28
[1] 5.167183e-16 7.338092e-20 8.515353e-29
[1] 4.442836e-16 6.779545e-20 8.655885e-29
[1] 4.423609e-16 6.779149e-20 1.873427e-28
[1] 5.167183e-16 7.338092e-20 8.515353e-29
[1] 4.442836e-16 6.779545e-20 8.655885e-29
[1] 4.423609e-16 6.779149e-20 1.873427e-28
[1] 5.167183e-16 7.338092e-20 8.515353e-29
[1] 4.442836e-16 6.779545e-20 8.655885e-29
[1] 4.423609e-16 6.779149e-20 1.873427e-28
[1] 5.167183e-16 7.338092e-20 8.515353e-29
[1] 4.442836e-16 6.779545e-20 8.655885e-29
[1] 4.423609e-16 6.779149e-20 1.873427e-28
[1] 5.167183e-16 7.338092e-20 8.515353e-29
[1] 4.442836e-16 6.779545e-20 8.655885e-29
[1] 4.423609e-16 6.779149e-20 1.873427e-28
[1] 5.167183e-16 7.338092e-20 8.515353e-29
[1] 4.442836e-16 6.779545e-20 8.655885e-29
[1] 4.423609e-16 6.779149e-20 1.873427e-28
[1] 5.167183e-16 7.338092e-20 8.515353e-29
[1] 4.442836e-16 6.779545e-20 8.655885e-29
[1] 4.423609e-16 6.779149e-20 1.873427e-28
[1] 5.167183e-16 7.338092e-20 8.515353e-29
[1] 4.442836e-16 6.779545e-20 8.655885e-29
[1] 4.423609e-16 6.779149e-20 1.873427e-28
[1] 5.167183e-16 7.338092e-20 8.515353e-29
[1] 4.442836e-16 6.779545e-20 8.655885e-29
[1] 4.423609e-16 6.779149e-20 1.873427e-28
[1] 5.167183e-16 7.338092e-20 8.515353e-29
[1] 4.442836e-16 6.779545e-20 8.655885e-29
[1] 4.423609e-16 6.779149e-20 1.873427e-28
[1] 5.167183e-16 7.338092e-20 8.515353e-29
Algorithm did not converge after  500  iterations.
[1] 4.182082e-16 7.036302e-20 2.376201e-31 5.030022e-37
[1] 4.302046e-16 6.585676e-20 2.385615e-31 1.951874e-34
Algorithm converged after  13  iterations.
[1] 4.182082e-16 7.036302e-20 2.810906e-29 5.126266e-34
[1] 4.714581e-16 6.173546e-20 2.955507e-29 1.186383e-38
Algorithm converged after  18  iterations.
[1] 4.182082e-16 7.036302e-20 1.791142e-28 1.652913e-29
Algorithm converged after  8  iterations.
[1] 4.182082e-16 7.036302e-20 2.376201e-31 2.810906e-29
Algorithm converged after  5  iterations.
[1] 4.182082e-16 7.036302e-20 2.376201e-31 1.791142e-28
[1] 5.256914e-16 6.646189e-20 2.410759e-31 8.632658e-29
Algorithm converged after  11  iterations.
[1] 4.182082e-16 7.036302e-20 2.810906e-29 1.791142e-28
[1] 4.407780e-16 6.655504e-20 2.870326e-29 1.859242e-28
[1] 4.407908e-16 6.655502e-20 2.870709e-29 1.859050e-28
[1] 4.408037e-16 6.655499e-20 2.871092e-29 1.858859e-28
[1] 4.408165e-16 6.655497e-20 2.871475e-29 1.858668e-28
[1] 4.408293e-16 6.655495e-20 2.871857e-29 1.858476e-28
[1] 4.408421e-16 6.655493e-20 2.872239e-29 1.858285e-28
[1] 4.408550e-16 6.655491e-20 2.872622e-29 1.858094e-28
[1] 4.408678e-16 6.655489e-20 2.873004e-29 1.857903e-28
[1] 4.408806e-16 6.655487e-20 2.873386e-29 1.857713e-28
[1] 4.408934e-16 6.655484e-20 2.873768e-29 1.857522e-28
[1] 4.409062e-16 6.655482e-20 2.874149e-29 1.857332e-28
[1] 4.409190e-16 6.655480e-20 2.874531e-29 1.857142e-28
[1] 4.409318e-16 6.655478e-20 2.874912e-29 1.856951e-28
[1] 4.409445e-16 6.655476e-20 2.875294e-29 1.856761e-28
[1] 4.409573e-16 6.655474e-20 2.875675e-29 1.856572e-28
[1] 4.409701e-16 6.655472e-20 2.876056e-29 1.856382e-28
[1] 4.409828e-16 6.655469e-20 2.876437e-29 1.856192e-28
[1] 4.409956e-16 6.655467e-20 2.876818e-29 1.856003e-28
[1] 4.410084e-16 6.655465e-20 2.877198e-29 1.855813e-28
[1] 4.410211e-16 6.655463e-20 2.877579e-29 1.855624e-28
[1] 4.410338e-16 6.655461e-20 2.877959e-29 1.855435e-28
[1] 4.410466e-16 6.655459e-20 2.878339e-29 1.855246e-28
[1] 4.410593e-16 6.655457e-20 2.878720e-29 1.855057e-28
[1] 4.410720e-16 6.655454e-20 2.879100e-29 1.854868e-28
[1] 4.410847e-16 6.655452e-20 2.879480e-29 1.854680e-28
[1] 4.410974e-16 6.655450e-20 2.879859e-29 1.854491e-28
[1] 4.411101e-16 6.655448e-20 2.880239e-29 1.854303e-28
[1] 4.411228e-16 6.655446e-20 2.880618e-29 1.854115e-28
[1] 4.411356e-16 6.655444e-20 2.880998e-29 1.853927e-28
[1] 4.411482e-16 6.655442e-20 2.881377e-29 1.853739e-28
[1] 4.411609e-16 6.655440e-20 2.881756e-29 1.853551e-28
[1] 4.411736e-16 6.655438e-20 2.882135e-29 1.853364e-28
[1] 4.411864e-16 6.655435e-20 2.882514e-29 1.853176e-28
[1] 4.411989e-16 6.655433e-20 2.882893e-29 1.852989e-28
[1] 4.412115e-16 6.655431e-20 2.883271e-29 1.852801e-28
[1] 4.412242e-16 6.655429e-20 2.883650e-29 1.852614e-28
[1] 4.412368e-16 6.655427e-20 2.884028e-29 1.852427e-28
[1] 4.412495e-16 6.655425e-20 2.884407e-29 1.852240e-28
[1] 4.412621e-16 6.655423e-20 2.884785e-29 1.852054e-28
[1] 4.412747e-16 6.655421e-20 2.885163e-29 1.851867e-28
[1] 4.412873e-16 6.655419e-20 2.885540e-29 1.851681e-28
[1] 4.412999e-16 6.655416e-20 2.885918e-29 1.851494e-28
[1] 4.413126e-16 6.655414e-20 2.886296e-29 1.851308e-28
[1] 4.413252e-16 6.655412e-20 2.886673e-29 1.851122e-28
[1] 4.413377e-16 6.655410e-20 2.887051e-29 1.850936e-28
[1] 4.413503e-16 6.655408e-20 2.887428e-29 1.850750e-28
[1] 4.413629e-16 6.655406e-20 2.887805e-29 1.850564e-28
[1] 4.413755e-16 6.655404e-20 2.888182e-29 1.850379e-28
[1] 4.413881e-16 6.655402e-20 2.888559e-29 1.850193e-28
Algorithm did not converge after  500  iterations.
numeric(0)
Algorithm converged after  1  iterations.
[1] 3.187459e-24
Algorithm converged after  2  iterations.
[1] 1.056993e-23
Algorithm converged after  2  iterations.
[1] 1.436759e-18
Algorithm converged after  2  iterations.
[1] 3.187459e-24 1.427733e-25
Algorithm converged after  2  iterations.
[1] 1.056993e-23 1.714420e-25
Algorithm converged after  2  iterations.
[1] 1.436759e-18 2.756718e-23
Algorithm converged after  2  iterations.
[1] 3.187459e-24 1.056993e-23
Algorithm converged after  2  iterations.
[1] 3.187459e-24 1.436759e-18
Algorithm converged after  2  iterations.
[1] 1.056993e-23 1.436759e-18
Algorithm converged after  2  iterations.
[1] 3.187459e-24 1.427733e-25 1.056993e-23
Algorithm converged after  2  iterations.
[1] 3.187459e-24 1.427733e-25 1.436759e-18
Algorithm converged after  2  iterations.
[1] 3.187459e-24 1.056993e-23 1.714420e-25
Algorithm converged after  2  iterations.
[1] 3.187459e-24 1.436759e-18 2.756718e-23
Algorithm converged after  2  iterations.
[1] 1.056993e-23 1.714420e-25 1.436759e-18
Algorithm converged after  2  iterations.
[1] 1.056993e-23 1.436759e-18 2.756718e-23
Algorithm converged after  2  iterations.
[1] 3.187459e-24 1.056993e-23 1.436759e-18
Algorithm converged after  2  iterations.
[1] 3.187459e-24 1.427733e-25 1.056993e-23 1.714420e-25
Algorithm converged after  2  iterations.
[1] 3.187459e-24 1.427733e-25 1.436759e-18 2.756718e-23
Algorithm converged after  2  iterations.
[1] 1.056993e-23 1.714420e-25 1.436759e-18 2.756718e-23
Algorithm converged after  2  iterations.
[1] 3.187459e-24 1.427733e-25 1.056993e-23 1.436759e-18
Algorithm converged after  2  iterations.
[1] 3.187459e-24 1.056993e-23 1.714420e-25 1.436759e-18
Algorithm converged after  2  iterations.
[1] 3.187459e-24 1.056993e-23 1.436759e-18 2.756718e-23
Algorithm converged after  2  iterations.
[1] 1.963607e-16
Algorithm converged after  2  iterations.
[1] 1.963607e-16 2.641889e-24
Algorithm converged after  6  iterations.
[1] 1.963607e-16 8.461931e-25
Algorithm converged after  5  iterations.
[1] 1.963607e-16 5.422511e-23
Algorithm converged after  6  iterations.
[1] 1.963607e-16 2.641889e-24 1.329799e-31
Algorithm converged after  8  iterations.
[1] 1.963607e-16 8.461931e-25 2.085673e-39
Algorithm converged after  10  iterations.
[1] 1.963607e-16 5.422511e-23 7.299007e-30
Algorithm converged after  8  iterations.
[1] 1.963607e-16 2.641889e-24 8.461931e-25
Algorithm converged after  6  iterations.
[1] 1.963607e-16 2.641889e-24 5.422511e-23
Algorithm converged after  7  iterations.
[1] 1.963607e-16 8.461931e-25 5.422511e-23
Algorithm converged after  7  iterations.
[1] 1.963607e-16 2.641889e-24 1.329799e-31 8.461931e-25
[1] 3.111892e-16 2.805192e-24 8.925860e-35 8.869549e-25
Algorithm converged after  18  iterations.
[1] 1.963607e-16 2.641889e-24 1.329799e-31 5.422511e-23
[1] 5.392266e-16 3.064826e-24 4.155409e-35 6.208133e-23
Algorithm converged after  16  iterations.
[1] 1.963607e-16 2.641889e-24 8.461931e-25 2.085673e-39
[1] 3.225375e-16 2.819595e-24 8.905901e-25 2.153188e-39
[1] 3.523600e-16 2.856858e-24 8.998659e-25 3.670020e-33
[1] 3.729373e-16 2.882083e-24 9.060865e-25 3.655395e-33
Algorithm converged after  38  iterations.
[1] 1.963607e-16 2.641889e-24 5.422511e-23 7.299007e-30
Algorithm converged after  9  iterations.
[1] 1.963607e-16 8.461931e-25 2.085673e-39 5.422511e-23
[1] 5.493583e-16 9.539469e-25 2.276793e-39 6.227650e-23
[1] 4.969031e-16 9.403727e-25 3.692141e-33 6.126643e-23
[1] 4.619538e-16 9.311955e-25 1.943727e-42 6.058218e-23
[1] 4.943425e-16 9.397506e-25 1.225061e-49 6.122489e-23
[1] 5.441072e-16 9.526900e-25 2.274190e-39 6.219316e-23
[1] 5.443677e-16 9.527861e-25 2.084090e-39 6.220333e-23
[1] 5.292997e-16 9.489681e-25 1.295185e-49 6.191964e-23
[1] 5.264566e-16 9.482516e-25 2.264540e-39 6.187280e-23
[1] 5.484299e-16 9.538332e-25 3.572905e-33 6.228959e-23
[1] 5.474840e-16 9.536104e-25 2.276004e-39 6.227556e-23
[1] 5.418659e-16 9.522232e-25 3.649288e-31 6.217685e-23
[1] 5.495966e-16 9.541708e-25 2.277041e-39 6.232307e-23
[1] 5.497550e-16 9.542180e-25 2.277325e-39 6.232743e-23
Algorithm converged after  133  iterations.
[1] 1.963607e-16 8.461931e-25 5.422511e-23 7.299007e-30
Algorithm converged after  8  iterations.
[1] 1.963607e-16 2.641889e-24 8.461931e-25 5.422511e-23
Algorithm converged after  7  iterations.
[1] 1.963607e-16 1.090837e-19
Algorithm converged after  2  iterations.
[1] 1.963607e-16 1.090837e-19 1.975125e-31
Algorithm converged after  5  iterations.
[1] 1.963607e-16 1.090837e-19 3.700522e-31
Algorithm converged after  4  iterations.
[1] 1.963607e-16 1.090837e-19 5.659915e-32
Algorithm converged after  7  iterations.
[1] 1.963607e-16 1.090837e-19 1.975125e-31 8.565769e-35
Algorithm converged after  6  iterations.
[1] 1.963607e-16 1.090837e-19 3.700522e-31 3.428207e-39
Algorithm converged after  9  iterations.
[1] 1.963607e-16 1.090837e-19 5.659915e-32 1.231353e-37
Algorithm converged after  8  iterations.
[1] 1.963607e-16 1.090837e-19 1.975125e-31 3.700522e-31
Algorithm converged after  5  iterations.
[1] 1.963607e-16 1.090837e-19 1.975125e-31 5.659915e-32
[1] 2.584325e-16 9.541728e-20 2.058265e-31 5.094029e-29
Algorithm converged after  12  iterations.
[1] 1.963607e-16 1.090837e-19 3.700522e-31 5.659915e-32
[1] 3.721596e-16 1.084387e-19 3.477058e-31 1.370431e-29
Algorithm converged after  14  iterations.
numeric(0)
Algorithm converged after  1  iterations.
[1] 7.468656e-24
Algorithm converged after  2  iterations.
[1] 3.455556e-24
Algorithm converged after  2  iterations.
[1] 3.674489e-19
Algorithm converged after  2  iterations.
