myseed=8770 

Attaching package: ‘pls’

The following object is masked from ‘package:stats’:

    loadings

Loading required package: lattice
Loading required package: ggplot2
Registered S3 methods overwritten by 'ggplot2':
  method         from 
  [.quosures     rlang
  c.quosures     rlang
  print.quosures rlang

Attaching package: ‘caret’

The following object is masked from ‘package:pls’:

    R2

Loading required package: Matrix
Loading required package: foreach
Loaded glmnet 2.0-18

Parsed with column specification:
cols(
  .default = col_double()
)
See spec(...) for full column specifications.
Parsed with column specification:
cols(
  X1 = col_double()
)
Parsed with column specification:
cols(
  X1 = col_double()
)
numeric(0)
Algorithm converged after  1  iterations.
[1] 5.161012e-24
Algorithm converged after  2  iterations.
[1] 9.377081e-25
Algorithm converged after  2  iterations.
[1] 5.110933e-18
Algorithm converged after  2  iterations.
[1] 5.161012e-24 2.137765e-26
Algorithm converged after  2  iterations.
[1] 9.377081e-25 7.748877e-26
Algorithm converged after  2  iterations.
[1] 5.110933e-18 3.328965e-23
Algorithm converged after  2  iterations.
[1] 5.161012e-24 9.377081e-25
Algorithm converged after  2  iterations.
[1] 5.161012e-24 5.110933e-18
Algorithm converged after  2  iterations.
[1] 9.377081e-25 5.110933e-18
Algorithm converged after  2  iterations.
[1] 5.161012e-24 2.137765e-26 9.377081e-25
Algorithm converged after  2  iterations.
[1] 5.161012e-24 2.137765e-26 5.110933e-18
Algorithm converged after  2  iterations.
[1] 5.161012e-24 9.377081e-25 7.748877e-26
Algorithm converged after  2  iterations.
[1] 5.161012e-24 5.110933e-18 3.328965e-23
Algorithm converged after  2  iterations.
[1] 9.377081e-25 7.748877e-26 5.110933e-18
Algorithm converged after  2  iterations.
[1] 9.377081e-25 5.110933e-18 3.328965e-23
Algorithm converged after  2  iterations.
[1] 5.161012e-24 9.377081e-25 5.110933e-18
Algorithm converged after  2  iterations.
[1] 5.161012e-24 2.137765e-26 9.377081e-25 7.748877e-26
Algorithm converged after  2  iterations.
[1] 5.161012e-24 2.137765e-26 5.110933e-18 3.328965e-23
Algorithm converged after  2  iterations.
[1] 9.377081e-25 7.748877e-26 5.110933e-18 3.328965e-23
Algorithm converged after  2  iterations.
[1] 5.161012e-24 2.137765e-26 9.377081e-25 5.110933e-18
Algorithm converged after  2  iterations.
[1] 5.161012e-24 9.377081e-25 7.748877e-26 5.110933e-18
Algorithm converged after  2  iterations.
[1] 5.161012e-24 9.377081e-25 5.110933e-18 3.328965e-23
Algorithm converged after  2  iterations.
[1] 2.453073e-16
Algorithm converged after  2  iterations.
[1] 2.453073e-16 4.046085e-25
Algorithm converged after  6  iterations.
[1] 2.453073e-16 2.170051e-24
Algorithm converged after  5  iterations.
[1] 2.453073e-16 9.945883e-23
Algorithm converged after  6  iterations.
[1] 2.453073e-16 4.046085e-25 3.104677e-31
Algorithm converged after  6  iterations.
[1] 2.453073e-16 2.170051e-24 7.539445e-33
[1] 2.873499e-16 2.199714e-24 2.469223e-33
[1] 2.878482e-16 2.200181e-24 9.267369e-43
[1] 2.865260e-16 2.199477e-24 3.761724e-54
[1] 2.973623e-16 2.206519e-24 4.693323e-44
[1] 3.300068e-16 2.227773e-24 7.547741e-33
[1] 3.300035e-16 2.228490e-24 3.339304e-69
[1] 3.337643e-16 2.231562e-24 1.210454e-41
[1] 3.181063e-16 2.221470e-24 4.830300e-44
[1] 2.864098e-16 2.200876e-24 2.853329e-33
[1] 2.877016e-16 2.202029e-24 2.764129e-33
[1] 2.866859e-16 2.201401e-24 4.671576e-34
[1] 2.871340e-16 2.201909e-24 2.779413e-33
[1] 3.177290e-16 2.221897e-24 2.481847e-33
[1] 3.288659e-16 2.229172e-24 2.486331e-33
[1] 2.873703e-16 2.202483e-24 2.442998e-33
[1] 2.867686e-16 2.202022e-24 2.513047e-33
[1] 3.237710e-16 2.226102e-24 7.584796e-33
[1] 2.858959e-16 2.201681e-24 3.285594e-47
[1] 3.319102e-16 2.231604e-24 1.620201e-39
[1] 2.866644e-16 2.202369e-24 2.512591e-33
[1] 2.864316e-16 2.202350e-24 1.033488e-46
[1] 2.995413e-16 2.211066e-24 7.551671e-33
[1] 3.339478e-16 2.233599e-24 2.652204e-33
[1] 3.309044e-16 2.231743e-24 2.484526e-33
[1] 2.069920e-16 2.145113e-24 2.858991e-33
[1] 3.189249e-16 2.224868e-24 2.480694e-33
[1] 3.068422e-16 2.217179e-24 4.852558e-44
[1] 3.372579e-16 2.236657e-24 7.590265e-33
[1] 3.216758e-16 2.227144e-24 2.853837e-63
[1] 3.168106e-16 2.224021e-24 6.473453e-47
[1] 3.239857e-16 2.228774e-24 1.625983e-46
[1] 3.242619e-16 2.228948e-24 9.771417e-64
[1] 3.267657e-16 2.230721e-24 5.156054e-34
[1] 3.244614e-16 2.229313e-24 2.527189e-33
[1] 3.208220e-16 2.227275e-24 2.490501e-33
[1] 2.880290e-16 2.206190e-24 2.748916e-33
[1] 2.881570e-16 2.206425e-24 3.144048e-61
[1] 3.158598e-16 2.224466e-24 2.506482e-33
[1] 2.883240e-16 2.206783e-24 2.420816e-33
[1] 3.240200e-16 2.229983e-24 7.561277e-33
[1] 2.862287e-16 2.205479e-24 2.524722e-33
[1] 2.876784e-16 2.206693e-24 2.456962e-33
[1] 2.861192e-16 2.205654e-24 2.318464e-47
[1] 2.867636e-16 2.206327e-24 7.446408e-33
[1] 3.294928e-16 2.234259e-24 2.556974e-42
[1] 2.863406e-16 2.206144e-24 2.489399e-33
[1] 3.258956e-16 2.232141e-24 7.744652e-41
[1] 3.317490e-16 2.235972e-24 4.772089e-59
[1] 3.216550e-16 2.229609e-24 7.544428e-33
Algorithm did not converge after  500  iterations.
[1] 2.453073e-16 9.945883e-23 1.022014e-29
Algorithm converged after  9  iterations.
[1] 2.453073e-16 4.046085e-25 2.170051e-24
Algorithm converged after  7  iterations.
[1] 2.453073e-16 4.046085e-25 9.945883e-23
Algorithm converged after  8  iterations.
[1] 2.453073e-16 2.170051e-24 9.945883e-23
Algorithm converged after  7  iterations.
[1] 2.453073e-16 4.046085e-25 3.104677e-31 2.170051e-24
Algorithm converged after  7  iterations.
[1] 2.453073e-16 4.046085e-25 3.104677e-31 9.945883e-23
Algorithm converged after  8  iterations.
[1] 2.453073e-16 4.046085e-25 2.170051e-24 7.539445e-33
[1] 5.244917e-16 4.471732e-25 2.338687e-24 7.616848e-33
[1] 5.299170e-16 4.479764e-25 2.341776e-24 2.735422e-33
[1] 5.173879e-16 4.463521e-25 2.334966e-24 4.451053e-44
[1] 5.113322e-16 4.455960e-25 2.331928e-24 1.063520e-44
[1] 4.686668e-16 4.399784e-25 2.309591e-24 2.387799e-44
[1] 4.672728e-16 4.402544e-25 2.309166e-24 3.436437e-42
[1] 5.244212e-16 4.479933e-25 2.339539e-24 2.557854e-33
[1] 4.661004e-16 4.402215e-25 2.308750e-24 2.577777e-33
[1] 5.413102e-16 4.503059e-25 2.348389e-24 7.609494e-33
[1] 4.686797e-16 4.406953e-25 2.310333e-24 2.558664e-33
[1] 4.679925e-16 4.406139e-25 2.309889e-24 7.553441e-33
[1] 5.235285e-16 4.481324e-25 2.339261e-24 2.830138e-33
[1] 5.270231e-16 4.499679e-25 2.342365e-24 2.573932e-33
[1] 5.258132e-16 4.498719e-25 2.341835e-24 1.066533e-44
[1] 5.367173e-16 4.513483e-25 2.347579e-24 7.594741e-33
[1] 4.677113e-16 4.421737e-25 2.311204e-24 2.602861e-33
[1] 4.652012e-16 4.418917e-25 2.309910e-24 2.621491e-33
[1] 4.652497e-16 4.419503e-25 2.310020e-24 2.616054e-33
[1] 4.674066e-16 4.423129e-25 2.311252e-24 4.605834e-44
[1] 5.133315e-16 4.485692e-25 2.335563e-24 1.674317e-41
[1] 4.680392e-16 4.425065e-25 2.311734e-24 4.522877e-42
[1] 5.282738e-16 4.507417e-25 2.344058e-24 1.709831e-39
[1] 5.054957e-16 4.477280e-25 2.331882e-24 7.596448e-33
[1] 4.685417e-16 4.427817e-25 2.312336e-24 4.502794e-38
[1] 5.347571e-16 4.517658e-25 2.347551e-24 1.058130e-44
[1] 4.675862e-16 4.427559e-25 2.311879e-24 2.607869e-33
[1] 5.164628e-16 4.494551e-25 2.337860e-24 4.549981e-44
[1] 5.298910e-16 4.513606e-25 2.345241e-24 2.546249e-33
[1] 5.301793e-16 4.514837e-25 2.345496e-24 2.537721e-46
[1] 4.675509e-16 4.430644e-25 2.312238e-24 2.186084e-44
[1] 5.271525e-16 4.512257e-25 2.344149e-24 1.061136e-44
[1] 5.163307e-16 4.498005e-25 2.338222e-24 1.776931e-39
[1] 5.283083e-16 4.518648e-25 2.345373e-24 3.681091e-42
[1] 5.193973e-16 4.506711e-25 2.340193e-24 1.076502e-44
[1] 4.685538e-16 4.438793e-25 2.313528e-24 1.723325e-39
[1] 5.278442e-16 4.520129e-25 2.345263e-24 3.410037e-40
[1] 5.301852e-16 4.523763e-25 2.346449e-24 2.547592e-33
[1] 5.341063e-16 4.529400e-25 2.348456e-24 2.847200e-33
[1] 4.619956e-16 4.432089e-25 2.310002e-24 1.401006e-62
[1] 5.300557e-16 4.525323e-25 2.346594e-24 1.785017e-46
[1] 5.233008e-16 4.518661e-25 2.343059e-24 7.607678e-33
[1] 5.067590e-16 4.497186e-25 2.334525e-24 2.579891e-33
[1] 4.670327e-16 4.443207e-25 2.313363e-24 2.594538e-33
[1] 5.190434e-16 4.514314e-25 2.340878e-24 1.079713e-44
[1] 5.138402e-16 4.508137e-25 2.338379e-24 2.588724e-33
[1] 5.241145e-16 4.522548e-25 2.343881e-24 4.543844e-38
[1] 5.251348e-16 4.524867e-25 2.344743e-24 2.545940e-33
[1] 5.269687e-16 4.527494e-25 2.345440e-24 2.909978e-41
[1] 4.683204e-16 4.448447e-25 2.314501e-24 1.597206e-46
Algorithm did not converge after  500  iterations.
[1] 2.453073e-16 4.046085e-25 9.945883e-23 1.022014e-29
Algorithm converged after  9  iterations.
[1] 2.453073e-16 2.170051e-24 7.539445e-33 9.945883e-23
[1] 8.939377e-16 2.508411e-24 2.138253e-47 1.209496e-22
[1] 8.321436e-16 2.482724e-24 9.096438e-66 1.193204e-22
[1] 8.935873e-16 2.508300e-24 2.539028e-33 1.209855e-22
[1] 8.787825e-16 2.502122e-24 4.860979e-63 1.206097e-22
[1] 8.267611e-16 2.480610e-24 4.456602e-37 1.192501e-22
[1] 9.133087e-16 2.516679e-24 2.501979e-33 1.215555e-22
[1] 9.086815e-16 2.515116e-24 2.340343e-33 1.214576e-22
[1] 9.032163e-16 2.512639e-24 1.371948e-61 1.213156e-22
[1] 8.274392e-16 2.481107e-24 2.605057e-33 1.193196e-22
[1] 8.283026e-16 2.481527e-24 3.874575e-34 1.193555e-22
[1] 8.903884e-16 2.507587e-24 1.009779e-44 1.210256e-22
[1] 8.886105e-16 2.506757e-24 2.387777e-33 1.209867e-22
[1] 9.114886e-16 2.516181e-24 2.922942e-64 1.215979e-22
[1] 9.038250e-16 2.513074e-24 2.372605e-46 1.214117e-22
[1] 9.218557e-16 2.520372e-24 2.395525e-33 1.218896e-22
[1] 9.163053e-16 2.518459e-24 4.496014e-44 1.217683e-22
[1] 8.280380e-16 2.481761e-24 2.380753e-33 1.194380e-22
Algorithm converged after  175  iterations.
[1] 2.453073e-16 2.170051e-24 9.945883e-23 1.022014e-29
Algorithm converged after  9  iterations.
[1] 2.453073e-16 4.046085e-25 2.170051e-24 9.945883e-23
Algorithm converged after  8  iterations.
[1] 2.453073e-16 7.389953e-20
Algorithm converged after  2  iterations.
[1] 2.453073e-16 7.389953e-20 3.686677e-31
Algorithm converged after  5  iterations.
[1] 2.453073e-16 7.389953e-20 2.198880e-33
[1] 2.165564e-16 7.095854e-20 1.798479e-39
[1] 2.399867e-16 7.629730e-20 2.276795e-33
[1] 2.383723e-16 7.302718e-20 1.193775e-44
[1] 2.382777e-16 7.303854e-20 1.195224e-44
[1] 2.392843e-16 7.631679e-20 2.294965e-33
[1] 2.379610e-16 7.303433e-20 1.262062e-36
[1] 2.444364e-16 7.453024e-20 1.195757e-44
[1] 2.443925e-16 7.454297e-20 1.007218e-32
[1] 2.393314e-16 7.631248e-20 1.022191e-36
[1] 2.423631e-16 7.827709e-20 2.132541e-33
[1] 2.397446e-16 7.833678e-20 1.297658e-36
[1] 2.424441e-16 7.463666e-20 1.281705e-36
[1] 2.393496e-16 7.631383e-20 2.185347e-33
[1] 2.121002e-16 7.321765e-20 1.181244e-44
[1] 2.393824e-16 7.628388e-20 1.012006e-32
[1] 2.075246e-16 7.426398e-20 3.189928e-36
[1] 2.392708e-16 7.632175e-20 1.027939e-36
[1] 2.425079e-16 7.467390e-20 1.282001e-36
[1] 2.393128e-16 7.630731e-20 1.012034e-32
[1] 2.403371e-16 7.617469e-20 1.272965e-36
[1] 2.423630e-16 7.827709e-20 1.775620e-39
[1] 2.165531e-16 7.095787e-20 5.803501e-47
[1] 2.383288e-16 7.304185e-20 2.915375e-44
[1] 2.399914e-16 7.629878e-20 2.276399e-33
[1] 2.426717e-16 7.830540e-20 2.132180e-33
[1] 2.111832e-16 7.333835e-20 1.319959e-65
[1] 2.110252e-16 7.353305e-20 1.950432e-51
[1] 2.461815e-16 7.337195e-20 2.201514e-33
[1] 2.491984e-16 6.765220e-20 2.159887e-47
[1] 2.399908e-16 7.629873e-20 1.801514e-39
[1] 2.424083e-16 7.290920e-20 1.276111e-36
[1] 2.420831e-16 7.827489e-20 2.188059e-60
[1] 2.393579e-16 7.631608e-20 2.944348e-44
[1] 2.398874e-16 7.633122e-20 1.009646e-36
[1] 2.425357e-16 7.831010e-20 1.043603e-36
[1] 2.425042e-16 7.469300e-20 1.282363e-36
[1] 2.104465e-16 7.335894e-20 1.236430e-36
[1] 2.393579e-16 7.631608e-20 2.944347e-44
[1] 2.398869e-16 7.633147e-20 8.774002e-61
[1] 2.425281e-16 7.468686e-20 1.282235e-36
[1] 2.393228e-16 7.631281e-20 1.023542e-36
[1] 2.393497e-16 7.631386e-20 2.943264e-44
[1] 2.207435e-16 7.329945e-20 1.517219e-46
[1] 2.421512e-16 7.068019e-20 1.612897e-46
[1] 2.377944e-16 7.308483e-20 1.831546e-39
[1] 2.197217e-16 7.333745e-20 7.141426e-34
[1] 2.448101e-16 7.428054e-20 2.210158e-33
[1] 2.421532e-16 7.830422e-20 6.447630e-34
[1] 2.356106e-16 7.355122e-20 1.204312e-44
Algorithm did not converge after  500  iterations.
[1] 2.453073e-16 7.389953e-20 1.386024e-28
Algorithm converged after  6  iterations.
[1] 2.453073e-16 7.389953e-20 3.686677e-31 8.455223e-35
Algorithm converged after  5  iterations.
[1] 2.453073e-16 7.389953e-20 2.198880e-33 7.219819e-34
[1] 2.028230e-16 7.018128e-20 7.716611e-55 2.518761e-38
[1] 1.841070e-16 7.264588e-20 2.694693e-44 2.458415e-38
[1] 2.339239e-16 7.353105e-20 9.816841e-37 1.299240e-52
[1] 2.554159e-16 7.211695e-20 1.256247e-36 3.829401e-30
[1] 2.352223e-16 6.990968e-20 2.949396e-44 3.446230e-34
[1] 2.358589e-16 7.293110e-20 2.329552e-33 5.904699e-33
[1] 2.356985e-16 6.992293e-20 3.382060e-52 1.646840e-43
[1] 2.026847e-16 7.022818e-20 3.734109e-30 2.378575e-33
[1] 2.350601e-16 7.324318e-20 2.111627e-47 6.419814e-47
[1] 1.994026e-16 7.591890e-20 1.176089e-44 2.240296e-47
[1] 2.330661e-16 7.736026e-20 3.482164e-40 3.397354e-38
[1] 2.368700e-16 7.860189e-20 5.719501e-30 2.425547e-33
Algorithm converged after  129  iterations.
[1] 2.453073e-16 7.389953e-20 1.386024e-28 2.249036e-29
Algorithm converged after  8  iterations.
[1] 2.453073e-16 7.389953e-20 3.686677e-31 2.198880e-33
[1] 2.737978e-16 6.638229e-20 3.712043e-31 5.418471e-37
[1] 3.029610e-16 6.645986e-20 3.719958e-31 3.989121e-30
Algorithm converged after  25  iterations.
[1] 2.453073e-16 7.389953e-20 3.686677e-31 1.386024e-28
Algorithm converged after  6  iterations.
[1] 2.453073e-16 7.389953e-20 2.198880e-33 1.386024e-28
Algorithm converged after  7  iterations.
numeric(0)
Algorithm converged after  1  iterations.
[1] 2.729778e-23
Algorithm converged after  2  iterations.
[1] 6.845132e-26
Algorithm converged after  2  iterations.
[1] 5.569844e-18
Algorithm converged after  2  iterations.
[1] 2.729778e-23 3.874387e-26
Algorithm converged after  2  iterations.
[1] 6.845132e-26 1.413574e-50
Algorithm converged after  2  iterations.
[1] 5.569844e-18 5.938564e-23
Algorithm converged after  2  iterations.
[1] 2.729778e-23 6.845132e-26
Algorithm converged after  2  iterations.
[1] 2.729778e-23 5.569844e-18
Algorithm converged after  2  iterations.
[1] 6.845132e-26 5.569844e-18
Algorithm converged after  2  iterations.
[1] 2.729778e-23 3.874387e-26 6.845132e-26
Algorithm converged after  2  iterations.
[1] 2.729778e-23 3.874387e-26 5.569844e-18
Algorithm converged after  2  iterations.
[1] 2.729778e-23 6.845132e-26 1.413574e-50
Algorithm converged after  2  iterations.
[1] 2.729778e-23 5.569844e-18 5.938564e-23
Algorithm converged after  2  iterations.
[1] 6.845132e-26 1.413574e-50 5.569844e-18
Algorithm converged after  2  iterations.
[1] 6.845132e-26 5.569844e-18 5.938564e-23
Algorithm converged after  2  iterations.
[1] 2.729778e-23 6.845132e-26 5.569844e-18
Algorithm converged after  2  iterations.
[1] 2.729778e-23 3.874387e-26 6.845132e-26 1.413574e-50
Algorithm converged after  2  iterations.
[1] 2.729778e-23 3.874387e-26 5.569844e-18 5.938564e-23
Algorithm converged after  2  iterations.
[1] 6.845132e-26 1.413574e-50 5.569844e-18 5.938564e-23
Algorithm converged after  2  iterations.
[1] 2.729778e-23 3.874387e-26 6.845132e-26 5.569844e-18
Algorithm converged after  2  iterations.
[1] 2.729778e-23 6.845132e-26 1.413574e-50 5.569844e-18
Algorithm converged after  2  iterations.
[1] 2.729778e-23 6.845132e-26 5.569844e-18 5.938564e-23
Algorithm converged after  2  iterations.
[1] 2.84749e-16
Algorithm converged after  2  iterations.
[1] 2.84749e-16 1.09972e-24
Algorithm converged after  6  iterations.
[1] 2.847490e-16 3.723452e-24
Algorithm converged after  6  iterations.
[1] 2.847490e-16 1.731636e-22
Algorithm converged after  8  iterations.
[1] 2.847490e-16 1.099720e-24 5.046562e-32
[1] 4.886375e-16 1.174517e-24 4.848733e-54
[1] 4.889743e-16 1.174707e-24 5.061010e-32
[1] 4.978327e-16 1.177986e-24 4.043652e-35
[1] 4.969193e-16 1.177876e-24 5.062990e-32
[1] 4.349850e-16 1.157048e-24 3.546889e-52
[1] 4.994085e-16 1.178904e-24 4.053042e-35
[1] 4.276873e-16 1.154819e-24 1.958265e-48
[1] 4.965346e-16 1.178368e-24 3.558600e-52
[1] 4.977439e-16 1.178817e-24 4.048226e-35
[1] 4.659620e-16 1.168322e-24 2.724404e-35
[1] 4.646416e-16 1.168000e-24 5.057912e-32
[1] 4.901430e-16 1.177092e-24 4.109488e-35
[1] 4.301726e-16 1.157034e-24 5.400493e-51
[1] 4.901280e-16 1.177459e-24 4.116959e-35
[1] 4.891881e-16 1.177308e-24 5.061125e-32
[1] 4.648729e-16 1.169299e-24 1.945636e-48
Algorithm converged after  166  iterations.
[1] 2.847490e-16 3.723452e-24 3.413728e-31
[1] 3.729335e-16 3.840401e-24 1.991193e-33
[1] 3.834926e-16 3.853366e-24 1.536918e-49
Algorithm converged after  28  iterations.
[1] 2.847490e-16 1.731636e-22 1.350511e-29
Algorithm converged after  10  iterations.
[1] 2.847490e-16 1.099720e-24 3.723452e-24
Algorithm converged after  7  iterations.
[1] 2.847490e-16 1.099720e-24 1.731636e-22
Algorithm converged after  8  iterations.
[1] 2.847490e-16 3.723452e-24 1.731636e-22
Algorithm converged after  7  iterations.
[1] 2.847490e-16 1.099720e-24 5.046562e-32 3.723452e-24
[1] 6.514794e-16 1.225486e-24 2.029303e-53 4.149842e-24
[1] 6.497182e-16 1.225170e-24 2.155606e-61 4.148327e-24
[1] 6.277050e-16 1.218696e-24 1.860710e-48 4.125919e-24
[1] 6.398142e-16 1.222704e-24 2.566880e-35 4.138652e-24
[1] 6.431259e-16 1.223740e-24 2.455630e-54 4.142054e-24
[1] 6.486743e-16 1.225765e-24 2.536331e-35 4.148356e-24
[1] 6.432183e-16 1.224028e-24 4.064598e-35 4.142449e-24
[1] 6.126084e-16 1.214960e-24 5.077778e-32 4.111427e-24
[1] 6.395424e-16 1.223120e-24 2.383118e-53 4.138933e-24
[1] 6.313137e-16 1.220790e-24 4.139142e-35 4.130687e-24
[1] 5.739070e-16 1.203591e-24 5.072853e-32 4.071865e-24
[1] 7.004955e-16 1.240960e-24 4.282703e-54 4.198919e-24
[1] 5.759104e-16 1.204500e-24 6.163538e-55 4.074426e-24
[1] 6.489790e-16 1.226632e-24 5.082262e-32 4.149650e-24
[1] 6.489945e-16 1.226722e-24 5.082064e-32 4.149725e-24
[1] 6.459627e-16 1.225915e-24 5.081504e-32 4.146812e-24
[1] 6.483218e-16 1.226631e-24 1.804651e-51 4.149211e-24
[1] 6.393282e-16 1.223879e-24 5.080588e-32 4.139764e-24
[1] 6.500273e-16 1.227307e-24 4.964962e-67 4.151058e-24
[1] 5.694478e-16 1.202890e-24 4.117998e-35 4.068170e-24
[1] 6.430240e-16 1.225194e-24 4.018290e-35 4.143843e-24
[1] 7.401563e-16 1.252975e-24 4.207026e-35 4.237919e-24
[1] 6.119281e-16 1.216166e-24 5.077574e-32 4.112457e-24
[1] 6.473322e-16 1.227074e-24 5.082584e-32 4.149207e-24
[1] 6.349869e-16 1.223196e-24 5.080127e-32 4.135933e-24
[1] 6.261940e-16 1.220771e-24 2.094423e-48 4.127358e-24
[1] 6.353486e-16 1.223481e-24 1.999713e-36 4.136507e-24
[1] 6.355039e-16 1.223589e-24 8.308501e-55 4.136737e-24
[1] 6.489124e-16 1.227986e-24 4.043752e-35 4.151208e-24
[1] 5.728625e-16 1.205027e-24 4.179225e-35 4.072946e-24
[1] 6.394626e-16 1.225213e-24 5.080417e-32 4.141412e-24
[1] 5.757661e-16 1.206153e-24 7.169444e-49 4.076314e-24
[1] 6.212604e-16 1.219925e-24 4.163022e-35 4.123072e-24
[1] 6.394480e-16 1.225511e-24 1.223708e-47 4.141743e-24
[1] 6.227095e-16 1.220575e-24 5.078827e-32 4.124806e-24
[1] 6.440570e-16 1.227004e-24 4.164428e-35 4.146398e-24
[1] 6.412375e-16 1.226258e-24 1.081228e-56 4.143730e-24
[1] 6.458984e-16 1.227968e-24 5.081449e-32 4.149220e-24
[1] 6.487865e-16 1.228886e-24 3.490211e-52 4.152251e-24
[1] 6.459369e-16 1.228158e-24 2.534033e-35 4.149468e-24
[1] 6.494870e-16 1.229274e-24 4.046291e-35 4.153005e-24
[1] 6.130571e-16 1.219805e-24 5.116600e-32 4.120514e-24
Algorithm converged after  425  iterations.
[1] 2.847490e-16 1.099720e-24 5.046562e-32 1.731636e-22
[1] 1.285545e-15 1.386808e-24 5.136709e-32 2.162890e-22
Algorithm converged after  11  iterations.
[1] 2.847490e-16 1.099720e-24 3.723452e-24 3.413728e-31
[1] 6.114623e-16 1.213324e-24 4.108339e-24 5.299504e-33
[1] 6.085939e-16 1.212723e-24 4.105817e-24 3.334599e-31
Algorithm converged after  29  iterations.
[1] 2.847490e-16 1.099720e-24 1.731636e-22 1.350511e-29
Algorithm converged after  9  iterations.
[1] 2.847490e-16 3.723452e-24 3.413728e-31 1.731636e-22
[1] 1.112057e-15 4.562587e-24 2.006519e-33 2.103049e-22
[1] 1.118597e-15 4.567898e-24 5.000803e-49 2.105470e-22
[1] 1.092936e-15 4.547110e-24 1.506484e-35 2.096651e-22
[1] 1.032567e-15 4.497445e-24 2.026138e-33 2.074994e-22
[1] 1.121145e-15 4.570064e-24 5.505447e-59 2.106810e-22
[1] 1.115360e-15 4.565357e-24 2.012391e-33 2.104987e-22
[1] 1.117655e-15 4.567731e-24 2.518824e-31 2.105990e-22
[1] 1.068080e-15 4.527673e-24 1.232354e-32 2.088648e-22
[1] 1.124238e-15 4.572894e-24 1.508017e-35 2.108701e-22
[1] 1.075554e-15 4.532660e-24 2.645794e-31 2.091502e-22
[1] 1.068563e-15 4.528547e-24 4.360831e-59 2.089488e-22
[1] 1.119721e-15 4.569511e-24 1.471811e-59 2.107697e-22
[1] 1.095386e-15 4.549758e-24 2.581121e-31 2.099238e-22
[1] 1.115583e-15 4.566285e-24 1.412213e-49 2.106643e-22
[1] 1.118503e-15 4.568650e-24 2.639305e-33 2.107801e-22
[1] 1.118357e-15 4.568547e-24 3.334921e-37 2.107808e-22
[1] 1.119701e-15 4.569796e-24 3.567899e-36 2.108375e-22
[1] 1.118354e-15 4.568700e-24 2.645694e-37 2.108040e-22
[1] 1.111565e-15 4.563895e-24 1.505480e-35 2.105870e-22
[1] 1.064449e-15 4.525416e-24 6.936566e-38 2.089141e-22
[1] 1.110665e-15 4.563473e-24 1.221996e-32 2.105944e-22
[1] 1.035064e-15 4.501541e-24 1.492732e-35 2.078838e-22
[1] 1.128119e-15 4.576618e-24 2.346023e-50 2.112061e-22
[1] 1.125387e-15 4.574671e-24 2.008677e-33 2.111311e-22
[1] 1.113720e-15 4.565523e-24 3.244132e-49 2.107691e-22
[1] 1.111961e-15 4.564656e-24 6.510043e-49 2.107283e-22
[1] 1.118694e-15 4.569539e-24 2.076487e-36 2.109699e-22
[1] 1.117805e-15 4.568890e-24 1.507109e-35 2.109495e-22
[1] 1.154435e-15 4.598575e-24 3.247927e-38 2.122563e-22
[1] 1.068211e-15 4.528984e-24 3.388198e-49 2.092169e-22
[1] 1.014106e-15 4.484734e-24 1.501877e-35 2.072767e-22
[1] 1.147186e-15 4.592940e-24 6.666063e-52 2.120583e-22
[1] 1.124811e-15 4.575025e-24 2.640325e-33 2.112905e-22
[1] 1.110420e-15 4.563452e-24 4.146944e-51 2.107898e-22
[1] 1.122171e-15 4.572908e-24 4.665503e-51 2.112224e-22
[1] 1.054492e-15 4.518031e-24 1.233118e-32 2.088221e-22
[1] 1.108773e-15 4.562041e-24 1.509495e-35 2.107754e-22
[1] 1.117774e-15 4.570045e-24 3.536507e-37 2.111167e-22
[1] 1.116292e-15 4.568412e-24 1.509427e-35 2.110683e-22
[1] 1.111985e-15 4.565306e-24 1.174829e-52 2.109320e-22
[1] 1.121527e-15 4.572893e-24 1.499977e-35 2.112792e-22
[1] 1.115880e-15 4.568445e-24 2.912570e-51 2.110882e-22
[1] 1.111780e-15 4.565841e-24 1.978464e-33 2.109674e-22
[1] 1.068145e-15 4.529900e-24 3.798828e-50 2.094034e-22
[1] 1.042064e-15 4.508022e-24 2.618268e-31 2.084631e-22
[1] 1.043252e-15 4.509986e-24 1.182332e-59 2.085473e-22
[1] 1.054853e-15 4.519052e-24 1.233915e-32 2.089792e-22
[1] 1.039823e-15 4.507176e-24 1.991368e-33 2.084519e-22
[1] 1.107229e-15 4.562039e-24 2.001540e-33 2.108795e-22
Algorithm did not converge after  500  iterations.
[1] 2.847490e-16 3.723452e-24 1.731636e-22 1.350511e-29
Algorithm converged after  9  iterations.
[1] 2.847490e-16 1.099720e-24 3.723452e-24 1.731636e-22
Algorithm converged after  8  iterations.
[1] 2.847490e-16 1.406076e-19
Algorithm converged after  2  iterations.
[1] 2.847490e-16 1.406076e-19 6.227472e-32
Algorithm converged after  5  iterations.
[1] 2.847490e-16 1.406076e-19 2.937743e-31
Algorithm converged after  5  iterations.
[1] 2.847490e-16 1.406076e-19 2.709535e-28
Algorithm converged after  6  iterations.
[1] 2.847490e-16 1.406076e-19 6.227472e-32 5.865761e-33
Algorithm converged after  5  iterations.
[1] 2.847490e-16 1.406076e-19 2.937743e-31 4.514467e-52
[1] 1.404680e-19 1.615475e-27 1.804908e-23 9.375831e-32
[1] 1.472117e-19 1.003543e-31 1.738871e-23 1.284121e-36
[1] 1.428873e-19 1.433623e-27 1.774608e-23 7.887843e-35
[1] 1.472214e-19 1.798443e-51 1.727379e-23 1.151308e-33
[1] 1.428814e-19 2.975298e-27 1.785855e-23 2.246878e-34
[1] 1.487327e-19 3.045678e-27 1.820492e-23 2.477854e-34
[1] 1.519015e-19 3.034668e-27 1.849505e-23 4.489706e-48
[1] 1.456864e-19 2.872106e-61 2.008945e-23 1.170585e-33
[1] 1.474912e-19 2.944997e-27 1.807726e-23 2.431792e-34
[1] 1.485201e-19 3.352361e-27 1.837024e-23 2.092232e-34
[1] 1.426630e-19 9.595079e-34 1.691681e-23 8.462510e-51
[1] 1.491187e-19 5.156349e-46 1.890361e-23 1.485271e-32
[1] 1.448364e-19 3.564122e-27 1.812112e-23 9.638605e-32
[1] 1.476645e-19 4.186558e-30 1.726386e-23 1.693970e-51
[1] 1.465843e-19 2.996311e-27 1.806060e-23 2.352196e-34
[1] 1.457547e-19 3.267065e-27 1.835960e-23 2.585320e-34
[1] 1.455171e-19 3.668666e-27 1.841738e-23 1.138805e-52
[1] 1.476672e-19 2.805905e-27 1.812935e-23 6.942171e-42
[1] 1.457877e-19 3.264549e-27 1.836072e-23 2.524610e-34
[1] 1.519713e-19 2.956562e-27 1.853468e-23 1.907139e-34
[1] 1.472937e-19 2.906897e-27 1.817219e-23 9.002531e-32
[1] 1.427697e-19 1.986853e-64 1.692162e-23 8.688919e-51
[1] 1.433635e-19 2.987772e-27 1.797486e-23 6.637553e-33
[1] 1.519143e-19 3.073571e-27 1.852611e-23 4.287828e-43
[1] 1.500078e-19 9.227238e-32 1.788952e-23 9.638616e-53
[1] 1.461129e-19 4.400257e-32 1.819124e-23 4.260541e-35
[1] 1.493542e-19 3.398227e-27 1.834910e-23 2.320219e-34
[1] 1.467575e-19 2.935774e-27 1.812218e-23 2.348486e-34
[1] 1.460519e-19 2.706265e-27 1.792689e-23 6.430745e-52
[1] 1.477283e-19 2.954990e-27 1.812012e-23 2.445411e-34
[1] 1.476851e-19 3.143421e-27 1.825314e-23 1.302054e-50
[1] 1.471596e-19 6.666526e-30 1.718499e-23 1.404477e-38
[1] 1.460224e-19 2.038867e-44 1.878292e-23 1.185554e-32
[1] 1.472453e-19 3.199948e-55 1.777333e-23 1.908557e-33
[1] 1.472746e-19 1.027438e-31 1.738308e-23 1.260099e-36
[1] 1.492303e-19 6.984766e-47 1.782885e-23 1.027286e-33
[1] 1.470834e-19 3.025439e-30 1.718317e-23 9.124107e-39
[1] 1.466979e-19 3.117936e-30 1.714573e-23 1.034550e-38
[1] 1.493901e-19 3.165663e-27 1.832386e-23 3.755874e-38
[1] 1.496808e-19 3.002315e-27 1.822938e-23 9.241190e-32
[1] 1.483107e-19 5.872400e-36 1.794482e-23 9.723589e-34
[1] 1.492296e-19 1.085930e-27 1.735903e-23 9.450964e-51
[1] 1.456801e-19 3.652673e-27 1.838070e-23 9.254577e-32
[1] 1.462160e-19 7.739888e-32 1.736320e-23 1.998582e-36
[1] 1.474294e-19 3.098235e-27 1.819454e-23 9.003392e-32
[1] 1.416628e-19 5.084266e-28 1.715373e-23 1.425662e-33
[1] 1.472235e-19 6.862221e-32 1.798492e-23 2.385964e-32
[1] 1.469763e-19 1.847200e-30 1.718172e-23 2.314911e-34
[1] 1.457843e-19 8.351357e-48 1.726722e-23 1.117967e-33
Algorithm did not converge after  500  iterations.
[1] 2.847490e-16 1.406076e-19 2.709535e-28 3.548675e-29
Algorithm converged after  8  iterations.
[1] 2.847490e-16 1.406076e-19 6.227472e-32 2.937743e-31
Algorithm converged after  5  iterations.
[1] 2.847490e-16 1.406076e-19 6.227472e-32 2.709535e-28
Algorithm converged after  6  iterations.
[1] 2.847490e-16 1.406076e-19 2.937743e-31 2.709535e-28
Algorithm converged after  6  iterations.
numeric(0)
Algorithm converged after  1  iterations.
[1] 3.879001e-23
Algorithm converged after  2  iterations.
[1] 7.264587e-24
Algorithm converged after  2  iterations.
[1] 8.431274e-19
Algorithm converged after  2  iterations.
[1] 3.879001e-23 9.491618e-26
Algorithm converged after  2  iterations.
[1] 7.264587e-24 4.621101e-26
Algorithm converged after  2  iterations.
[1] 8.431274e-19 4.375077e-23
Algorithm converged after  2  iterations.
[1] 3.879001e-23 7.264587e-24
Algorithm converged after  2  iterations.
[1] 3.879001e-23 8.431274e-19
Algorithm converged after  2  iterations.
[1] 7.264587e-24 8.431274e-19
Algorithm converged after  2  iterations.
[1] 3.879001e-23 9.491618e-26 7.264587e-24
Algorithm converged after  2  iterations.
[1] 3.879001e-23 9.491618e-26 8.431274e-19
Algorithm converged after  2  iterations.
[1] 3.879001e-23 7.264587e-24 4.621101e-26
Algorithm converged after  2  iterations.
[1] 3.879001e-23 8.431274e-19 4.375077e-23
Algorithm converged after  2  iterations.
[1] 7.264587e-24 4.621101e-26 8.431274e-19
Algorithm converged after  2  iterations.
[1] 7.264587e-24 8.431274e-19 4.375077e-23
Algorithm converged after  2  iterations.
[1] 3.879001e-23 7.264587e-24 8.431274e-19
Algorithm converged after  2  iterations.
[1] 3.879001e-23 9.491618e-26 7.264587e-24 4.621101e-26
Algorithm converged after  2  iterations.
[1] 3.879001e-23 9.491618e-26 8.431274e-19 4.375077e-23
Algorithm converged after  2  iterations.
[1] 7.264587e-24 4.621101e-26 8.431274e-19 4.375077e-23
Algorithm converged after  2  iterations.
[1] 3.879001e-23 9.491618e-26 7.264587e-24 8.431274e-19
Algorithm converged after  2  iterations.
[1] 3.879001e-23 7.264587e-24 4.621101e-26 8.431274e-19
Algorithm converged after  2  iterations.
[1] 3.879001e-23 7.264587e-24 8.431274e-19 4.375077e-23
Algorithm converged after  2  iterations.
[1] 7.600421e-17
Algorithm converged after  2  iterations.
[1] 7.600421e-17 1.580312e-24
Algorithm converged after  6  iterations.
[1] 7.600421e-17 1.154254e-24
Algorithm converged after  6  iterations.
[1] 7.600421e-17 8.943203e-23
Algorithm converged after  6  iterations.
[1] 7.600421e-17 1.580312e-24 2.438231e-31
Algorithm converged after  6  iterations.
[1] 7.600421e-17 1.154254e-24 4.552404e-54
Algorithm converged after  9  iterations.
[1] 7.600421e-17 8.943203e-23 4.294178e-39
[1] 1.713480e-16 9.822410e-23 1.803727e-28
[1] 1.911723e-16 9.978263e-23 1.851514e-28
[1] 1.353980e-16 9.528776e-23 1.270638e-33
[1] 1.904510e-16 9.975717e-23 1.062607e-33
[1] 1.907947e-16 9.979729e-23 1.842112e-28
Algorithm converged after  51  iterations.
[1] 7.600421e-17 1.580312e-24 1.154254e-24
Algorithm converged after  7  iterations.
[1] 7.600421e-17 1.580312e-24 8.943203e-23
Algorithm converged after  7  iterations.
[1] 7.600421e-17 1.154254e-24 8.943203e-23
Algorithm converged after  7  iterations.
[1] 7.600421e-17 1.580312e-24 2.438231e-31 1.154254e-24
Algorithm converged after  7  iterations.
[1] 7.600421e-17 1.580312e-24 2.438231e-31 8.943203e-23
Algorithm converged after  7  iterations.
[1] 7.600421e-17 1.580312e-24 1.154254e-24 4.552404e-54
[1] 1.598827e-16 1.711294e-24 1.320198e-24 2.316927e-33
[1] 1.598826e-16 1.711294e-24 1.320198e-24 2.316927e-33
[1] 1.598826e-16 1.711294e-24 1.320198e-24 2.316927e-33
[1] 1.598826e-16 1.711294e-24 1.320198e-24 2.316927e-33
[1] 1.598826e-16 1.711294e-24 1.320198e-24 2.316927e-33
[1] 1.598826e-16 1.711294e-24 1.320198e-24 2.316927e-33
[1] 1.598826e-16 1.711294e-24 1.320198e-24 2.316927e-33
[1] 1.598826e-16 1.711294e-24 1.320198e-24 2.316927e-33
[1] 1.598826e-16 1.711294e-24 1.320198e-24 2.316927e-33
[1] 1.598826e-16 1.711294e-24 1.320198e-24 2.316927e-33
[1] 1.598826e-16 1.711294e-24 1.320198e-24 2.316927e-33
[1] 1.598826e-16 1.711294e-24 1.320198e-24 2.316927e-33
[1] 1.598826e-16 1.711294e-24 1.320198e-24 2.316927e-33
[1] 1.598826e-16 1.711294e-24 1.320198e-24 2.316927e-33
[1] 1.598826e-16 1.711294e-24 1.320198e-24 2.316927e-33
[1] 1.598826e-16 1.711294e-24 1.320198e-24 2.316927e-33
[1] 1.598826e-16 1.711294e-24 1.320198e-24 2.316927e-33
[1] 1.598826e-16 1.711294e-24 1.320198e-24 2.316927e-33
[1] 1.598826e-16 1.711294e-24 1.320198e-24 2.316927e-33
[1] 1.598826e-16 1.711294e-24 1.320198e-24 2.316927e-33
[1] 1.598826e-16 1.711294e-24 1.320198e-24 2.316927e-33
[1] 1.598826e-16 1.711294e-24 1.320198e-24 2.316927e-33
[1] 1.598826e-16 1.711294e-24 1.320198e-24 2.316927e-33
[1] 1.598826e-16 1.711294e-24 1.320198e-24 2.316927e-33
[1] 1.598826e-16 1.711294e-24 1.320198e-24 2.316927e-33
[1] 1.598826e-16 1.711294e-24 1.320198e-24 2.316927e-33
[1] 1.598826e-16 1.711294e-24 1.320198e-24 2.316927e-33
[1] 1.598826e-16 1.711294e-24 1.320198e-24 2.316927e-33
[1] 1.598826e-16 1.711294e-24 1.320198e-24 2.316927e-33
[1] 1.598826e-16 1.711294e-24 1.320198e-24 2.316927e-33
[1] 1.598826e-16 1.711294e-24 1.320198e-24 2.316927e-33
[1] 1.598826e-16 1.711294e-24 1.320198e-24 2.316927e-33
[1] 1.598826e-16 1.711294e-24 1.320198e-24 2.316927e-33
[1] 1.598826e-16 1.711294e-24 1.320198e-24 2.316927e-33
[1] 1.598826e-16 1.711294e-24 1.320198e-24 2.316927e-33
[1] 1.598826e-16 1.711294e-24 1.320198e-24 2.316927e-33
[1] 1.598826e-16 1.711294e-24 1.320198e-24 2.316927e-33
[1] 1.598826e-16 1.711294e-24 1.320198e-24 2.316927e-33
[1] 1.598826e-16 1.711294e-24 1.320198e-24 2.316927e-33
[1] 1.598826e-16 1.711294e-24 1.320198e-24 2.316927e-33
[1] 1.598826e-16 1.711294e-24 1.320198e-24 2.316927e-33
[1] 1.598826e-16 1.711294e-24 1.320198e-24 2.316927e-33
[1] 1.598826e-16 1.711294e-24 1.320198e-24 2.316927e-33
[1] 1.598826e-16 1.711294e-24 1.320198e-24 2.316927e-33
[1] 1.598826e-16 1.711294e-24 1.320198e-24 2.316927e-33
[1] 1.598826e-16 1.711294e-24 1.320198e-24 2.316927e-33
[1] 1.598826e-16 1.711294e-24 1.320198e-24 2.316927e-33
[1] 1.598826e-16 1.711294e-24 1.320198e-24 2.316927e-33
[1] 1.598826e-16 1.711294e-24 1.320198e-24 2.316927e-33
Algorithm did not converge after  500  iterations.
[1] 7.600421e-17 1.580312e-24 8.943203e-23 4.294178e-39
Algorithm converged after  9  iterations.
[1] 7.600421e-17 1.154254e-24 4.552404e-54 8.943203e-23
[1] 2.003846e-16 1.387304e-24 1.309820e-37 1.005615e-22
[1] 2.114085e-16 1.404574e-24 2.226246e-33 1.013700e-22
[1] 2.089177e-16 1.400726e-24 2.378188e-33 1.011907e-22
[1] 2.000171e-16 1.386721e-24 4.594393e-31 1.005356e-22
[1] 1.975279e-16 1.382799e-24 1.309634e-37 1.003518e-22
[1] 2.139007e-16 1.408271e-24 2.255704e-33 1.015500e-22
[1] 1.993342e-16 1.385686e-24 2.239257e-33 1.004897e-22
[1] 1.993418e-16 1.385704e-24 1.309832e-37 1.004908e-22
[1] 2.003911e-16 1.387379e-24 4.835657e-30 1.005692e-22
[1] 2.003889e-16 1.387382e-24 2.392377e-33 1.005698e-22
[1] 2.106717e-16 1.403520e-24 3.308693e-33 1.013252e-22
[1] 2.086875e-16 1.400387e-24 2.231853e-33 1.011814e-22
[1] 2.089216e-16 1.400819e-24 3.312381e-33 1.012012e-22
[1] 2.000175e-16 1.386810e-24 2.238069e-33 1.005461e-22
[1] 2.000118e-16 1.386820e-24 2.396024e-33 1.005477e-22
[1] 1.950287e-16 1.378793e-24 3.349754e-33 1.001880e-22
[1] 1.975906e-16 1.383074e-24 1.309731e-37 1.003870e-22
[1] 2.004336e-16 1.387591e-24 1.255896e-37 1.005993e-22
[1] 2.008249e-16 1.388204e-24 4.584383e-31 1.006284e-22
[1] 2.090139e-16 1.401086e-24 2.228334e-33 1.012317e-22
[1] 1.976119e-16 1.383137e-24 1.256544e-37 1.003925e-22
[1] 2.000350e-16 1.386984e-24 2.237663e-33 1.005745e-22
[1] 2.004006e-16 1.387585e-24 6.291994e-62 1.006027e-22
[1] 2.090855e-16 1.401273e-24 1.308975e-37 1.012484e-22
Algorithm converged after  249  iterations.
[1] 7.600421e-17 1.154254e-24 8.943203e-23 4.294178e-39
[1] 2.404467e-16 1.448970e-24 1.034706e-22 3.427905e-50
Algorithm converged after  18  iterations.
[1] 7.600421e-17 1.580312e-24 1.154254e-24 8.943203e-23
Algorithm converged after  8  iterations.
[1] 7.600421e-17 9.678837e-20
Algorithm converged after  2  iterations.
[1] 7.600421e-17 9.678837e-20 3.781849e-31
Algorithm converged after  5  iterations.
[1] 7.600421e-17 9.678837e-20 5.628490e-30
Algorithm converged after  4  iterations.
[1] 7.600421e-17 9.678837e-20 2.050723e-28
Algorithm converged after  6  iterations.
[1] 7.600421e-17 9.678837e-20 3.781849e-31 2.063435e-34
Algorithm converged after  5  iterations.
[1] 7.600421e-17 9.678837e-20 5.628490e-30 5.640869e-33
Algorithm converged after  10  iterations.
[1] 7.600421e-17 9.678837e-20 2.050723e-28 3.230877e-29
Algorithm converged after  7  iterations.
[1] 7.600421e-17 9.678837e-20 3.781849e-31 5.628490e-30
Algorithm converged after  5  iterations.
[1] 7.600421e-17 9.678837e-20 3.781849e-31 2.050723e-28
Algorithm converged after  6  iterations.
[1] 7.600421e-17 9.678837e-20 5.628490e-30 2.050723e-28
Algorithm converged after  6  iterations.
numeric(0)
Algorithm converged after  1  iterations.
[1] 1.563011e-23
Algorithm converged after  2  iterations.
[1] 8.371139e-24
Algorithm converged after  2  iterations.
[1] 5.535857e-19
Algorithm converged after  2  iterations.
[1] 1.563011e-23 4.257489e-26
Algorithm converged after  2  iterations.
[1] 8.371139e-24 6.289614e-26
Algorithm converged after  2  iterations.
[1] 5.535857e-19 6.950040e-23
Algorithm converged after  2  iterations.
[1] 1.563011e-23 8.371139e-24
Algorithm converged after  2  iterations.
[1] 1.563011e-23 5.535857e-19
Algorithm converged after  2  iterations.
[1] 8.371139e-24 5.535857e-19
Algorithm converged after  2  iterations.
[1] 1.563011e-23 4.257489e-26 8.371139e-24
Algorithm converged after  2  iterations.
[1] 1.563011e-23 4.257489e-26 5.535857e-19
Algorithm converged after  2  iterations.
[1] 1.563011e-23 8.371139e-24 6.289614e-26
Algorithm converged after  2  iterations.
[1] 1.563011e-23 5.535857e-19 6.950040e-23
Algorithm converged after  2  iterations.
[1] 8.371139e-24 6.289614e-26 5.535857e-19
Algorithm converged after  2  iterations.
[1] 8.371139e-24 5.535857e-19 6.950040e-23
Algorithm converged after  2  iterations.
[1] 1.563011e-23 8.371139e-24 5.535857e-19
Algorithm converged after  2  iterations.
[1] 1.563011e-23 4.257489e-26 8.371139e-24 6.289614e-26
Algorithm converged after  2  iterations.
[1] 1.563011e-23 4.257489e-26 5.535857e-19 6.950040e-23
Algorithm converged after  2  iterations.
[1] 8.371139e-24 6.289614e-26 5.535857e-19 6.950040e-23
Algorithm converged after  2  iterations.
[1] 1.563011e-23 4.257489e-26 8.371139e-24 5.535857e-19
Algorithm converged after  2  iterations.
[1] 1.563011e-23 8.371139e-24 6.289614e-26 5.535857e-19
Algorithm converged after  2  iterations.
[1] 1.563011e-23 8.371139e-24 5.535857e-19 6.950040e-23
Algorithm converged after  2  iterations.
[1] 1.145828e-16
Algorithm converged after  2  iterations.
[1] 1.145828e-16 1.516008e-24
Algorithm converged after  6  iterations.
[1] 1.145828e-16 2.099004e-24
Algorithm converged after  6  iterations.
[1] 1.145828e-16 1.920447e-22
Algorithm converged after  8  iterations.
[1] 1.145828e-16 1.516008e-24 1.002159e-33
[1] 1.947383e-16 1.598988e-24 1.038213e-52
[1] 1.928572e-16 1.597499e-24 2.044093e-31
[1] 1.948489e-16 1.599272e-24 9.934370e-34
[1] 2.142852e-16 1.617220e-24 1.011733e-33
[1] 1.945458e-16 1.599149e-24 1.135357e-43
[1] 2.132304e-16 1.616416e-24 1.019314e-33
[1] 2.133098e-16 1.616611e-24 1.018904e-33
[1] 1.927358e-16 1.597966e-24 1.575758e-63
[1] 1.917051e-16 1.597045e-24 6.776013e-54
[1] 1.904042e-16 1.596001e-24 2.083264e-56
[1] 1.888061e-16 1.594620e-24 2.041791e-31
[1] 1.949548e-16 1.600313e-24 2.227894e-49
[1] 1.928418e-16 1.598398e-24 2.033855e-31
[1] 2.140717e-16 1.618202e-24 1.013459e-33
[1] 1.944628e-16 1.600384e-24 9.841538e-34
Algorithm converged after  155  iterations.
[1] 1.145828e-16 2.099004e-24 6.352450e-33
[1] 1.546055e-16 2.194244e-24 2.000009e-33
[1] 1.250754e-16 2.126227e-24 6.223369e-33
[1] 1.492752e-16 2.183402e-24 1.388340e-33
Algorithm converged after  39  iterations.
[1] 1.145828e-16 1.920447e-22 9.465126e-30
Algorithm converged after  8  iterations.
[1] 1.145828e-16 1.516008e-24 2.099004e-24
Algorithm converged after  7  iterations.
[1] 1.145828e-16 1.516008e-24 1.920447e-22
Algorithm converged after  8  iterations.
[1] 1.145828e-16 2.099004e-24 1.920447e-22
Algorithm converged after  7  iterations.
[1] 1.145828e-16 1.516008e-24 1.002159e-33 2.099004e-24
[1] 2.662904e-16 1.661343e-24 5.655931e-67 2.418932e-24
[1] 2.495202e-16 1.647320e-24 2.038541e-31 2.387609e-24
[1] 2.456581e-16 1.644427e-24 2.045553e-31 2.380726e-24
[1] 2.414516e-16 1.640936e-24 2.043106e-31 2.372844e-24
[1] 2.643274e-16 1.660278e-24 1.131993e-53 2.415795e-24
[1] 2.439101e-16 1.643433e-24 5.996622e-34 2.377815e-24
[1] 2.663338e-16 1.662134e-24 1.003739e-47 2.419511e-24
[1] 2.659353e-16 1.661940e-24 2.395714e-48 2.418881e-24
[1] 2.665428e-16 1.662510e-24 2.395591e-48 2.420011e-24
[1] 2.655542e-16 1.661730e-24 1.603214e-53 2.418253e-24
[1] 2.660084e-16 1.662188e-24 2.394239e-48 2.419112e-24
[1] 2.669159e-16 1.663011e-24 5.230490e-47 2.420775e-24
[1] 2.655241e-16 1.662020e-24 1.050689e-33 2.418391e-24
[1] 2.666300e-16 1.662924e-24 4.337020e-49 2.420379e-24
[1] 2.669125e-16 1.663285e-24 4.335650e-49 2.420936e-24
[1] 2.349583e-16 1.636707e-24 2.042842e-31 2.361361e-24
[1] 2.669161e-16 1.663472e-24 1.002230e-47 2.421061e-24
[1] 2.664130e-16 1.663224e-24 5.371961e-48 2.420275e-24
[1] 2.657489e-16 1.662708e-24 2.042841e-31 2.419107e-24
[1] 2.459758e-16 1.646351e-24 2.044431e-31 2.382325e-24
[1] 2.655662e-16 1.662843e-24 1.050306e-33 2.418961e-24
