myseed=5482 

Attaching package: ‘pls’

The following object is masked from ‘package:stats’:

    loadings

Loading required package: lattice
Loading required package: ggplot2
Registered S3 methods overwritten by 'ggplot2':
  method         from 
  [.quosures     rlang
  c.quosures     rlang
  print.quosures rlang

Attaching package: ‘caret’

The following object is masked from ‘package:pls’:

    R2

Loading required package: Matrix
Loading required package: foreach
Loaded glmnet 2.0-18

Parsed with column specification:
cols(
  .default = col_double()
)
See spec(...) for full column specifications.
Parsed with column specification:
cols(
  X1 = col_double()
)
Parsed with column specification:
cols(
  X1 = col_double()
)
numeric(0)
Algorithm converged after  1  iterations.
[1] 3.963047e-23
Algorithm converged after  2  iterations.
[1] 7.618941e-24
Algorithm converged after  2  iterations.
[1] 5.783131e-18
Algorithm converged after  2  iterations.
[1] 3.963047e-23 6.428008e-26
Algorithm converged after  2  iterations.
[1] 7.618941e-24 5.607768e-26
Algorithm converged after  2  iterations.
[1] 5.783131e-18 2.516862e-23
Algorithm converged after  2  iterations.
[1] 3.963047e-23 7.618941e-24
Algorithm converged after  2  iterations.
[1] 3.963047e-23 5.783131e-18
Algorithm converged after  2  iterations.
[1] 7.618941e-24 5.783131e-18
Algorithm converged after  2  iterations.
[1] 3.963047e-23 6.428008e-26 7.618941e-24
Algorithm converged after  2  iterations.
[1] 3.963047e-23 6.428008e-26 5.783131e-18
Algorithm converged after  2  iterations.
[1] 3.963047e-23 7.618941e-24 5.607768e-26
Algorithm converged after  2  iterations.
[1] 3.963047e-23 5.783131e-18 2.516862e-23
Algorithm converged after  2  iterations.
[1] 7.618941e-24 5.607768e-26 5.783131e-18
Algorithm converged after  2  iterations.
[1] 7.618941e-24 5.783131e-18 2.516862e-23
Algorithm converged after  2  iterations.
[1] 3.963047e-23 7.618941e-24 5.783131e-18
Algorithm converged after  2  iterations.
[1] 3.963047e-23 6.428008e-26 7.618941e-24 5.607768e-26
Algorithm converged after  2  iterations.
[1] 3.963047e-23 6.428008e-26 5.783131e-18 2.516862e-23
Algorithm converged after  2  iterations.
[1] 7.618941e-24 5.607768e-26 5.783131e-18 2.516862e-23
Algorithm converged after  2  iterations.
[1] 3.963047e-23 6.428008e-26 7.618941e-24 5.783131e-18
Algorithm converged after  2  iterations.
[1] 3.963047e-23 7.618941e-24 5.607768e-26 5.783131e-18
Algorithm converged after  2  iterations.
[1] 3.963047e-23 7.618941e-24 5.783131e-18 2.516862e-23
Algorithm converged after  2  iterations.
[1] 1.829043e-16
Algorithm converged after  2  iterations.
[1] 1.829043e-16 1.799648e-24
Algorithm converged after  6  iterations.
[1] 1.829043e-16 2.879108e-24
Algorithm converged after  6  iterations.
[1] 1.829043e-16 4.023293e-23
Algorithm converged after  6  iterations.
[1] 1.829043e-16 1.799648e-24 1.493418e-48
Algorithm converged after  9  iterations.
[1] 1.829043e-16 2.879108e-24 3.106513e-31
Algorithm converged after  7  iterations.
[1] 1.829043e-16 4.023293e-23 7.667189e-30
[1] 3.203984e-16 4.301474e-23 1.283427e-42
[1] 3.676227e-16 4.384899e-23 1.451771e-30
Algorithm converged after  30  iterations.
[1] 1.829043e-16 1.799648e-24 2.879108e-24
Algorithm converged after  7  iterations.
[1] 1.829043e-16 1.799648e-24 4.023293e-23
Algorithm converged after  7  iterations.
[1] 1.829043e-16 2.879108e-24 4.023293e-23
Algorithm converged after  7  iterations.
[1] 1.829043e-16 1.799648e-24 1.493418e-48 2.879108e-24
Algorithm converged after  7  iterations.
[1] 1.829043e-16 1.799648e-24 1.493418e-48 4.023293e-23
Algorithm converged after  8  iterations.
[1] 1.829043e-16 1.799648e-24 2.879108e-24 3.106513e-31
Algorithm converged after  7  iterations.
[1] 1.829043e-16 1.799648e-24 4.023293e-23 7.667189e-30
[1] 5.945004e-16 2.231591e-24 4.734349e-23 2.201310e-31
Algorithm converged after  13  iterations.
[1] 1.829043e-16 2.879108e-24 3.106513e-31 4.023293e-23
Algorithm converged after  8  iterations.
[1] 1.829043e-16 2.879108e-24 4.023293e-23 7.667189e-30
[1] 4.068799e-16 3.116313e-24 4.451740e-23 7.955150e-30
[1] 4.337261e-16 3.140437e-24 4.495692e-23 1.507773e-30
[1] 4.394247e-16 3.145572e-24 4.505323e-23 1.493832e-30
[1] 4.868077e-16 3.185938e-24 4.578869e-23 1.548852e-30
[1] 4.858583e-16 3.185395e-24 4.577871e-23 1.538123e-30
Algorithm converged after  60  iterations.
[1] 1.829043e-16 1.799648e-24 2.879108e-24 4.023293e-23
Algorithm converged after  8  iterations.
[1] 1.829043e-16 1.243565e-19
Algorithm converged after  2  iterations.
[1] 1.829043e-16 1.243565e-19 4.921158e-31
Algorithm converged after  5  iterations.
[1] 1.829043e-16 1.243565e-19 2.584442e-31
Algorithm converged after  5  iterations.
[1] 1.829043e-16 1.243565e-19 3.236734e-30
Algorithm converged after  6  iterations.
[1] 1.829043e-16 1.243565e-19 4.921158e-31 7.600642e-42
[1] 2.160670e-16 1.211341e-19 4.944825e-31 2.001465e-35
[1] 2.192409e-16 1.223608e-19 4.945748e-31 6.120742e-42
[1] 2.027459e-16 1.217995e-19 4.935948e-31 7.382622e-42
[1] 2.027465e-16 1.217997e-19 4.935948e-31 7.405488e-42
[1] 2.027465e-16 1.217997e-19 4.935948e-31 7.419409e-42
[1] 2.027465e-16 1.217997e-19 4.935948e-31 7.398398e-42
[1] 2.027465e-16 1.217997e-19 4.935948e-31 7.419912e-42
[1] 2.027464e-16 1.217997e-19 4.935948e-31 7.392815e-42
[1] 2.027465e-16 1.217997e-19 4.935948e-31 7.418380e-42
[1] 2.027465e-16 1.217997e-19 4.935948e-31 7.410397e-42
[1] 2.027465e-16 1.217997e-19 4.935948e-31 7.418107e-42
[1] 2.027465e-16 1.217997e-19 4.935948e-31 7.407996e-42
[1] 2.027465e-16 1.217997e-19 4.935948e-31 7.420149e-42
[1] 2.027465e-16 1.217997e-19 4.935948e-31 7.401833e-42
[1] 2.027465e-16 1.217997e-19 4.935948e-31 7.419432e-42
[1] 2.027465e-16 1.217997e-19 4.935948e-31 7.399226e-42
[1] 2.027465e-16 1.217997e-19 4.935948e-31 7.420161e-42
[1] 2.027465e-16 1.217997e-19 4.935948e-31 7.401379e-42
[1] 2.027465e-16 1.217997e-19 4.935948e-31 7.419673e-42
[1] 2.027464e-16 1.217997e-19 4.935948e-31 7.393325e-42
[1] 2.027465e-16 1.217997e-19 4.935948e-31 7.417844e-42
[1] 2.027465e-16 1.217997e-19 4.935948e-31 7.404223e-42
[1] 2.027465e-16 1.217997e-19 4.935948e-31 7.419104e-42
[1] 2.027465e-16 1.217997e-19 4.935948e-31 7.407520e-42
[1] 2.027465e-16 1.217997e-19 4.935948e-31 7.420166e-42
[1] 2.027465e-16 1.217997e-19 4.935948e-31 7.399367e-42
[1] 2.027465e-16 1.217997e-19 4.935948e-31 7.420212e-42
[1] 2.027465e-16 1.217997e-19 4.935948e-31 7.401191e-42
[1] 2.027465e-16 1.217997e-19 4.935948e-31 7.419802e-42
[1] 2.027464e-16 1.217997e-19 4.935948e-31 7.391840e-42
[1] 2.027465e-16 1.217997e-19 4.935948e-31 7.419718e-42
[1] 2.027464e-16 1.217997e-19 4.935948e-31 7.393509e-42
[1] 2.027465e-16 1.217997e-19 4.935948e-31 7.417695e-42
[1] 2.027465e-16 1.217997e-19 4.935948e-31 7.400774e-42
[1] 2.027465e-16 1.217997e-19 4.935948e-31 7.420026e-42
[1] 2.027464e-16 1.217997e-19 4.935948e-31 7.391863e-42
[1] 2.027465e-16 1.217997e-19 4.935948e-31 7.419729e-42
[1] 2.027464e-16 1.217997e-19 4.935948e-31 7.393705e-42
[1] 2.027465e-16 1.217997e-19 4.935948e-31 7.417460e-42
[1] 2.027464e-16 1.217997e-19 4.935948e-31 7.396111e-42
[1] 2.027465e-16 1.217997e-19 4.935948e-31 7.418058e-42
[1] 2.027465e-16 1.217997e-19 4.935948e-31 7.406074e-42
[1] 2.027465e-16 1.217997e-19 4.935948e-31 7.419664e-42
[1] 2.027464e-16 1.217997e-19 4.935948e-31 7.396671e-42
[1] 2.027465e-16 1.217997e-19 4.935948e-31 7.418707e-42
[1] 2.027465e-16 1.217997e-19 4.935948e-31 7.411101e-42
[1] 2.027465e-16 1.217997e-19 4.935948e-31 7.417469e-42
[1] 2.027464e-16 1.217997e-19 4.935948e-31 7.395758e-42
[1] 2.027465e-16 1.217997e-19 4.935948e-31 7.417730e-42
Algorithm did not converge after  500  iterations.
[1] 1.829043e-16 1.243565e-19 2.584442e-31 5.903760e-33
Algorithm converged after  6  iterations.
[1] 1.829043e-16 1.243565e-19 3.236734e-30 4.935990e-30
Algorithm converged after  7  iterations.
[1] 1.829043e-16 1.243565e-19 4.921158e-31 2.584442e-31
Algorithm converged after  5  iterations.
[1] 1.829043e-16 1.243565e-19 4.921158e-31 3.236734e-30
Algorithm converged after  6  iterations.
[1] 1.829043e-16 1.243565e-19 2.584442e-31 3.236734e-30
Algorithm converged after  6  iterations.
numeric(0)
Algorithm converged after  1  iterations.
[1] 3.478995e-23
Algorithm converged after  2  iterations.
[1] 9.515868e-24
Algorithm converged after  2  iterations.
[1] 2.893725e-18
Algorithm converged after  2  iterations.
[1] 3.478995e-23 3.524587e-26
Algorithm converged after  2  iterations.
[1] 9.515868e-24 1.530563e-26
Algorithm converged after  2  iterations.
[1] 2.893725e-18 1.609550e-23
Algorithm converged after  2  iterations.
[1] 3.478995e-23 9.515868e-24
Algorithm converged after  2  iterations.
[1] 3.478995e-23 2.893725e-18
Algorithm converged after  2  iterations.
[1] 9.515868e-24 2.893725e-18
Algorithm converged after  2  iterations.
[1] 3.478995e-23 3.524587e-26 9.515868e-24
Algorithm converged after  2  iterations.
[1] 3.478995e-23 3.524587e-26 2.893725e-18
Algorithm converged after  2  iterations.
[1] 3.478995e-23 9.515868e-24 1.530563e-26
Algorithm converged after  2  iterations.
[1] 3.478995e-23 2.893725e-18 1.609550e-23
Algorithm converged after  2  iterations.
[1] 9.515868e-24 1.530563e-26 2.893725e-18
Algorithm converged after  2  iterations.
[1] 9.515868e-24 2.893725e-18 1.609550e-23
Algorithm converged after  2  iterations.
[1] 3.478995e-23 9.515868e-24 2.893725e-18
Algorithm converged after  2  iterations.
[1] 3.478995e-23 3.524587e-26 9.515868e-24 1.530563e-26
Algorithm converged after  2  iterations.
[1] 3.478995e-23 3.524587e-26 2.893725e-18 1.609550e-23
Algorithm converged after  2  iterations.
[1] 9.515868e-24 1.530563e-26 2.893725e-18 1.609550e-23
Algorithm converged after  2  iterations.
[1] 3.478995e-23 3.524587e-26 9.515868e-24 2.893725e-18
Algorithm converged after  2  iterations.
[1] 3.478995e-23 9.515868e-24 1.530563e-26 2.893725e-18
Algorithm converged after  2  iterations.
[1] 3.478995e-23 9.515868e-24 2.893725e-18 1.609550e-23
Algorithm converged after  2  iterations.
[1] 9.804837e-17
Algorithm converged after  2  iterations.
[1] 9.804837e-17 9.035317e-25
Algorithm converged after  6  iterations.
[1] 9.804837e-17 2.703856e-24
Algorithm converged after  6  iterations.
[1] 9.804837e-17 1.728855e-23
Algorithm converged after  5  iterations.
[1] 9.804837e-17 9.035317e-25 2.649343e-31
[1] 1.505628e-16 9.746228e-25 2.719220e-31
Algorithm converged after  13  iterations.
[1] 9.804837e-17 2.703856e-24 1.522080e-47
Algorithm converged after  8  iterations.
[1] 9.804837e-17 1.728855e-23 4.194490e-30
Algorithm converged after  6  iterations.
[1] 9.804837e-17 9.035317e-25 2.703856e-24
Algorithm converged after  7  iterations.
[1] 9.804837e-17 9.035317e-25 1.728855e-23
Algorithm converged after  6  iterations.
[1] 9.804837e-17 2.703856e-24 1.728855e-23
Algorithm converged after  6  iterations.
[1] 9.804837e-17 9.035317e-25 2.649343e-31 2.703856e-24
[1] 2.025318e-16 1.035598e-24 2.727102e-31 3.085333e-24
Algorithm converged after  16  iterations.
[1] 9.804837e-17 9.035317e-25 2.649343e-31 1.728855e-23
Algorithm converged after  7  iterations.
[1] 9.804837e-17 9.035317e-25 2.703856e-24 1.522080e-47
Algorithm converged after  7  iterations.
[1] 9.804837e-17 9.035317e-25 1.728855e-23 4.194490e-30
Algorithm converged after  7  iterations.
[1] 9.804837e-17 2.703856e-24 1.522080e-47 1.728855e-23
Algorithm converged after  7  iterations.
[1] 9.804837e-17 2.703856e-24 1.728855e-23 4.194490e-30
Algorithm converged after  7  iterations.
[1] 9.804837e-17 9.035317e-25 2.703856e-24 1.728855e-23
Algorithm converged after  7  iterations.
[1] 9.804837e-17 9.116818e-20
Algorithm converged after  2  iterations.
[1] 9.804837e-17 9.116818e-20 2.908091e-31
Algorithm converged after  5  iterations.
[1] 9.804837e-17 9.116818e-20 7.038369e-32
Algorithm converged after  5  iterations.
[1] 9.804837e-17 9.116818e-20 9.809028e-29
Algorithm converged after  5  iterations.
[1] 9.804837e-17 9.116818e-20 2.908091e-31 6.756725e-33
Algorithm converged after  5  iterations.
[1] 9.804837e-17 9.116818e-20 7.038369e-32 6.300201e-33
Algorithm converged after  6  iterations.
[1] 9.804837e-17 9.116818e-20 9.809028e-29 7.649743e-30
Algorithm converged after  6  iterations.
[1] 9.804837e-17 9.116818e-20 2.908091e-31 7.038369e-32
Algorithm converged after  5  iterations.
[1] 9.804837e-17 9.116818e-20 2.908091e-31 9.809028e-29
Algorithm converged after  5  iterations.
[1] 9.804837e-17 9.116818e-20 7.038369e-32 9.809028e-29
Algorithm converged after  5  iterations.
numeric(0)
Algorithm converged after  1  iterations.
[1] 4.195383e-26
Algorithm converged after  2  iterations.
[1] 1.651186e-24
Algorithm converged after  2  iterations.
[1] 1.209244e-17
Algorithm converged after  2  iterations.
[1] 4.195383e-26 3.759278e-31
Algorithm converged after  2  iterations.
[1] 1.651186e-24 3.953303e-26
Algorithm converged after  2  iterations.
[1] 1.209244e-17 2.011933e-23
Algorithm converged after  2  iterations.
[1] 4.195383e-26 1.651186e-24
Algorithm converged after  2  iterations.
[1] 4.195383e-26 1.209244e-17
Algorithm converged after  2  iterations.
[1] 1.651186e-24 1.209244e-17
Algorithm converged after  2  iterations.
[1] 4.195383e-26 3.759278e-31 1.651186e-24
Algorithm converged after  2  iterations.
[1] 4.195383e-26 3.759278e-31 1.209244e-17
Algorithm converged after  2  iterations.
[1] 4.195383e-26 1.651186e-24 3.953303e-26
Algorithm converged after  2  iterations.
[1] 4.195383e-26 1.209244e-17 2.011933e-23
Algorithm converged after  2  iterations.
[1] 1.651186e-24 3.953303e-26 1.209244e-17
Algorithm converged after  2  iterations.
[1] 1.651186e-24 1.209244e-17 2.011933e-23
Algorithm converged after  2  iterations.
[1] 4.195383e-26 1.651186e-24 1.209244e-17
Algorithm converged after  2  iterations.
[1] 4.195383e-26 3.759278e-31 1.651186e-24 3.953303e-26
Algorithm converged after  2  iterations.
[1] 4.195383e-26 3.759278e-31 1.209244e-17 2.011933e-23
Algorithm converged after  2  iterations.
[1] 1.651186e-24 3.953303e-26 1.209244e-17 2.011933e-23
Algorithm converged after  2  iterations.
[1] 4.195383e-26 3.759278e-31 1.651186e-24 1.209244e-17
Algorithm converged after  2  iterations.
[1] 4.195383e-26 1.651186e-24 3.953303e-26 1.209244e-17
Algorithm converged after  2  iterations.
[1] 4.195383e-26 1.651186e-24 1.209244e-17 2.011933e-23
Algorithm converged after  2  iterations.
[1] 3.834361e-16
Algorithm converged after  2  iterations.
[1] 3.834361e-16 7.053320e-25
Algorithm converged after  6  iterations.
[1] 3.834361e-16 1.370731e-24
Algorithm converged after  6  iterations.
[1] 3.834361e-16 2.551897e-23
Algorithm converged after  6  iterations.
[1] 3.834361e-16 7.053320e-25 3.918073e-31
Algorithm converged after  6  iterations.
[1] 3.834361e-16 1.370731e-24 1.002201e-32
Algorithm converged after  6  iterations.
[1] 3.834361e-16 2.551897e-23 5.731281e-33
Algorithm converged after  7  iterations.
[1] 3.834361e-16 7.053320e-25 1.370731e-24
Algorithm converged after  7  iterations.
[1] 3.834361e-16 7.053320e-25 2.551897e-23
Algorithm converged after  7  iterations.
[1] 3.834361e-16 1.370731e-24 2.551897e-23
Algorithm converged after  6  iterations.
[1] 3.834361e-16 7.053320e-25 3.918073e-31 1.370731e-24
Algorithm converged after  7  iterations.
[1] 3.834361e-16 7.053320e-25 3.918073e-31 2.551897e-23
Algorithm converged after  7  iterations.
[1] 3.834361e-16 7.053320e-25 1.370731e-24 1.002201e-32
Algorithm converged after  7  iterations.
[1] 3.834361e-16 7.053320e-25 2.551897e-23 5.731281e-33
Algorithm converged after  6  iterations.
[1] 3.834361e-16 1.370731e-24 1.002201e-32 2.551897e-23
[1] 7.512200e-16 1.508903e-24 9.928137e-33 2.694250e-23
[1] 7.534231e-16 1.509697e-24 9.923523e-33 2.695108e-23
[1] 7.062744e-16 1.494255e-24 2.133680e-42 2.679346e-23
[1] 7.239670e-16 1.500211e-24 4.602404e-43 2.685602e-23
[1] 7.103228e-16 1.495775e-24 8.622146e-43 2.681035e-23
[1] 7.786504e-16 1.518502e-24 1.733366e-32 2.704178e-23
[1] 7.368375e-16 1.504555e-24 9.911566e-33 2.690239e-23
[1] 7.754911e-16 1.517349e-24 1.937771e-47 2.703258e-23
[1] 7.524616e-16 1.509761e-24 1.747437e-32 2.695585e-23
[1] 7.101934e-16 1.495998e-24 9.735733e-33 2.681461e-23
[1] 7.825745e-16 1.519751e-24 2.040012e-42 2.705847e-23
[1] 7.747273e-16 1.517268e-24 1.579188e-50 2.703316e-23
[1] 7.536205e-16 1.510336e-24 8.631355e-43 2.696300e-23
[1] 7.652868e-16 1.514262e-24 4.615786e-43 2.700303e-23
[1] 7.244035e-16 1.500815e-24 2.133880e-42 2.686557e-23
[1] 7.285893e-16 1.501947e-24 1.749904e-32 2.687918e-23
[1] 7.739764e-16 1.517240e-24 3.449307e-45 2.703425e-23
[1] 7.648055e-16 1.514251e-24 6.649099e-63 2.700422e-23
[1] 7.537095e-16 1.510584e-24 9.922093e-33 2.696782e-23
[1] 7.240643e-16 1.501035e-24 1.386701e-49 2.686899e-23
[1] 7.729282e-16 1.517107e-24 1.000893e-32 2.703798e-23
[1] 7.632365e-16 1.514054e-24 3.449380e-45 2.700756e-23
[1] 7.358378e-16 1.504998e-24 9.901124e-33 2.691539e-23
[1] 7.235920e-16 1.501026e-24 9.984964e-33 2.687466e-23
[1] 7.643101e-16 1.514502e-24 8.618497e-51 2.701238e-23
[1] 7.633417e-16 1.514233e-24 1.583025e-50 2.700972e-23
[1] 7.764864e-16 1.518495e-24 8.849838e-57 2.705377e-23
[1] 7.610314e-16 1.513505e-24 1.749169e-32 2.700297e-23
[1] 7.788768e-16 1.519689e-24 9.687453e-33 2.706493e-23
[1] 7.527085e-16 1.510830e-24 9.931090e-33 2.697626e-23
[1] 7.799786e-16 1.519985e-24 3.451001e-45 2.706868e-23
[1] 7.778991e-16 1.519404e-24 3.451435e-45 2.706309e-23
[1] 7.238114e-16 1.501558e-24 1.471675e-31 2.688389e-23
[1] 7.760616e-16 1.518851e-24 8.633857e-51 2.706066e-23
[1] 7.267433e-16 1.502973e-24 1.724907e-32 2.689984e-23
[1] 7.654630e-16 1.515530e-24 9.938031e-33 2.702985e-23
[1] 7.066271e-16 1.496258e-24 9.780761e-33 2.683257e-23
[1] 7.062283e-16 1.496165e-24 1.534526e-31 2.683246e-23
Algorithm converged after  383  iterations.
[1] 3.834361e-16 1.370731e-24 2.551897e-23 5.731281e-33
[1] 8.056508e-16 1.526775e-24 2.712228e-23 3.819150e-29
[1] 8.847260e-16 1.551862e-24 2.737699e-23 3.609272e-55
[1] 7.994168e-16 1.524870e-24 2.710285e-23 4.707361e-37
[1] 8.040144e-16 1.526435e-24 2.711896e-23 6.878469e-51
[1] 9.190529e-16 1.562391e-24 2.748288e-23 5.686223e-35
[1] 8.881071e-16 1.553185e-24 2.739112e-23 1.626622e-64
[1] 7.955647e-16 1.524059e-24 2.709618e-23 8.063777e-33
[1] 8.851156e-16 1.552355e-24 2.738319e-23 1.651515e-39
[1] 8.944155e-16 1.555294e-24 2.741313e-23 1.331702e-49
[1] 7.451984e-16 1.507642e-24 2.692917e-23 7.784848e-33
[1] 8.857031e-16 1.552724e-24 2.738739e-23 5.011384e-61
[1] 8.174553e-16 1.531162e-24 2.716784e-23 1.606482e-39
[1] 7.743490e-16 1.517383e-24 2.702816e-23 5.862993e-33
[1] 7.959682e-16 1.524616e-24 2.710254e-23 8.066621e-33
[1] 8.850307e-16 1.552754e-24 2.738756e-23 8.839269e-66
[1] 8.850000e-16 1.553205e-24 2.739738e-23 3.917948e-39
[1] 8.879936e-16 1.554222e-24 2.740799e-23 1.290568e-35
[1] 7.696565e-16 1.516872e-24 2.703180e-23 5.826677e-33
[1] 7.817404e-16 1.520870e-24 2.707309e-23 5.911335e-33
[1] 8.102175e-16 1.530147e-24 2.716735e-23 8.094525e-33
[1] 7.507235e-16 1.510833e-24 2.697069e-23 7.806889e-33
[1] 9.081376e-16 1.561842e-24 2.749566e-23 2.144502e-39
[1] 8.854621e-16 1.555073e-24 2.742800e-23 3.921625e-39
[1] 7.236340e-16 1.502874e-24 2.689594e-23 7.662584e-33
[1] 8.852782e-16 1.555134e-24 2.742869e-23 6.291236e-33
[1] 8.858699e-16 1.555369e-24 2.743132e-23 7.427244e-52
[1] 8.854107e-16 1.555283e-24 2.743049e-23 9.635290e-68
[1] 7.243780e-16 1.503250e-24 2.689966e-23 7.620587e-33
[1] 8.001843e-16 1.528291e-24 2.715555e-23 5.348941e-35
[1] 8.585770e-16 1.546908e-24 2.734519e-23 5.655552e-35
[1] 7.963754e-16 1.527394e-24 2.714791e-23 5.999936e-33
[1] 8.883431e-16 1.556509e-24 2.744415e-23 4.220742e-74
[1] 9.089546e-16 1.562769e-24 2.750713e-23 3.843395e-29
[1] 8.002392e-16 1.528652e-24 2.716063e-23 8.007629e-33
[1] 7.799307e-16 1.522130e-24 2.709415e-23 5.834575e-33
[1] 7.281041e-16 1.505090e-24 2.692064e-23 7.682976e-33
[1] 8.076226e-16 1.531303e-24 2.718848e-23 6.081042e-33
[1] 8.075027e-16 1.531301e-24 2.718858e-23 6.079971e-33
[1] 8.890577e-16 1.557126e-24 2.745176e-23 2.675049e-49
[1] 8.863338e-16 1.556345e-24 2.744398e-23 3.936043e-39
[1] 7.979926e-16 1.528502e-24 2.716160e-23 5.963560e-33
[1] 8.004445e-16 1.529142e-24 2.716740e-23 2.271671e-38
[1] 7.736591e-16 1.520533e-24 2.707996e-23 5.852249e-33
[1] 8.052433e-16 1.530851e-24 2.718528e-23 7.914957e-55
[1] 8.024238e-16 1.530136e-24 2.717873e-23 6.020459e-33
[1] 7.797640e-16 1.522597e-24 2.710064e-23 5.796245e-33
[1] 8.887525e-16 1.557468e-24 2.745664e-23 5.289360e-65
[1] 8.001861e-16 1.529566e-24 2.717362e-23 5.914585e-33
[1] 8.887069e-16 1.557593e-24 2.745865e-23 2.538153e-37
Algorithm did not converge after  500  iterations.
[1] 3.834361e-16 7.053320e-25 1.370731e-24 2.551897e-23
Algorithm converged after  7  iterations.
[1] 3.834361e-16 8.232762e-20
Algorithm converged after  2  iterations.
[1] 3.834361e-16 8.232762e-20 4.311785e-31
Algorithm converged after  5  iterations.
[1] 3.834361e-16 8.232762e-20 1.658868e-31
Algorithm converged after  5  iterations.
[1] 3.834361e-16 8.232762e-20 3.129181e-29
Algorithm converged after  5  iterations.
[1] 3.834361e-16 8.232762e-20 4.311785e-31 2.609217e-34
Algorithm converged after  5  iterations.
[1] 3.834361e-16 8.232762e-20 1.658868e-31 1.132936e-32
Algorithm converged after  6  iterations.
[1] 3.834361e-16 8.232762e-20 3.129181e-29 3.096978e-30
Algorithm converged after  6  iterations.
[1] 3.834361e-16 8.232762e-20 4.311785e-31 1.658868e-31
Algorithm converged after  5  iterations.
[1] 3.834361e-16 8.232762e-20 4.311785e-31 3.129181e-29
Algorithm converged after  6  iterations.
[1] 3.834361e-16 8.232762e-20 1.658868e-31 3.129181e-29
Algorithm converged after  5  iterations.
numeric(0)
Algorithm converged after  1  iterations.
[1] 1.578014e-23
Algorithm converged after  2  iterations.
[1] 5.284885e-26
Algorithm converged after  2  iterations.
[1] 6.562084e-18
Algorithm converged after  2  iterations.
[1] 1.578014e-23 2.901448e-26
Algorithm converged after  2  iterations.
[1] 5.284885e-26 2.883598e-33
Algorithm converged after  2  iterations.
[1] 6.562084e-18 1.234859e-23
Algorithm converged after  2  iterations.
[1] 1.578014e-23 5.284885e-26
Algorithm converged after  2  iterations.
[1] 1.578014e-23 6.562084e-18
Algorithm converged after  2  iterations.
[1] 5.284885e-26 6.562084e-18
Algorithm converged after  2  iterations.
[1] 1.578014e-23 2.901448e-26 5.284885e-26
Algorithm converged after  2  iterations.
[1] 1.578014e-23 2.901448e-26 6.562084e-18
Algorithm converged after  2  iterations.
[1] 1.578014e-23 5.284885e-26 2.883598e-33
Algorithm converged after  2  iterations.
[1] 1.578014e-23 6.562084e-18 1.234859e-23
Algorithm converged after  2  iterations.
[1] 5.284885e-26 2.883598e-33 6.562084e-18
Algorithm converged after  2  iterations.
[1] 5.284885e-26 6.562084e-18 1.234859e-23
Algorithm converged after  2  iterations.
[1] 1.578014e-23 5.284885e-26 6.562084e-18
Algorithm converged after  2  iterations.
[1] 1.578014e-23 2.901448e-26 5.284885e-26 2.883598e-33
Algorithm converged after  2  iterations.
[1] 1.578014e-23 2.901448e-26 6.562084e-18 1.234859e-23
Algorithm converged after  2  iterations.
[1] 5.284885e-26 2.883598e-33 6.562084e-18 1.234859e-23
Algorithm converged after  2  iterations.
[1] 1.578014e-23 2.901448e-26 5.284885e-26 6.562084e-18
Algorithm converged after  2  iterations.
[1] 1.578014e-23 5.284885e-26 2.883598e-33 6.562084e-18
Algorithm converged after  2  iterations.
[1] 1.578014e-23 5.284885e-26 6.562084e-18 1.234859e-23
Algorithm converged after  2  iterations.
[1] 3.136163e-16
Algorithm converged after  2  iterations.
[1] 3.136163e-16 4.139724e-25
Algorithm converged after  6  iterations.
[1] 3.136163e-16 2.955857e-24
Algorithm converged after  6  iterations.
[1] 3.136163e-16 1.602836e-23
Algorithm converged after  6  iterations.
[1] 3.136163e-16 4.139724e-25 8.828346e-46
[1] 4.672096e-16 4.371166e-25 1.410376e-54
[1] 4.974328e-16 4.412597e-25 1.536756e-33
[1] 4.749453e-16 4.382254e-25 5.557390e-56
[1] 4.584550e-16 4.359421e-25 6.062282e-37
[1] 4.796107e-16 4.389032e-25 5.668375e-46
[1] 5.020821e-16 4.420351e-25 5.595219e-46
[1] 4.517994e-16 4.351482e-25 3.496085e-65
[1] 5.026268e-16 4.422015e-25 7.946244e-47
[1] 5.037692e-16 4.424316e-25 2.297984e-46
[1] 4.967764e-16 4.414596e-25 5.812161e-47
[1] 4.873038e-16 4.401926e-25 1.193281e-45
[1] 4.588215e-16 4.362951e-25 9.640216e-59
[1] 4.836206e-16 4.397497e-25 1.532112e-33
[1] 4.749126e-16 4.385570e-25 1.982749e-31
[1] 4.676963e-16 4.376014e-25 8.102390e-56
[1] 4.673937e-16 4.375944e-25 1.805029e-46
[1] 4.754187e-16 4.387301e-25 5.715395e-46
[1] 4.748085e-16 4.386499e-25 1.493053e-66
[1] 4.878992e-16 4.404903e-25 2.523870e-47
[1] 4.610733e-16 4.368173e-25 8.062801e-47
[1] 4.634726e-16 4.371943e-25 7.904041e-36
[1] 4.582968e-16 4.364410e-25 1.802648e-46
[1] 4.816446e-16 4.397059e-25 6.063689e-46
[1] 5.020633e-16 4.425285e-25 1.985595e-31
[1] 5.020534e-16 4.425561e-25 1.986468e-31
[1] 5.018578e-16 4.425555e-25 2.498229e-47
[1] 4.574733e-16 4.364598e-25 3.117543e-62
[1] 4.622141e-16 4.372417e-25 2.517111e-47
[1] 4.931498e-16 4.415313e-25 1.301462e-43
[1] 4.982432e-16 4.422314e-25 1.986368e-31
[1] 5.010918e-16 4.427004e-25 5.581531e-47
[1] 4.792928e-16 4.397039e-25 6.078803e-46
[1] 4.989086e-16 4.424145e-25 1.988750e-31
[1] 4.674056e-16 4.380923e-25 2.332543e-46
[1] 4.561045e-16 4.365105e-25 2.521350e-47
[1] 4.872741e-16 4.408588e-25 5.630360e-46
[1] 4.634884e-16 4.376376e-25 1.986104e-31
[1] 4.977531e-16 4.423302e-25 9.164813e-49
[1] 4.666114e-16 4.380820e-25 1.983007e-31
[1] 4.876236e-16 4.409911e-25 1.983856e-31
[1] 4.659722e-16 4.380439e-25 9.632792e-65
[1] 4.625903e-16 4.376012e-25 1.981251e-31
[1] 4.671408e-16 4.382706e-25 1.129527e-45
[1] 4.972444e-16 4.424032e-25 4.177532e-46
[1] 5.034103e-16 4.433152e-25 1.812174e-46
[1] 4.522111e-16 4.362526e-25 8.073764e-47
[1] 4.869787e-16 4.410972e-25 2.351838e-46
[1] 4.894037e-16 4.414472e-25 8.007893e-47
[1] 4.690085e-16 4.386666e-25 6.075078e-46
Algorithm did not converge after  500  iterations.
[1] 3.136163e-16 2.955857e-24 2.692428e-33
Algorithm converged after  6  iterations.
[1] 3.136163e-16 1.602836e-23 2.105905e-31
[1] 5.474664e-16 1.679148e-23 5.158641e-29
Algorithm converged after  12  iterations.
[1] 3.136163e-16 4.139724e-25 2.955857e-24
Algorithm converged after  7  iterations.
[1] 3.136163e-16 4.139724e-25 1.602836e-23
Algorithm converged after  7  iterations.
[1] 3.136163e-16 2.955857e-24 1.602836e-23
Algorithm converged after  7  iterations.
[1] 3.136163e-16 4.139724e-25 8.828346e-46 2.955857e-24
[1] 6.687892e-16 4.631193e-25 3.979728e-46 3.351436e-24
[1] 6.692479e-16 4.631898e-25 9.800140e-36 3.351942e-24
[1] 6.394947e-16 4.595894e-25 8.449920e-49 3.322905e-24
[1] 6.798311e-16 4.644845e-25 8.664952e-49 3.362303e-24
[1] 6.562200e-16 4.616996e-25 1.380023e-45 3.339549e-24
[1] 6.289224e-16 4.584051e-25 1.527275e-42 3.312727e-24
[1] 6.699386e-16 4.633786e-25 1.834490e-46 3.352992e-24
[1] 6.665779e-16 4.629805e-25 6.449556e-47 3.349775e-24
[1] 6.276349e-16 4.582651e-25 4.443385e-47 3.311574e-24
[1] 6.362625e-16 4.593038e-25 1.996023e-31 3.320123e-24
[1] 6.323785e-16 4.588531e-25 2.434348e-46 3.316347e-24
[1] 6.725631e-16 4.637436e-25 4.610808e-36 3.355796e-24
[1] 6.527880e-16 4.613997e-25 5.445521e-46 3.336679e-24
[1] 6.559028e-16 4.617839e-25 6.235838e-46 3.339771e-24
[1] 6.637072e-16 4.627331e-25 2.432985e-46 3.347406e-24
[1] 6.810391e-16 4.647908e-25 1.075956e-48 3.364145e-24
[1] 6.691754e-16 4.633889e-25 8.749075e-36 3.352759e-24
[1] 6.478411e-16 4.609168e-25 1.970988e-62 3.332267e-24
[1] 6.293270e-16 4.586227e-25 9.114515e-36 3.313934e-24
[1] 6.444553e-16 4.605332e-25 1.349921e-45 3.329037e-24
[1] 6.380758e-16 4.597307e-25 4.394828e-47 3.322744e-24
[1] 6.842540e-16 4.653681e-25 2.001126e-31 3.368185e-24
[1] 6.432594e-16 4.604650e-25 1.131163e-44 3.328308e-24
[1] 6.871837e-16 4.657938e-25 6.240391e-46 3.371376e-24
[1] 6.853449e-16 4.655941e-25 6.352694e-47 3.369640e-24
[1] 6.713874e-16 4.638736e-25 1.434590e-45 3.355849e-24
[1] 6.443602e-16 4.606738e-25 9.565139e-46 3.329673e-24
[1] 6.803213e-16 4.649783e-25 2.000818e-31 3.364654e-24
[1] 6.279403e-16 4.587196e-25 9.846932e-36 3.313670e-24
[1] 6.581875e-16 4.623644e-25 4.389749e-47 3.343395e-24
[1] 6.395250e-16 4.601116e-25 8.579145e-37 3.325093e-24
[1] 6.732023e-16 4.641912e-25 4.716886e-37 3.358030e-24
[1] 6.400993e-16 4.602035e-25 6.947658e-36 3.325740e-24
[1] 6.448944e-16 4.608240e-25 5.799420e-37 3.330587e-24
[1] 6.314099e-16 4.591821e-25 1.424331e-61 3.317313e-24
[1] 6.754532e-16 4.645093e-25 9.793284e-36 3.360426e-24
[1] 6.676732e-16 4.636293e-25 5.259597e-49 3.353068e-24
[1] 6.488025e-16 4.614126e-25 1.365578e-45 3.334832e-24
[1] 6.799329e-16 4.651087e-25 5.693821e-60 3.364992e-24
[1] 6.262615e-16 4.588109e-25 7.466693e-36 3.313169e-24
[1] 6.361900e-16 4.600166e-25 1.507723e-42 3.323029e-24
[1] 6.400278e-16 4.604820e-25 6.261435e-49 3.326822e-24
[1] 6.581289e-16 4.627496e-25 6.719509e-49 3.344871e-24
[1] 6.768800e-16 4.650108e-25 2.028991e-36 3.363119e-24
[1] 6.452137e-16 4.612309e-25 2.483775e-47 3.332349e-24
[1] 6.818805e-16 4.656611e-25 6.224157e-49 3.368103e-24
[1] 6.732452e-16 4.646224e-25 7.155516e-36 3.359767e-24
[1] 6.531918e-16 4.622264e-25 4.217433e-49 3.340331e-24
[1] 6.383598e-16 4.604362e-25 1.401998e-45 3.325795e-24
Algorithm did not converge after  500  iterations.
[1] 3.136163e-16 4.139724e-25 8.828346e-46 1.602836e-23
[1] 6.679722e-16 4.630771e-25 1.996022e-31 1.712895e-23
[1] 6.593039e-16 4.620025e-25 4.554832e-49 1.710533e-23
[1] 6.739330e-16 4.638463e-25 2.525902e-47 1.714588e-23
[1] 6.694501e-16 4.632839e-25 5.143633e-47 1.713352e-23
[1] 7.179075e-16 4.690676e-25 2.522489e-47 1.726148e-23
[1] 6.667302e-16 4.629823e-25 2.270941e-58 1.712676e-23
[1] 6.887976e-16 4.656223e-25 2.533181e-47 1.718521e-23
[1] 7.165962e-16 4.689699e-25 1.586417e-33 1.725908e-23
[1] 6.673826e-16 4.630959e-25 5.371102e-47 1.712914e-23
[1] 7.026206e-16 4.672842e-25 1.998207e-31 1.722186e-23
[1] 7.165850e-16 4.690178e-25 8.198464e-47 1.725995e-23
[1] 7.120506e-16 4.684213e-25 5.289870e-46 1.724695e-23
[1] 7.031970e-16 4.674001e-25 1.783889e-36 1.722429e-23
[1] 6.704129e-16 4.635416e-25 1.996100e-31 1.713870e-23
[1] 6.931626e-16 4.662676e-25 3.953554e-46 1.719905e-23
[1] 7.122572e-16 4.685101e-25 2.207583e-36 1.724879e-23
[1] 7.163433e-16 4.690757e-25 3.336833e-36 1.726109e-23
[1] 6.848241e-16 4.655623e-25 6.384988e-46 1.718286e-23
[1] 6.999764e-16 4.673700e-25 1.040552e-36 1.722278e-23
[1] 6.670874e-16 4.634548e-25 1.580181e-33 1.713610e-23
[1] 6.772962e-16 4.647135e-25 1.001158e-35 1.716385e-23
[1] 6.751226e-16 4.644632e-25 2.472022e-46 1.715827e-23
[1] 6.658313e-16 4.633599e-25 2.532196e-47 1.713377e-23
[1] 6.862313e-16 4.657992e-25 6.367231e-46 1.718782e-23
[1] 6.593755e-16 4.626564e-25 1.614091e-57 1.711784e-23
[1] 6.901394e-16 4.663178e-25 1.997547e-31 1.719907e-23
[1] 6.850173e-16 4.657559e-25 1.998538e-31 1.718649e-23
[1] 7.050656e-16 4.680845e-25 5.291081e-46 1.723828e-23
[1] 6.820313e-16 4.654245e-25 9.766597e-36 1.717914e-23
[1] 6.696629e-16 4.639244e-25 2.273216e-63 1.714600e-23
[1] 6.903591e-16 4.664099e-25 6.767389e-36 1.720098e-23
[1] 6.742035e-16 4.645082e-25 5.423797e-47 1.715876e-23
[1] 6.771423e-16 4.648773e-25 1.800959e-46 1.716685e-23
[1] 7.164035e-16 4.695609e-25 8.963112e-46 1.727062e-23
[1] 6.858373e-16 4.659720e-25 1.474276e-45 1.719102e-23
[1] 6.925592e-16 4.667694e-25 5.102256e-49 1.720870e-23
[1] 6.758384e-16 4.647877e-25 1.001920e-35 1.716481e-23
[1] 7.040450e-16 4.681348e-25 9.107211e-46 1.723899e-23
[1] 7.126623e-16 4.691447e-25 3.212610e-36 1.726141e-23
[1] 7.202331e-16 4.699444e-25 1.406023e-48 1.727958e-23
[1] 6.913481e-16 4.667658e-25 6.599886e-62 1.720837e-23
[1] 6.586376e-16 4.628892e-25 1.597294e-42 1.712221e-23
[1] 6.857073e-16 4.661455e-25 1.088326e-36 1.719442e-23
[1] 7.171800e-16 4.698865e-25 5.394441e-65 1.727733e-23
[1] 6.742747e-16 4.648114e-25 1.997632e-31 1.716472e-23
[1] 6.708706e-16 4.643852e-25 2.163022e-61 1.715535e-23
[1] 6.981453e-16 4.676829e-25 5.334344e-46 1.722823e-23
[1] 7.137143e-16 4.694968e-25 5.283472e-47 1.726840e-23
[1] 6.845121e-16 4.660750e-25 2.706417e-36 1.719255e-23
Algorithm did not converge after  500  iterations.
[1] 3.136163e-16 4.139724e-25 2.955857e-24 2.692428e-33
Algorithm converged after  7  iterations.
[1] 3.136163e-16 4.139724e-25 1.602836e-23 2.105905e-31
Algorithm converged after  8  iterations.
[1] 3.136163e-16 2.955857e-24 2.692428e-33 1.602836e-23
Algorithm converged after  7  iterations.
[1] 3.136163e-16 2.955857e-24 1.602836e-23 2.105905e-31
Algorithm converged after  8  iterations.
[1] 3.136163e-16 4.139724e-25 2.955857e-24 1.602836e-23
Algorithm converged after  8  iterations.
[1] 3.136163e-16 6.553793e-20
Algorithm converged after  2  iterations.
[1] 3.136163e-16 6.553793e-20 2.127121e-31
Algorithm converged after  5  iterations.
[1] 3.136163e-16 6.553793e-20 2.160676e-31
Algorithm converged after  5  iterations.
[1] 3.136163e-16 6.553793e-20 5.729815e-29
Algorithm converged after  6  iterations.
[1] 3.136163e-16 6.553793e-20 2.127121e-31 2.171931e-34
Algorithm converged after  5  iterations.
[1] 3.136163e-16 6.553793e-20 2.160676e-31 4.377481e-33
[1] 2.564901e-16 6.610833e-20 2.245278e-31 4.350958e-33
[1] 2.538724e-16 7.428130e-20 2.260244e-31 4.552355e-33
Algorithm converged after  21  iterations.
[1] 3.136163e-16 6.553793e-20 5.729815e-29 8.531271e-30
Algorithm converged after  7  iterations.
[1] 3.136163e-16 6.553793e-20 2.127121e-31 2.160676e-31
Algorithm converged after  5  iterations.
[1] 3.136163e-16 6.553793e-20 2.127121e-31 5.729815e-29
Algorithm converged after  6  iterations.
[1] 3.136163e-16 6.553793e-20 2.160676e-31 5.729815e-29
Algorithm converged after  6  iterations.
numeric(0)
Algorithm converged after  1  iterations.
[1] 4.455152e-23
Algorithm converged after  2  iterations.
[1] 4.520687e-26
Algorithm converged after  2  iterations.
[1] 1.643521e-17
Algorithm converged after  2  iterations.
[1] 4.455152e-23 1.723756e-29
Algorithm converged after  2  iterations.
[1] 4.520687e-26 1.045125e-39
Algorithm converged after  2  iterations.
[1] 1.643521e-17 3.194601e-23
Algorithm converged after  2  iterations.
[1] 4.455152e-23 4.520687e-26
Algorithm converged after  2  iterations.
[1] 4.455152e-23 1.643521e-17
Algorithm converged after  2  iterations.
[1] 4.520687e-26 1.643521e-17
Algorithm converged after  2  iterations.
[1] 4.455152e-23 1.723756e-29 4.520687e-26
Algorithm converged after  2  iterations.
[1] 4.455152e-23 1.723756e-29 1.643521e-17
Algorithm converged after  2  iterations.
[1] 4.455152e-23 4.520687e-26 1.045125e-39
Algorithm converged after  2  iterations.
[1] 4.455152e-23 1.643521e-17 3.194601e-23
Algorithm converged after  2  iterations.
[1] 4.520687e-26 1.045125e-39 1.643521e-17
Algorithm converged after  2  iterations.
[1] 4.520687e-26 1.643521e-17 3.194601e-23
Algorithm converged after  2  iterations.
[1] 4.455152e-23 4.520687e-26 1.643521e-17
Algorithm converged after  2  iterations.
[1] 4.455152e-23 1.723756e-29 4.520687e-26 1.045125e-39
Algorithm converged after  2  iterations.
[1] 4.455152e-23 1.723756e-29 1.643521e-17 3.194601e-23
Algorithm converged after  2  iterations.
[1] 4.520687e-26 1.045125e-39 1.643521e-17 3.194601e-23
Algorithm converged after  2  iterations.
[1] 4.455152e-23 1.723756e-29 4.520687e-26 1.643521e-17
Algorithm converged after  2  iterations.
[1] 4.455152e-23 4.520687e-26 1.045125e-39 1.643521e-17
Algorithm converged after  2  iterations.
[1] 4.455152e-23 4.520687e-26 1.643521e-17 3.194601e-23
Algorithm converged after  2  iterations.
[1] 3.251856e-16
Algorithm converged after  2  iterations.
[1] 3.251856e-16 7.830688e-25
Algorithm converged after  6  iterations.
[1] 3.251856e-16 1.412469e-24
Algorithm converged after  6  iterations.
[1] 3.251856e-16 3.728140e-23
Algorithm converged after  6  iterations.
[1] 3.251856e-16 7.830688e-25 2.927989e-31
Algorithm converged after  6  iterations.
[1] 3.251856e-16 1.412469e-24 6.133736e-33
Algorithm converged after  6  iterations.
[1] 3.251856e-16 3.728140e-23 4.747202e-29
[1] 4.414758e-16 3.802433e-23 4.849137e-29
[1] 4.383344e-16 3.800739e-23 4.846291e-29
[1] 4.942420e-16 3.833420e-23 1.559405e-54
[1] 4.908673e-16 3.831480e-23 1.231468e-31
[1] 4.953114e-16 3.834424e-23 4.888707e-29
Algorithm converged after  53  iterations.
[1] 3.251856e-16 7.830688e-25 1.412469e-24
Algorithm converged after  7  iterations.
[1] 3.251856e-16 7.830688e-25 3.728140e-23
Algorithm converged after  7  iterations.
[1] 3.251856e-16 1.412469e-24 3.728140e-23
Algorithm converged after  6  iterations.
[1] 3.251856e-16 7.830688e-25 2.927989e-31 1.412469e-24
Algorithm converged after  7  iterations.
[1] 3.251856e-16 7.830688e-25 2.927989e-31 3.728140e-23
Algorithm converged after  7  iterations.
[1] 3.251856e-16 7.830688e-25 1.412469e-24 6.133736e-33
Algorithm converged after  7  iterations.
[1] 3.251856e-16 7.830688e-25 3.728140e-23 4.747202e-29
[1] 6.630264e-16 8.919479e-25 3.922617e-23 1.213144e-31
[1] 6.544798e-16 8.895484e-25 3.918289e-23 1.205990e-31
[1] 6.742051e-16 8.954287e-25 3.928697e-23 4.993580e-29
[1] 6.730634e-16 8.949627e-25 3.927749e-23 4.967397e-29
[1] 6.564906e-16 8.903646e-25 3.919626e-23 1.991288e-32
[1] 6.579393e-16 8.907950e-25 3.920387e-23 4.973457e-29
Algorithm converged after  70  iterations.
[1] 3.251856e-16 1.412469e-24 6.133736e-33 3.728140e-23
Algorithm converged after  7  iterations.
[1] 3.251856e-16 1.412469e-24 3.728140e-23 4.747202e-29
[1] 6.443670e-16 1.578057e-24 3.913741e-23 4.959165e-29
[1] 6.455784e-16 1.578712e-24 3.914615e-23 4.971379e-29
[1] 5.887410e-16 1.552201e-24 3.885204e-23 4.935951e-29
[1] 6.284810e-16 1.570758e-24 3.905742e-23 4.953783e-29
[1] 7.480818e-16 1.623985e-24 3.964232e-23 4.999427e-29
[1] 6.067734e-16 1.560841e-24 3.894721e-23 4.941539e-29
[1] 5.872733e-16 1.551782e-24 3.884762e-23 4.936030e-29
Algorithm converged after  77  iterations.
[1] 3.251856e-16 7.830688e-25 1.412469e-24 3.728140e-23
Algorithm converged after  7  iterations.
[1] 3.251856e-16 9.270016e-20
Algorithm converged after  2  iterations.
[1] 3.251856e-16 9.270016e-20 3.333936e-31
Algorithm converged after  5  iterations.
[1] 3.251856e-16 9.270016e-20 4.863855e-31
Algorithm converged after  5  iterations.
[1] 3.251856e-16 9.270016e-20 4.629492e-29
Algorithm converged after  5  iterations.
[1] 3.251856e-16 9.270016e-20 3.333936e-31 1.029775e-50
Algorithm converged after  9  iterations.
[1] 3.251856e-16 9.270016e-20 4.863855e-31 8.287055e-33
Algorithm converged after  6  iterations.
[1] 3.251856e-16 9.270016e-20 4.629492e-29 1.362239e-29
Algorithm converged after  7  iterations.
[1] 3.251856e-16 9.270016e-20 3.333936e-31 4.863855e-31
Algorithm converged after  5  iterations.
[1] 3.251856e-16 9.270016e-20 3.333936e-31 4.629492e-29
[1] 5.141650e-16 8.344956e-20 3.395885e-31 1.864987e-29
Algorithm converged after  17  iterations.
[1] 3.251856e-16 9.270016e-20 4.863855e-31 4.629492e-29
Algorithm converged after  5  iterations.
numeric(0)
Algorithm converged after  1  iterations.
[1] 2.792982e-23
Algorithm converged after  2  iterations.
[1] 4.844424e-24
Algorithm converged after  2  iterations.
[1] 1.064234e-18
Algorithm converged after  2  iterations.
[1] 2.792982e-23 4.470283e-26
Algorithm converged after  2  iterations.
[1] 4.844424e-24 1.639061e-26
Algorithm converged after  2  iterations.
[1] 1.064234e-18 1.470062e-23
Algorithm converged after  2  iterations.
[1] 2.792982e-23 4.844424e-24
Algorithm converged after  2  iterations.
[1] 2.792982e-23 1.064234e-18
Algorithm converged after  2  iterations.
[1] 4.844424e-24 1.064234e-18
Algorithm converged after  2  iterations.
[1] 2.792982e-23 4.470283e-26 4.844424e-24
Algorithm converged after  2  iterations.
[1] 2.792982e-23 4.470283e-26 1.064234e-18
Algorithm converged after  2  iterations.
[1] 2.792982e-23 4.844424e-24 1.639061e-26
Algorithm converged after  2  iterations.
[1] 2.792982e-23 1.064234e-18 1.470062e-23
Algorithm converged after  2  iterations.
[1] 4.844424e-24 1.639061e-26 1.064234e-18
Algorithm converged after  2  iterations.
[1] 4.844424e-24 1.064234e-18 1.470062e-23
