myseed=5865 

Attaching package: ‘pls’

The following object is masked from ‘package:stats’:

    loadings

Loading required package: lattice
Loading required package: ggplot2
Registered S3 methods overwritten by 'ggplot2':
  method         from 
  [.quosures     rlang
  c.quosures     rlang
  print.quosures rlang

Attaching package: ‘caret’

The following object is masked from ‘package:pls’:

    R2

Loading required package: Matrix
Loading required package: foreach
Loaded glmnet 2.0-18

Parsed with column specification:
cols(
  .default = col_double()
)
See spec(...) for full column specifications.
Parsed with column specification:
cols(
  X1 = col_double()
)
Parsed with column specification:
cols(
  X1 = col_double()
)
numeric(0)
Algorithm converged after  1  iterations.
[1] 2.78253e-23
Algorithm converged after  2  iterations.
[1] 1.838196e-23
Algorithm converged after  2  iterations.
[1] 1.943116e-17
Algorithm converged after  2  iterations.
[1] 2.782530e-23 4.011274e-26
Algorithm converged after  2  iterations.
[1] 1.838196e-23 3.197063e-25
Algorithm converged after  2  iterations.
[1] 1.943116e-17 2.488369e-23
Algorithm converged after  2  iterations.
[1] 2.782530e-23 1.838196e-23
Algorithm converged after  2  iterations.
[1] 2.782530e-23 1.943116e-17
Algorithm converged after  2  iterations.
[1] 1.838196e-23 1.943116e-17
Algorithm converged after  2  iterations.
[1] 2.782530e-23 4.011274e-26 1.838196e-23
Algorithm converged after  2  iterations.
[1] 2.782530e-23 4.011274e-26 1.943116e-17
Algorithm converged after  2  iterations.
[1] 2.782530e-23 1.838196e-23 3.197063e-25
Algorithm converged after  2  iterations.
[1] 2.782530e-23 1.943116e-17 2.488369e-23
Algorithm converged after  2  iterations.
[1] 1.838196e-23 3.197063e-25 1.943116e-17
Algorithm converged after  2  iterations.
[1] 1.838196e-23 1.943116e-17 2.488369e-23
Algorithm converged after  2  iterations.
[1] 2.782530e-23 1.838196e-23 1.943116e-17
Algorithm converged after  2  iterations.
[1] 2.782530e-23 4.011274e-26 1.838196e-23 3.197063e-25
Algorithm converged after  2  iterations.
[1] 2.782530e-23 4.011274e-26 1.943116e-17 2.488369e-23
Algorithm converged after  2  iterations.
[1] 1.838196e-23 3.197063e-25 1.943116e-17 2.488369e-23
Algorithm converged after  2  iterations.
[1] 2.782530e-23 4.011274e-26 1.838196e-23 1.943116e-17
Algorithm converged after  2  iterations.
[1] 2.782530e-23 1.838196e-23 3.197063e-25 1.943116e-17
Algorithm converged after  2  iterations.
[1] 2.782530e-23 1.838196e-23 1.943116e-17 2.488369e-23
Algorithm converged after  2  iterations.
[1] 6.775333e-16
Algorithm converged after  2  iterations.
[1] 6.775333e-16 2.693142e-24
Algorithm converged after  6  iterations.
[1] 6.775333e-16 2.004591e-24
Algorithm converged after  5  iterations.
[1] 6.775333e-16 4.029436e-23
Algorithm converged after  6  iterations.
[1] 6.775333e-16 2.693142e-24 8.835661e-31
Algorithm converged after  6  iterations.
[1] 6.775333e-16 2.004591e-24 3.459916e-33
Algorithm converged after  7  iterations.
[1] 6.775333e-16 4.029436e-23 7.892737e-46
[1] 1.656364e-15 4.411729e-23 3.589928e-32
Algorithm converged after  11  iterations.
[1] 6.775333e-16 2.693142e-24 2.004591e-24
Algorithm converged after  6  iterations.
[1] 6.775333e-16 2.693142e-24 4.029436e-23
Algorithm converged after  7  iterations.
[1] 6.775333e-16 2.004591e-24 4.029436e-23
Algorithm converged after  7  iterations.
[1] 6.775333e-16 2.693142e-24 8.835661e-31 2.004591e-24
Algorithm converged after  7  iterations.
[1] 6.775333e-16 2.693142e-24 8.835661e-31 4.029436e-23
Algorithm converged after  7  iterations.
[1] 6.775333e-16 2.693142e-24 2.004591e-24 3.459916e-33
[1] 1.053681e-15 2.892107e-24 2.121648e-24 3.269219e-33
Algorithm converged after  16  iterations.
[1] 6.775333e-16 2.693142e-24 4.029436e-23 7.892737e-46
[1] 1.784807e-15 3.208474e-24 4.456905e-23 1.118870e-39
[1] 1.906991e-15 3.256180e-24 4.495703e-23 2.887205e-33
[1] 1.782793e-15 3.207799e-24 4.456460e-23 2.958365e-50
[1] 1.797975e-15 3.213720e-24 4.461305e-23 7.612743e-33
[1] 1.776759e-15 3.205497e-24 4.454633e-23 1.111166e-29
[1] 1.784881e-15 3.208707e-24 4.457289e-23 4.561588e-37
[1] 1.774487e-15 3.204699e-24 4.454037e-23 4.628781e-37
Algorithm converged after  72  iterations.
[1] 6.775333e-16 2.004591e-24 3.459916e-33 4.029436e-23
Algorithm converged after  7  iterations.
[1] 6.775333e-16 2.004591e-24 4.029436e-23 7.892737e-46
[1] 1.925856e-15 2.337519e-24 4.500540e-23 6.622609e-44
[1] 1.920810e-15 2.336457e-24 4.499127e-23 3.432135e-32
[1] 1.678738e-15 2.281340e-24 4.422220e-23 3.271027e-32
[1] 1.922329e-15 2.336868e-24 4.499856e-23 5.973566e-34
[1] 1.711608e-15 2.289055e-24 4.433173e-23 3.235009e-32
[1] 1.678935e-15 2.281484e-24 4.422656e-23 3.302971e-32
[1] 1.711863e-15 2.289204e-24 4.433537e-23 3.236172e-32
[1] 1.663147e-15 2.277954e-24 4.417843e-23 3.198686e-32
[1] 1.951052e-15 2.343415e-24 4.509401e-23 8.324775e-35
[1] 1.706481e-15 2.288081e-24 4.432178e-23 3.225474e-32
[1] 1.800310e-15 2.309848e-24 4.462615e-23 1.107741e-29
Algorithm converged after  112  iterations.
[1] 6.775333e-16 2.693142e-24 2.004591e-24 4.029436e-23
Algorithm converged after  7  iterations.
[1] 6.775333e-16 1.501383e-19
Algorithm converged after  2  iterations.
[1] 6.775333e-16 1.501383e-19 1.145225e-30
Algorithm converged after  5  iterations.
[1] 6.775333e-16 1.501383e-19 1.435194e-29
Algorithm converged after  4  iterations.
[1] 6.775333e-16 1.501383e-19 7.000368e-30
Algorithm converged after  6  iterations.
[1] 6.775333e-16 1.501383e-19 1.145225e-30 2.773049e-34
Algorithm converged after  6  iterations.
[1] 6.775333e-16 1.501383e-19 1.435194e-29 2.630469e-38
[1] 6.581065e-16 1.503855e-19 1.437432e-29 2.817517e-38
[1] 7.145550e-16 1.468099e-19 1.448852e-29 4.585256e-33
[1] 6.733810e-16 1.471749e-19 1.448748e-29 2.819882e-38
[1] 7.119787e-16 1.473181e-19 1.448202e-29 6.705894e-50
[1] 6.299529e-16 1.451792e-19 1.458555e-29 2.803723e-38
[1] 7.114672e-16 1.472620e-19 1.449221e-29 5.032942e-35
[1] 6.646849e-16 1.513132e-19 1.437442e-29 3.215668e-33
[1] 6.292386e-16 1.520091e-19 1.438883e-29 2.801653e-38
[1] 5.357628e-16 1.506847e-19 1.458410e-29 2.748866e-38
[1] 7.128089e-16 1.471913e-19 1.452228e-29 2.174669e-69
[1] 7.119770e-16 1.473112e-19 1.451995e-29 2.654675e-61
[1] 7.120373e-16 1.473071e-19 1.452245e-29 2.815040e-38
[1] 7.120623e-16 1.473060e-19 1.452248e-29 2.815050e-38
[1] 7.120381e-16 1.473071e-19 1.452245e-29 2.815040e-38
[1] 7.120623e-16 1.473060e-19 1.452248e-29 2.815050e-38
[1] 7.120381e-16 1.473070e-19 1.452245e-29 2.815041e-38
[1] 7.120623e-16 1.473060e-19 1.452248e-29 2.815050e-38
[1] 7.120382e-16 1.473070e-19 1.452245e-29 2.815041e-38
[1] 7.120624e-16 1.473060e-19 1.452248e-29 2.815050e-38
[1] 7.120382e-16 1.473070e-19 1.452245e-29 2.815041e-38
[1] 7.120624e-16 1.473060e-19 1.452248e-29 2.815050e-38
[1] 7.120382e-16 1.473070e-19 1.452245e-29 2.815041e-38
[1] 7.120624e-16 1.473060e-19 1.452248e-29 2.815051e-38
[1] 7.120383e-16 1.473070e-19 1.452245e-29 2.815041e-38
[1] 7.120624e-16 1.473060e-19 1.452248e-29 2.815051e-38
[1] 7.120383e-16 1.473070e-19 1.452245e-29 2.815041e-38
[1] 7.120624e-16 1.473060e-19 1.452248e-29 2.815051e-38
[1] 7.120382e-16 1.473070e-19 1.452245e-29 2.815041e-38
[1] 7.120620e-16 1.473060e-19 1.452248e-29 2.815050e-38
[1] 7.120371e-16 1.473071e-19 1.452245e-29 2.815040e-38
[1] 7.120620e-16 1.473060e-19 1.452248e-29 2.815050e-38
[1] 7.120383e-16 1.473070e-19 1.452245e-29 2.815041e-38
[1] 7.120624e-16 1.473060e-19 1.452248e-29 2.815049e-38
[1] 7.120377e-16 1.473070e-19 1.452245e-29 2.815041e-38
[1] 7.120624e-16 1.473060e-19 1.452248e-29 2.815049e-38
[1] 7.120379e-16 1.473070e-19 1.452245e-29 2.815041e-38
[1] 7.120625e-16 1.473060e-19 1.452248e-29 2.815050e-38
[1] 7.120385e-16 1.473070e-19 1.452245e-29 2.815041e-38
[1] 7.120632e-16 1.473059e-19 1.452248e-29 2.815050e-38
[1] 7.120511e-16 1.473065e-19 1.452247e-29 2.815046e-38
[1] 7.120319e-16 1.473073e-19 1.452245e-29 2.815038e-38
[1] 7.120624e-16 1.473060e-19 1.452248e-29 2.815050e-38
[1] 7.120403e-16 1.473069e-19 1.452246e-29 2.815042e-38
[1] 7.120637e-16 1.473059e-19 1.452248e-29 2.815051e-38
[1] 7.120595e-16 1.473061e-19 1.452248e-29 2.815050e-38
[1] 7.120402e-16 1.473069e-19 1.452246e-29 2.815042e-38
[1] 7.120637e-16 1.473059e-19 1.452248e-29 2.815051e-38
[1] 7.120603e-16 1.473061e-19 1.452248e-29 2.815050e-38
[1] 7.120387e-16 1.473070e-19 1.452245e-29 2.815041e-38
Algorithm did not converge after  500  iterations.
[1] 6.775333e-16 1.501383e-19 7.000368e-30 8.171318e-30
Algorithm converged after  7  iterations.
[1] 6.775333e-16 1.501383e-19 1.145225e-30 1.435194e-29
Algorithm converged after  5  iterations.
[1] 6.775333e-16 1.501383e-19 1.145225e-30 7.000368e-30
[1] 1.000705e-15 1.322841e-19 1.192319e-30 7.341035e-30
[1] 1.007891e-15 1.322252e-19 1.193020e-30 1.007462e-29
[1] 1.008059e-15 1.335807e-19 1.191721e-30 7.094698e-30
Algorithm converged after  34  iterations.
[1] 6.775333e-16 1.501383e-19 1.435194e-29 7.000368e-30
Algorithm converged after  6  iterations.
numeric(0)
Algorithm converged after  1  iterations.
[1] 1.043221e-23
Algorithm converged after  2  iterations.
[1] 2.62253e-23
Algorithm converged after  2  iterations.
[1] 9.185565e-18
Algorithm converged after  2  iterations.
[1] 1.043221e-23 9.261544e-27
Algorithm converged after  2  iterations.
[1] 2.622530e-23 5.125363e-25
Algorithm converged after  2  iterations.
[1] 9.185565e-18 7.418062e-24
Algorithm converged after  2  iterations.
[1] 1.043221e-23 2.622530e-23
Algorithm converged after  2  iterations.
[1] 1.043221e-23 9.185565e-18
Algorithm converged after  2  iterations.
[1] 2.622530e-23 9.185565e-18
Algorithm converged after  2  iterations.
[1] 1.043221e-23 9.261544e-27 2.622530e-23
Algorithm converged after  2  iterations.
[1] 1.043221e-23 9.261544e-27 9.185565e-18
Algorithm converged after  2  iterations.
[1] 1.043221e-23 2.622530e-23 5.125363e-25
Algorithm converged after  2  iterations.
[1] 1.043221e-23 9.185565e-18 7.418062e-24
Algorithm converged after  2  iterations.
[1] 2.622530e-23 5.125363e-25 9.185565e-18
Algorithm converged after  2  iterations.
[1] 2.622530e-23 9.185565e-18 7.418062e-24
Algorithm converged after  2  iterations.
[1] 1.043221e-23 2.622530e-23 9.185565e-18
Algorithm converged after  2  iterations.
[1] 1.043221e-23 9.261544e-27 2.622530e-23 5.125363e-25
Algorithm converged after  2  iterations.
[1] 1.043221e-23 9.261544e-27 9.185565e-18 7.418062e-24
Algorithm converged after  2  iterations.
[1] 2.622530e-23 5.125363e-25 9.185565e-18 7.418062e-24
Algorithm converged after  2  iterations.
[1] 1.043221e-23 9.261544e-27 2.622530e-23 9.185565e-18
Algorithm converged after  2  iterations.
[1] 1.043221e-23 2.622530e-23 5.125363e-25 9.185565e-18
Algorithm converged after  2  iterations.
[1] 1.043221e-23 2.622530e-23 9.185565e-18 7.418062e-24
Algorithm converged after  2  iterations.
[1] 3.711639e-16
Algorithm converged after  2  iterations.
[1] 3.711639e-16 1.173470e-24
Algorithm converged after  6  iterations.
[1] 3.711639e-16 2.936009e-24
Algorithm converged after  5  iterations.
[1] 3.711639e-16 1.777863e-23
Algorithm converged after  6  iterations.
[1] 3.711639e-16 1.173470e-24 9.607035e-31
Algorithm converged after  6  iterations.
[1] 3.711639e-16 2.936009e-24 2.539649e-33
[1] 3.971346e-16 2.957665e-24 2.318257e-33
[1] 3.972851e-16 2.957814e-24 2.316196e-33
[1] 3.972848e-16 2.957840e-24 2.316197e-33
[1] 3.972845e-16 2.957866e-24 2.316197e-33
[1] 3.972842e-16 2.957892e-24 2.316198e-33
[1] 3.972839e-16 2.957917e-24 2.316199e-33
[1] 3.972836e-16 2.957943e-24 2.316200e-33
[1] 3.972834e-16 2.957969e-24 2.316201e-33
[1] 3.972831e-16 2.957995e-24 2.316202e-33
[1] 3.972829e-16 2.958021e-24 2.316203e-33
[1] 3.972827e-16 2.958046e-24 2.316204e-33
[1] 3.972825e-16 2.958072e-24 2.316205e-33
[1] 3.972823e-16 2.958098e-24 2.316206e-33
[1] 3.972821e-16 2.958124e-24 2.316207e-33
[1] 3.972820e-16 2.958150e-24 2.316208e-33
[1] 3.972819e-16 2.958176e-24 2.316209e-33
[1] 3.972818e-16 2.958202e-24 2.316210e-33
[1] 3.972818e-16 2.958228e-24 2.316211e-33
[1] 3.972817e-16 2.958254e-24 2.316213e-33
[1] 3.972817e-16 2.958280e-24 2.316214e-33
[1] 3.972818e-16 2.958306e-24 2.316215e-33
[1] 3.972819e-16 2.958332e-24 2.316217e-33
[1] 3.972730e-16 2.958351e-24 2.316210e-33
[1] 3.972728e-16 2.958377e-24 2.316207e-33
[1] 3.972724e-16 2.958402e-24 2.316208e-33
[1] 3.972719e-16 2.958428e-24 2.316208e-33
[1] 3.972714e-16 2.958454e-24 2.316209e-33
[1] 3.972709e-16 2.958479e-24 2.316209e-33
[1] 3.972705e-16 2.958505e-24 2.316210e-33
[1] 3.972700e-16 2.958530e-24 2.316211e-33
[1] 3.972695e-16 2.958556e-24 2.316211e-33
[1] 3.972690e-16 2.958582e-24 2.316212e-33
[1] 3.972685e-16 2.958607e-24 2.316213e-33
[1] 3.972681e-16 2.958633e-24 2.316213e-33
[1] 3.972676e-16 2.958658e-24 2.316214e-33
[1] 3.972671e-16 2.958684e-24 2.316214e-33
[1] 3.972666e-16 2.958710e-24 2.316215e-33
[1] 3.972662e-16 2.958735e-24 2.316216e-33
[1] 3.972657e-16 2.958761e-24 2.316216e-33
[1] 3.972652e-16 2.958786e-24 2.316217e-33
[1] 3.972647e-16 2.958812e-24 2.316218e-33
[1] 3.972642e-16 2.958838e-24 2.316218e-33
[1] 3.972638e-16 2.958863e-24 2.316219e-33
[1] 3.972633e-16 2.958889e-24 2.316219e-33
[1] 3.972628e-16 2.958914e-24 2.316220e-33
[1] 3.972623e-16 2.958940e-24 2.316221e-33
[1] 3.972619e-16 2.958966e-24 2.316221e-33
[1] 3.972614e-16 2.958991e-24 2.316222e-33
[1] 3.972609e-16 2.959017e-24 2.316223e-33
Algorithm did not converge after  500  iterations.
[1] 3.711639e-16 1.777863e-23 1.379948e-29
Algorithm converged after  10  iterations.
[1] 3.711639e-16 1.173470e-24 2.936009e-24
Algorithm converged after  6  iterations.
[1] 3.711639e-16 1.173470e-24 1.777863e-23
Algorithm converged after  7  iterations.
[1] 3.711639e-16 2.936009e-24 1.777863e-23
Algorithm converged after  7  iterations.
[1] 3.711639e-16 1.173470e-24 9.607035e-31 2.936009e-24
Algorithm converged after  7  iterations.
[1] 3.711639e-16 1.173470e-24 9.607035e-31 1.777863e-23
Algorithm converged after  8  iterations.
[1] 3.711639e-16 1.173470e-24 2.936009e-24 2.539649e-33
Algorithm converged after  7  iterations.
[1] 3.711639e-16 1.173470e-24 1.777863e-23 1.379948e-29
Algorithm converged after  9  iterations.
[1] 3.711639e-16 2.936009e-24 2.539649e-33 1.777863e-23
Algorithm converged after  8  iterations.
[1] 3.711639e-16 2.936009e-24 1.777863e-23 1.379948e-29
Algorithm converged after  9  iterations.
[1] 3.711639e-16 1.173470e-24 2.936009e-24 1.777863e-23
Algorithm converged after  8  iterations.
[1] 3.711639e-16 7.675039e-20
Algorithm converged after  2  iterations.
[1] 3.711639e-16 7.675039e-20 1.174744e-30
Algorithm converged after  5  iterations.
[1] 3.711639e-16 7.675039e-20 1.582076e-29
Algorithm converged after  4  iterations.
[1] 3.711639e-16 7.675039e-20 1.927756e-29
Algorithm converged after  7  iterations.
[1] 3.711639e-16 7.675039e-20 1.174744e-30 1.770297e-34
Algorithm converged after  5  iterations.
[1] 3.711639e-16 7.675039e-20 1.582076e-29 4.083457e-47
[1] 2.913915e-16 7.262812e-20 1.622057e-29 2.102484e-33
Algorithm converged after  13  iterations.
[1] 3.711639e-16 7.675039e-20 1.927756e-29 2.407650e-30
Algorithm converged after  8  iterations.
[1] 3.711639e-16 7.675039e-20 1.174744e-30 1.582076e-29
Algorithm converged after  5  iterations.
[1] 3.711639e-16 7.675039e-20 1.174744e-30 1.927756e-29
Algorithm converged after  7  iterations.
[1] 3.711639e-16 7.675039e-20 1.582076e-29 1.927756e-29
Algorithm converged after  7  iterations.
numeric(0)
Algorithm converged after  1  iterations.
[1] 2.997206e-23
Algorithm converged after  2  iterations.
[1] 2.74392e-24
Algorithm converged after  2  iterations.
[1] 1.178265e-18
Algorithm converged after  2  iterations.
[1] 2.997206e-23 3.176620e-26
Algorithm converged after  2  iterations.
[1] 2.74392e-24 4.66129e-25
Algorithm converged after  2  iterations.
[1] 1.178265e-18 8.121622e-24
Algorithm converged after  2  iterations.
[1] 2.997206e-23 2.743920e-24
Algorithm converged after  2  iterations.
[1] 2.997206e-23 1.178265e-18
Algorithm converged after  2  iterations.
[1] 2.743920e-24 1.178265e-18
Algorithm converged after  2  iterations.
[1] 2.997206e-23 3.176620e-26 2.743920e-24
Algorithm converged after  2  iterations.
[1] 2.997206e-23 3.176620e-26 1.178265e-18
Algorithm converged after  2  iterations.
[1] 2.997206e-23 2.743920e-24 4.661290e-25
Algorithm converged after  2  iterations.
[1] 2.997206e-23 1.178265e-18 8.121622e-24
Algorithm converged after  2  iterations.
[1] 2.743920e-24 4.661290e-25 1.178265e-18
Algorithm converged after  2  iterations.
[1] 2.743920e-24 1.178265e-18 8.121622e-24
Algorithm converged after  2  iterations.
[1] 2.997206e-23 2.743920e-24 1.178265e-18
Algorithm converged after  2  iterations.
[1] 2.997206e-23 3.176620e-26 2.743920e-24 4.661290e-25
Algorithm converged after  2  iterations.
[1] 2.997206e-23 3.176620e-26 1.178265e-18 8.121622e-24
Algorithm converged after  2  iterations.
[1] 2.743920e-24 4.661290e-25 1.178265e-18 8.121622e-24
Algorithm converged after  2  iterations.
[1] 2.997206e-23 3.176620e-26 2.743920e-24 1.178265e-18
Algorithm converged after  2  iterations.
[1] 2.997206e-23 2.743920e-24 4.661290e-25 1.178265e-18
Algorithm converged after  2  iterations.
[1] 2.997206e-23 2.743920e-24 1.178265e-18 8.121622e-24
Algorithm converged after  2  iterations.
[1] 8.223182e-17
Algorithm converged after  2  iterations.
[1] 8.223182e-17 2.945103e-24
Algorithm converged after  6  iterations.
[1] 8.223182e-17 2.135554e-24
Algorithm converged after  5  iterations.
[1] 8.223182e-17 3.006549e-23
Algorithm converged after  8  iterations.
[1] 8.223182e-17 2.945103e-24 1.116985e-30
Algorithm converged after  6  iterations.
[1] 8.223182e-17 2.135554e-24 1.219453e-32
[1] 1.016976e-16 2.177538e-24 1.696748e-33
[1] 1.110507e-16 2.196312e-24 1.683371e-33
[1] 8.871949e-17 2.150140e-24 1.986139e-33
[1] 1.017009e-16 2.178026e-24 1.693603e-33
[1] 1.109725e-16 2.196647e-24 1.684066e-33
[1] 1.147844e-16 2.204184e-24 1.676614e-33
[1] 1.148611e-16 2.204472e-24 5.152913e-38
[1] 1.148105e-16 2.204405e-24 1.041375e-54
[1] 1.018131e-16 2.178536e-24 1.693888e-33
Algorithm converged after  98  iterations.
[1] 8.223182e-17 3.006549e-23 1.603900e-30
Algorithm converged after  9  iterations.
[1] 8.223182e-17 2.945103e-24 2.135554e-24
Algorithm converged after  7  iterations.
[1] 8.223182e-17 2.945103e-24 3.006549e-23
Algorithm converged after  8  iterations.
[1] 8.223182e-17 2.135554e-24 3.006549e-23
Algorithm converged after  8  iterations.
[1] 8.223182e-17 2.945103e-24 1.116985e-30 2.135554e-24
Algorithm converged after  7  iterations.
[1] 8.223182e-17 2.945103e-24 1.116985e-30 3.006549e-23
Algorithm converged after  8  iterations.
[1] 8.223182e-17 2.945103e-24 2.135554e-24 1.219453e-32
[1] 1.578929e-16 3.205940e-24 2.282942e-24 5.336772e-38
[1] 1.570901e-16 3.203826e-24 2.281848e-24 8.156520e-60
[1] 1.642586e-16 3.225455e-24 2.294151e-24 9.846419e-50
[1] 1.530303e-16 3.191778e-24 2.275063e-24 1.638263e-33
[1] 1.624188e-16 3.220192e-24 2.290927e-24 5.304447e-38
[1] 1.676202e-16 3.235892e-24 2.299905e-24 5.342801e-38
[1] 1.680209e-16 3.236926e-24 2.300290e-24 1.934999e-50
[1] 1.736836e-16 3.253770e-24 2.309892e-24 2.628519e-31
[1] 1.638257e-16 3.224958e-24 2.293628e-24 5.344912e-38
[1] 1.677862e-16 3.236791e-24 2.300240e-24 5.356833e-38
[1] 1.672422e-16 3.235417e-24 2.299362e-24 6.897431e-35
[1] 1.661932e-16 3.232337e-24 2.297626e-24 1.152078e-32
[1] 1.661930e-16 3.232338e-24 2.297626e-24 1.152076e-32
[1] 1.661927e-16 3.232339e-24 2.297626e-24 1.152076e-32
[1] 1.661925e-16 3.232341e-24 2.297626e-24 1.152074e-32
[1] 1.661925e-16 3.232342e-24 2.297626e-24 1.152072e-32
[1] 1.661920e-16 3.232343e-24 2.297626e-24 1.152072e-32
[1] 1.661917e-16 3.232344e-24 2.297626e-24 1.152071e-32
[1] 1.661932e-16 3.232350e-24 2.297629e-24 1.152068e-32
[1] 1.661932e-16 3.232352e-24 2.297629e-24 1.152067e-32
[1] 1.661932e-16 3.232354e-24 2.297630e-24 1.152065e-32
[1] 1.661932e-16 3.232356e-24 2.297630e-24 1.152064e-32
[1] 1.661932e-16 3.232357e-24 2.297630e-24 1.152062e-32
[1] 1.661932e-16 3.232359e-24 2.297631e-24 1.152061e-32
[1] 1.661931e-16 3.232361e-24 2.297631e-24 1.152060e-32
[1] 1.661932e-16 3.232363e-24 2.297632e-24 1.152058e-32
[1] 1.677194e-16 3.237030e-24 2.300199e-24 7.223366e-34
[1] 1.671332e-16 3.235331e-24 2.299233e-24 7.235363e-34
[1] 1.671304e-16 3.235347e-24 2.299232e-24 7.222481e-34
[1] 1.672024e-16 3.235564e-24 2.299353e-24 1.588877e-33
[1] 1.678233e-16 3.237448e-24 2.300399e-24 5.268785e-38
[1] 1.672521e-16 3.235813e-24 2.299461e-24 1.048589e-50
[1] 1.672500e-16 3.235949e-24 2.299481e-24 7.819324e-35
[1] 1.674093e-16 3.236654e-24 2.299833e-24 1.587024e-33
[1] 1.622066e-16 3.221020e-24 2.290834e-24 2.288254e-63
[1] 1.532968e-16 3.194293e-24 2.275886e-24 2.655284e-31
Algorithm converged after  367  iterations.
[1] 8.223182e-17 2.945103e-24 3.006549e-23 1.603900e-30
Algorithm converged after  9  iterations.
[1] 8.223182e-17 2.135554e-24 1.219453e-32 3.006549e-23
[1] 3.356463e-16 2.535402e-24 5.324640e-38 3.724712e-23
[1] 3.565648e-16 2.560734e-24 1.646309e-37 3.770603e-23
[1] 3.676343e-16 2.574132e-24 7.420472e-38 3.794544e-23
[1] 3.562643e-16 2.560565e-24 5.432063e-38 3.770324e-23
[1] 3.801472e-16 2.588891e-24 2.051846e-31 3.821161e-23
[1] 3.554772e-16 2.559642e-24 7.984624e-34 3.768842e-23
[1] 3.555652e-16 2.559776e-24 7.984333e-34 3.769409e-23
[1] 3.360846e-16 2.536046e-24 2.425262e-38 3.727346e-23
[1] 3.562823e-16 2.560667e-24 1.565523e-36 3.771430e-23
[1] 3.675227e-16 2.574098e-24 1.652320e-37 3.795807e-23
[1] 2.503036e-16 2.423278e-24 1.104746e-50 3.530109e-23
[1] 3.346431e-16 2.534426e-24 1.591436e-37 3.728713e-23
[1] 3.570550e-16 2.561790e-24 1.565986e-36 3.777806e-23
[1] 3.611099e-16 2.566535e-24 2.075483e-31 3.786588e-23
[1] 3.541759e-16 2.558335e-24 1.659352e-36 3.772060e-23
[1] 3.681601e-16 2.575142e-24 5.333866e-38 3.802175e-23
[1] 3.526867e-16 2.556573e-24 7.895263e-34 3.769093e-23
[1] 3.553187e-16 2.559753e-24 1.597439e-37 3.774967e-23
[1] 3.492425e-16 2.552346e-24 5.435667e-38 3.762306e-23
[1] 3.603513e-16 2.565670e-24 5.473800e-38 3.786621e-23
[1] 3.362464e-16 2.536620e-24 7.885672e-34 3.734655e-23
[1] 3.565201e-16 2.561343e-24 1.594172e-37 3.779360e-23
[1] 3.569984e-16 2.561921e-24 1.644824e-37 3.780619e-23
[1] 3.565035e-16 2.561320e-24 1.645583e-37 3.779826e-23
[1] 3.335071e-16 2.533273e-24 7.629751e-38 3.729887e-23
[1] 3.628592e-16 2.568894e-24 5.633435e-36 3.794303e-23
[1] 3.638194e-16 2.570066e-24 1.344431e-36 3.796897e-23
[1] 3.564678e-16 2.561411e-24 1.594265e-37 3.781229e-23
[1] 3.557297e-16 2.560544e-24 1.644359e-37 3.780181e-23
[1] 3.547601e-16 2.559359e-24 7.908064e-34 3.778172e-23
[1] 3.559847e-16 2.560854e-24 5.453293e-38 3.781121e-23
[1] 3.564932e-16 2.561476e-24 7.901017e-34 3.782457e-23
[1] 3.559447e-16 2.560852e-24 4.447517e-65 3.781386e-23
[1] 3.597011e-16 2.565239e-24 1.648774e-37 3.789732e-23
[1] 3.666199e-16 2.573637e-24 1.603316e-37 3.804867e-23
[1] 3.555860e-16 2.560292e-24 1.646573e-37 3.781396e-23
[1] 3.638611e-16 2.570298e-24 1.650563e-37 3.799571e-23
[1] 3.571785e-16 2.562427e-24 5.336065e-38 3.785425e-23
[1] 3.682066e-16 2.575623e-24 9.867680e-37 3.809144e-23
[1] 3.505716e-16 2.554455e-24 7.991342e-34 3.771235e-23
[1] 3.570530e-16 2.562277e-24 1.645597e-37 3.785385e-23
[1] 3.570434e-16 2.562274e-24 1.645684e-37 3.785463e-23
[1] 3.362089e-16 2.536926e-24 5.423059e-38 3.740308e-23
[1] 3.562909e-16 2.561418e-24 5.335081e-38 3.784289e-23
[1] 3.557968e-16 2.560827e-24 5.334744e-38 3.783233e-23
[1] 3.575279e-16 2.562900e-24 5.432032e-38 3.787001e-23
[1] 3.639401e-16 2.570502e-24 1.650848e-37 3.801262e-23
[1] 3.671327e-16 2.574346e-24 2.615447e-38 3.808474e-23
[1] 3.575928e-16 2.563046e-24 7.904882e-34 3.788286e-23
Algorithm did not converge after  500  iterations.
[1] 8.223182e-17 2.135554e-24 3.006549e-23 1.603900e-30
Algorithm converged after  8  iterations.
[1] 8.223182e-17 2.945103e-24 2.135554e-24 3.006549e-23
Algorithm converged after  8  iterations.
[1] 8.223182e-17 7.888644e-20
Algorithm converged after  2  iterations.
[1] 8.223182e-17 7.888644e-20 1.512293e-30
Algorithm converged after  6  iterations.
[1] 8.223182e-17 7.888644e-20 2.597614e-31
Algorithm converged after  4  iterations.
[1] 8.223182e-17 7.888644e-20 4.755302e-29
Algorithm converged after  6  iterations.
[1] 8.223182e-17 7.888644e-20 1.512293e-30 9.036992e-34
[1] 1.209184e-16 7.014905e-20 1.552376e-30 2.351907e-34
Algorithm converged after  17  iterations.
[1] 8.223182e-17 7.888644e-20 2.597614e-31 1.494205e-33
[1] 8.683941e-17 7.775822e-20 2.595036e-31 1.428892e-33
[1] 8.685629e-17 7.775518e-20 2.595116e-31 1.679818e-37
Algorithm converged after  21  iterations.
[1] 8.223182e-17 7.888644e-20 4.755302e-29 4.194598e-30
Algorithm converged after  7  iterations.
[1] 8.223182e-17 7.888644e-20 1.512293e-30 2.597614e-31
Algorithm converged after  6  iterations.
[1] 8.223182e-17 7.888644e-20 1.512293e-30 4.755302e-29
Algorithm converged after  6  iterations.
[1] 8.223182e-17 7.888644e-20 2.597614e-31 4.755302e-29
Algorithm converged after  6  iterations.
numeric(0)
Algorithm converged after  1  iterations.
[1] 5.257137e-23
Algorithm converged after  2  iterations.
[1] 2.108202e-23
Algorithm converged after  2  iterations.
[1] 8.95987e-18
Algorithm converged after  2  iterations.
[1] 5.257137e-23 3.592605e-26
Algorithm converged after  2  iterations.
[1] 2.108202e-23 3.994212e-25
Algorithm converged after  2  iterations.
[1] 8.959870e-18 1.341695e-23
Algorithm converged after  2  iterations.
[1] 5.257137e-23 2.108202e-23
Algorithm converged after  2  iterations.
[1] 5.257137e-23 8.959870e-18
Algorithm converged after  2  iterations.
[1] 2.108202e-23 8.959870e-18
Algorithm converged after  2  iterations.
[1] 5.257137e-23 3.592605e-26 2.108202e-23
Algorithm converged after  2  iterations.
[1] 5.257137e-23 3.592605e-26 8.959870e-18
Algorithm converged after  2  iterations.
[1] 5.257137e-23 2.108202e-23 3.994212e-25
Algorithm converged after  2  iterations.
[1] 5.257137e-23 8.959870e-18 1.341695e-23
Algorithm converged after  2  iterations.
[1] 2.108202e-23 3.994212e-25 8.959870e-18
Algorithm converged after  2  iterations.
[1] 2.108202e-23 8.959870e-18 1.341695e-23
Algorithm converged after  2  iterations.
[1] 5.257137e-23 2.108202e-23 8.959870e-18
Algorithm converged after  2  iterations.
[1] 5.257137e-23 3.592605e-26 2.108202e-23 3.994212e-25
Algorithm converged after  2  iterations.
[1] 5.257137e-23 3.592605e-26 8.959870e-18 1.341695e-23
Algorithm converged after  2  iterations.
[1] 2.108202e-23 3.994212e-25 8.959870e-18 1.341695e-23
Algorithm converged after  2  iterations.
[1] 5.257137e-23 3.592605e-26 2.108202e-23 8.959870e-18
Algorithm converged after  2  iterations.
[1] 5.257137e-23 2.108202e-23 3.994212e-25 8.959870e-18
Algorithm converged after  2  iterations.
[1] 5.257137e-23 2.108202e-23 8.959870e-18 1.341695e-23
Algorithm converged after  2  iterations.
[1] 3.391757e-16
Algorithm converged after  2  iterations.
[1] 3.391757e-16 5.846581e-24
Algorithm converged after  6  iterations.
[1] 3.391757e-16 2.510783e-24
Algorithm converged after  5  iterations.
[1] 3.391757e-16 3.104617e-23
Algorithm converged after  7  iterations.
[1] 3.391757e-16 5.846581e-24 3.596447e-37
Algorithm converged after  8  iterations.
[1] 3.391757e-16 2.510783e-24 1.546782e-29
Algorithm converged after  7  iterations.
[1] 3.391757e-16 3.104617e-23 1.972536e-30
Algorithm converged after  7  iterations.
[1] 3.391757e-16 5.846581e-24 2.510783e-24
Algorithm converged after  6  iterations.
[1] 3.391757e-16 5.846581e-24 3.104617e-23
Algorithm converged after  7  iterations.
[1] 3.391757e-16 2.510783e-24 3.104617e-23
Algorithm converged after  7  iterations.
[1] 3.391757e-16 5.846581e-24 3.596447e-37 2.510783e-24
Algorithm converged after  7  iterations.
[1] 3.391757e-16 5.846581e-24 3.596447e-37 3.104617e-23
[1] 1.259955e-15 7.093910e-24 6.106408e-53 3.752171e-23
[1] 1.272148e-15 7.106419e-24 2.403094e-31 3.758891e-23
Algorithm converged after  29  iterations.
[1] 3.391757e-16 5.846581e-24 2.510783e-24 1.546782e-29
[1] 6.180641e-16 6.301943e-24 2.697950e-24 1.601376e-33
[1] 6.318718e-16 6.322302e-24 2.706242e-24 1.589804e-33
[1] 5.983700e-16 6.274367e-24 2.686371e-24 1.601628e-33
[1] 6.244020e-16 6.313054e-24 2.702288e-24 3.617549e-36
[1] 5.291671e-16 6.172404e-24 2.643730e-24 1.812189e-33
Algorithm converged after  51  iterations.
[1] 3.391757e-16 5.846581e-24 3.104617e-23 1.972536e-30
Algorithm converged after  8  iterations.
[1] 3.391757e-16 2.510783e-24 1.546782e-29 3.104617e-23
[1] 9.198511e-16 2.862076e-24 1.487497e-33 3.549659e-23
Algorithm converged after  11  iterations.
[1] 3.391757e-16 2.510783e-24 3.104617e-23 1.972536e-30
Algorithm converged after  7  iterations.
[1] 3.391757e-16 5.846581e-24 2.510783e-24 3.104617e-23
Algorithm converged after  8  iterations.
[1] 3.391757e-16 1.454369e-19
Algorithm converged after  2  iterations.
[1] 3.391757e-16 1.454369e-19 2.952182e-31
Algorithm converged after  5  iterations.
[1] 3.391757e-16 1.454369e-19 1.605558e-29
Algorithm converged after  4  iterations.
[1] 3.391757e-16 1.454369e-19 5.921105e-29
Algorithm converged after  6  iterations.
[1] 3.391757e-16 1.454369e-19 2.952182e-31 2.220353e-34
Algorithm converged after  5  iterations.
[1] 3.391757e-16 1.454369e-19 1.605558e-29 1.393435e-33
Algorithm converged after  9  iterations.
[1] 3.391757e-16 1.454369e-19 5.921105e-29 4.832360e-30
Algorithm converged after  7  iterations.
[1] 3.391757e-16 1.454369e-19 2.952182e-31 1.605558e-29
Algorithm converged after  5  iterations.
[1] 3.391757e-16 1.454369e-19 2.952182e-31 5.921105e-29
Algorithm converged after  6  iterations.
[1] 3.391757e-16 1.454369e-19 1.605558e-29 5.921105e-29
Algorithm converged after  6  iterations.
numeric(0)
Algorithm converged after  1  iterations.
[1] 2.988007e-23
Algorithm converged after  2  iterations.
[1] 4.686526e-24
Algorithm converged after  2  iterations.
[1] 2.05826e-17
Algorithm converged after  2  iterations.
[1] 2.988007e-23 3.049520e-26
Algorithm converged after  2  iterations.
[1] 4.686526e-24 6.774600e-25
Algorithm converged after  2  iterations.
[1] 2.058260e-17 1.057422e-23
Algorithm converged after  2  iterations.
[1] 2.988007e-23 4.686526e-24
Algorithm converged after  2  iterations.
[1] 2.988007e-23 2.058260e-17
Algorithm converged after  2  iterations.
[1] 4.686526e-24 2.058260e-17
Algorithm converged after  2  iterations.
[1] 2.988007e-23 3.049520e-26 4.686526e-24
Algorithm converged after  2  iterations.
[1] 2.988007e-23 3.049520e-26 2.058260e-17
Algorithm converged after  2  iterations.
[1] 2.988007e-23 4.686526e-24 6.774600e-25
Algorithm converged after  2  iterations.
[1] 2.988007e-23 2.058260e-17 1.057422e-23
Algorithm converged after  2  iterations.
[1] 4.686526e-24 6.774600e-25 2.058260e-17
Algorithm converged after  2  iterations.
[1] 4.686526e-24 2.058260e-17 1.057422e-23
Algorithm converged after  2  iterations.
[1] 2.988007e-23 4.686526e-24 2.058260e-17
Algorithm converged after  2  iterations.
[1] 2.988007e-23 3.049520e-26 4.686526e-24 6.774600e-25
Algorithm converged after  2  iterations.
[1] 2.988007e-23 3.049520e-26 2.058260e-17 1.057422e-23
Algorithm converged after  2  iterations.
[1] 4.686526e-24 6.774600e-25 2.058260e-17 1.057422e-23
Algorithm converged after  2  iterations.
[1] 2.988007e-23 3.049520e-26 4.686526e-24 2.058260e-17
Algorithm converged after  2  iterations.
[1] 2.988007e-23 4.686526e-24 6.774600e-25 2.058260e-17
Algorithm converged after  2  iterations.
[1] 2.988007e-23 4.686526e-24 2.058260e-17 1.057422e-23
Algorithm converged after  2  iterations.
[1] 6.145559e-16
Algorithm converged after  2  iterations.
[1] 6.145559e-16 2.661206e-24
Algorithm converged after  6  iterations.
[1] 6.145559e-16 3.949769e-24
Algorithm converged after  5  iterations.
[1] 6.145559e-16 2.030126e-23
Algorithm converged after  6  iterations.
[1] 6.145559e-16 2.661206e-24 6.916545e-31
Algorithm converged after  6  iterations.
[1] 6.145559e-16 3.949769e-24 3.173432e-33
[1] 6.214398e-16 3.955530e-24 2.640980e-53
[1] 6.235751e-16 3.956990e-24 7.961165e-33
[1] 6.204896e-16 3.954927e-24 2.454872e-52
Algorithm converged after  39  iterations.
[1] 6.145559e-16 2.030126e-23 1.787003e-29
Algorithm converged after  8  iterations.
[1] 6.145559e-16 2.661206e-24 3.949769e-24
Algorithm converged after  6  iterations.
[1] 6.145559e-16 2.661206e-24 2.030126e-23
Algorithm converged after  7  iterations.
[1] 6.145559e-16 3.949769e-24 2.030126e-23
Algorithm converged after  7  iterations.
[1] 6.145559e-16 2.661206e-24 6.916545e-31 3.949769e-24
Algorithm converged after  7  iterations.
[1] 6.145559e-16 2.661206e-24 6.916545e-31 2.030126e-23
Algorithm converged after  8  iterations.
[1] 6.145559e-16 2.661206e-24 3.949769e-24 3.173432e-33
Algorithm converged after  6  iterations.
[1] 6.145559e-16 2.661206e-24 2.030126e-23 1.787003e-29
Algorithm converged after  10  iterations.
[1] 6.145559e-16 3.949769e-24 3.173432e-33 2.030126e-23
Algorithm converged after  9  iterations.
[1] 6.145559e-16 3.949769e-24 2.030126e-23 1.787003e-29
Algorithm converged after  9  iterations.
[1] 6.145559e-16 2.661206e-24 3.949769e-24 2.030126e-23
Algorithm converged after  8  iterations.
[1] 6.145559e-16 1.305792e-19
Algorithm converged after  2  iterations.
[1] 6.145559e-16 1.305792e-19 7.792014e-31
Algorithm converged after  5  iterations.
[1] 6.145559e-16 1.305792e-19 1.903379e-40
[1] 5.232798e-16 1.240705e-19 4.696606e-33
Algorithm converged after  18  iterations.
[1] 6.145559e-16 1.305792e-19 2.056268e-29
Algorithm converged after  6  iterations.
[1] 6.145559e-16 1.305792e-19 7.792014e-31 9.956665e-35
Algorithm converged after  8  iterations.
[1] 6.145559e-16 1.305792e-19 1.903379e-40 1.604396e-45
[1] 5.535648e-16 1.352441e-19 6.916133e-33 3.622306e-33
[1] 4.656338e-16 1.299013e-19 2.850553e-33 4.552216e-34
Algorithm converged after  30  iterations.
[1] 6.145559e-16 1.305792e-19 2.056268e-29 1.835811e-30
Algorithm converged after  7  iterations.
[1] 6.145559e-16 1.305792e-19 7.792014e-31 1.903379e-40
[1] 6.136109e-16 1.309097e-19 7.794163e-31 4.868353e-33
[1] 6.150517e-16 1.309274e-19 7.796447e-31 2.893230e-33
[1] 6.132846e-16 1.309007e-19 7.795670e-31 1.563694e-50
[1] 7.646989e-16 1.331868e-19 7.897861e-31 1.907248e-40
[1] 6.150782e-16 1.309180e-19 7.799714e-31 2.890943e-33
Algorithm converged after  55  iterations.
[1] 6.145559e-16 1.305792e-19 7.792014e-31 2.056268e-29
Algorithm converged after  6  iterations.
[1] 6.145559e-16 1.305792e-19 1.903379e-40 2.056268e-29
[1] 7.477319e-16 1.341825e-19 2.862436e-33 2.135999e-29
[1] 7.867194e-16 1.313404e-19 1.941066e-40 2.146813e-29
[1] 7.451832e-16 1.356289e-19 1.912476e-40 2.139556e-29
[1] 6.037869e-16 1.334619e-19 1.571566e-50 2.061173e-29
[1] 6.045558e-16 1.335639e-19 2.834859e-33 2.062657e-29
[1] 7.575442e-16 1.345305e-19 2.599442e-66 2.144182e-29
[1] 7.719261e-16 1.369781e-19 2.894005e-33 2.158486e-29
[1] 6.011314e-16 1.335393e-19 3.015311e-33 2.061660e-29
[1] 7.877804e-16 1.312057e-19 1.450217e-51 2.150826e-29
[1] 7.867531e-16 1.276122e-19 2.889579e-33 2.139953e-29
[1] 7.522940e-16 1.366671e-19 2.324941e-38 2.150179e-29
[1] 7.539443e-16 1.343087e-19 1.742461e-59 2.144558e-29
[1] 7.891190e-16 1.255064e-19 1.485432e-50 2.135508e-29
[1] 7.974286e-16 1.380169e-19 2.206402e-52 2.176767e-29
[1] 6.038287e-16 1.335463e-19 2.924777e-33 2.065506e-29
[1] 5.955008e-16 1.333277e-19 4.918487e-33 2.060613e-29
[1] 7.838627e-16 1.347329e-19 1.476232e-56 2.162451e-29
[1] 6.010900e-16 1.334587e-19 2.976759e-33 2.065154e-29
[1] 6.047256e-16 1.335955e-19 1.919743e-40 2.067852e-29
[1] 4.715157e-16 1.459443e-19 3.070211e-33 2.018075e-29
[1] 6.055133e-16 1.336205e-19 1.211456e-54 2.069609e-29
[1] 7.542020e-16 1.343180e-19 1.216786e-57 2.148768e-29
[1] 7.607883e-16 1.325834e-19 7.742999e-51 2.148195e-29
[1] 7.496756e-16 1.396694e-19 2.801811e-33 2.163075e-29
[1] 7.519724e-16 1.342235e-19 2.873738e-33 2.163716e-29
[1] 7.195185e-16 1.320797e-19 4.492804e-63 2.141169e-29
[1] 6.072471e-16 1.335965e-19 5.344518e-62 2.085585e-29
[1] 6.057359e-16 1.334835e-19 7.106492e-53 2.084692e-29
[1] 7.521185e-16 1.342218e-19 2.874156e-33 2.164973e-29
[1] 7.522932e-16 1.342265e-19 8.963064e-55 2.165416e-29
[1] 6.080031e-16 1.336386e-19 2.935676e-33 2.087215e-29
Algorithm converged after  319  iterations.
numeric(0)
Algorithm converged after  1  iterations.
[1] 3.490585e-23
Algorithm converged after  2  iterations.
[1] 2.512142e-23
Algorithm converged after  2  iterations.
[1] 6.541667e-18
Algorithm converged after  2  iterations.
[1] 3.490585e-23 4.110381e-26
Algorithm converged after  2  iterations.
[1] 2.512142e-23 2.516265e-25
Algorithm converged after  2  iterations.
[1] 6.541667e-18 1.514950e-23
Algorithm converged after  2  iterations.
[1] 3.490585e-23 2.512142e-23
Algorithm converged after  2  iterations.
[1] 3.490585e-23 6.541667e-18
Algorithm converged after  2  iterations.
[1] 2.512142e-23 6.541667e-18
Algorithm converged after  2  iterations.
[1] 3.490585e-23 4.110381e-26 2.512142e-23
Algorithm converged after  2  iterations.
[1] 3.490585e-23 4.110381e-26 6.541667e-18
Algorithm converged after  2  iterations.
[1] 3.490585e-23 2.512142e-23 2.516265e-25
Algorithm converged after  2  iterations.
[1] 3.490585e-23 6.541667e-18 1.514950e-23
Algorithm converged after  2  iterations.
[1] 2.512142e-23 2.516265e-25 6.541667e-18
Algorithm converged after  2  iterations.
[1] 2.512142e-23 6.541667e-18 1.514950e-23
Algorithm converged after  2  iterations.
[1] 3.490585e-23 2.512142e-23 6.541667e-18
Algorithm converged after  2  iterations.
[1] 3.490585e-23 4.110381e-26 2.512142e-23 2.516265e-25
Algorithm converged after  2  iterations.
[1] 3.490585e-23 4.110381e-26 6.541667e-18 1.514950e-23
Algorithm converged after  2  iterations.
[1] 2.512142e-23 2.516265e-25 6.541667e-18 1.514950e-23
Algorithm converged after  2  iterations.
[1] 3.490585e-23 4.110381e-26 2.512142e-23 6.541667e-18
Algorithm converged after  2  iterations.
[1] 3.490585e-23 2.512142e-23 2.516265e-25 6.541667e-18
Algorithm converged after  2  iterations.
[1] 3.490585e-23 2.512142e-23 6.541667e-18 1.514950e-23
Algorithm converged after  2  iterations.
[1] 2.967878e-16
Algorithm converged after  2  iterations.
[1] 2.967878e-16 3.164179e-24
Algorithm converged after  6  iterations.
[1] 2.967878e-16 1.670715e-24
Algorithm converged after  5  iterations.
[1] 2.967878e-16 2.394297e-23
Algorithm converged after  6  iterations.
[1] 2.967878e-16 3.164179e-24 5.291796e-31
Algorithm converged after  6  iterations.
[1] 2.967878e-16 1.670715e-24 2.815486e-33
Algorithm converged after  10  iterations.
[1] 2.967878e-16 2.394297e-23 2.487086e-30
Algorithm converged after  9  iterations.
[1] 2.967878e-16 3.164179e-24 1.670715e-24
Algorithm converged after  7  iterations.
[1] 2.967878e-16 3.164179e-24 2.394297e-23
Algorithm converged after  7  iterations.
[1] 2.967878e-16 1.670715e-24 2.394297e-23
Algorithm converged after  7  iterations.
[1] 2.967878e-16 3.164179e-24 5.291796e-31 1.670715e-24
Algorithm converged after  7  iterations.
[1] 2.967878e-16 3.164179e-24 5.291796e-31 2.394297e-23
Algorithm converged after  7  iterations.
[1] 2.967878e-16 3.164179e-24 1.670715e-24 2.815486e-33
Algorithm converged after  7  iterations.
[1] 2.967878e-16 3.164179e-24 2.394297e-23 2.487086e-30
[1] 8.052144e-16 3.685883e-24 2.653390e-23 2.702435e-37
[1] 9.084349e-16 3.772589e-24 2.695812e-23 3.434317e-29
Algorithm converged after  21  iterations.
[1] 2.967878e-16 1.670715e-24 2.815486e-33 2.394297e-23
Algorithm converged after  7  iterations.
[1] 2.967878e-16 1.670715e-24 2.394297e-23 2.487086e-30
Algorithm converged after  8  iterations.
[1] 2.967878e-16 3.164179e-24 1.670715e-24 2.394297e-23
Algorithm converged after  7  iterations.
[1] 2.967878e-16 1.245627e-19
Algorithm converged after  2  iterations.
[1] 2.967878e-16 1.245627e-19 6.627278e-31
Algorithm converged after  5  iterations.
[1] 2.967878e-16 1.245627e-19 1.308005e-29
Algorithm converged after  4  iterations.
[1] 2.967878e-16 1.245627e-19 3.281936e-29
Algorithm converged after  6  iterations.
[1] 2.967878e-16 1.245627e-19 6.627278e-31 7.729818e-35
