myseed=6320 

Attaching package: ‘pls’

The following object is masked from ‘package:stats’:

    loadings

Loading required package: lattice
Loading required package: ggplot2
Registered S3 methods overwritten by 'ggplot2':
  method         from 
  [.quosures     rlang
  c.quosures     rlang
  print.quosures rlang

Attaching package: ‘caret’

The following object is masked from ‘package:pls’:

    R2

Loading required package: Matrix
Loading required package: foreach
Loaded glmnet 2.0-18

Parsed with column specification:
cols(
  .default = col_double()
)
See spec(...) for full column specifications.
Parsed with column specification:
cols(
  X1 = col_double()
)
Parsed with column specification:
cols(
  X1 = col_double()
)
numeric(0)
Algorithm converged after  1  iterations.
[1] 1.792784e-23
Algorithm converged after  2  iterations.
[1] 3.621384e-24
Algorithm converged after  2  iterations.
[1] 6.583753e-19
Algorithm converged after  2  iterations.
[1] 1.792784e-23 1.032143e-25
Algorithm converged after  2  iterations.
[1] 3.621384e-24 4.198630e-26
Algorithm converged after  2  iterations.
[1] 6.583753e-19 2.356465e-23
Algorithm converged after  2  iterations.
[1] 1.792784e-23 3.621384e-24
Algorithm converged after  2  iterations.
[1] 1.792784e-23 6.583753e-19
Algorithm converged after  2  iterations.
[1] 3.621384e-24 6.583753e-19
Algorithm converged after  2  iterations.
[1] 1.792784e-23 1.032143e-25 3.621384e-24
Algorithm converged after  2  iterations.
[1] 1.792784e-23 1.032143e-25 6.583753e-19
Algorithm converged after  2  iterations.
[1] 1.792784e-23 3.621384e-24 4.198630e-26
Algorithm converged after  2  iterations.
[1] 1.792784e-23 6.583753e-19 2.356465e-23
Algorithm converged after  2  iterations.
[1] 3.621384e-24 4.198630e-26 6.583753e-19
Algorithm converged after  2  iterations.
[1] 3.621384e-24 6.583753e-19 2.356465e-23
Algorithm converged after  2  iterations.
[1] 1.792784e-23 3.621384e-24 6.583753e-19
Algorithm converged after  2  iterations.
[1] 1.792784e-23 1.032143e-25 3.621384e-24 4.198630e-26
Algorithm converged after  2  iterations.
[1] 1.792784e-23 1.032143e-25 6.583753e-19 2.356465e-23
Algorithm converged after  2  iterations.
[1] 3.621384e-24 4.198630e-26 6.583753e-19 2.356465e-23
Algorithm converged after  2  iterations.
[1] 1.792784e-23 1.032143e-25 3.621384e-24 6.583753e-19
Algorithm converged after  2  iterations.
[1] 1.792784e-23 3.621384e-24 4.198630e-26 6.583753e-19
Algorithm converged after  2  iterations.
[1] 1.792784e-23 3.621384e-24 6.583753e-19 2.356465e-23
Algorithm converged after  2  iterations.
[1] 3.640285e-17
Algorithm converged after  2  iterations.
[1] 3.640285e-17 3.585530e-24
Algorithm converged after  6  iterations.
[1] 3.640285e-17 1.076746e-24
Algorithm converged after  6  iterations.
[1] 3.640285e-17 4.426303e-23
Algorithm converged after  6  iterations.
[1] 3.640285e-17 3.585530e-24 1.647177e-34
Algorithm converged after  6  iterations.
[1] 3.640285e-17 1.076746e-24 2.812421e-33
Algorithm converged after  6  iterations.
[1] 3.640285e-17 4.426303e-23 1.492492e-28
[1] 7.538586e-17 4.838168e-23 2.674412e-37
[1] 7.341335e-17 4.822152e-23 9.296558e-43
[1] 7.382778e-17 4.826097e-23 2.584511e-41
[1] 7.114222e-17 4.801322e-23 2.531143e-41
[1] 7.587381e-17 4.845631e-23 2.667814e-37
[1] 7.430459e-17 4.831998e-23 2.582045e-41
[1] 7.415053e-17 4.831002e-23 1.676192e-40
[1] 7.547873e-17 4.842856e-23 3.121619e-30
[1] 7.418210e-17 4.832961e-23 9.770040e-63
[1] 7.704979e-17 4.859095e-23 8.650133e-43
[1] 7.410818e-17 4.832766e-23 3.148802e-30
[1] 7.233977e-17 4.816665e-23 4.568084e-57
[1] 7.536204e-17 4.844960e-23 5.774928e-41
[1] 7.790169e-17 4.868057e-23 1.560359e-28
[1] 7.449417e-17 4.838401e-23 5.262267e-41
[1] 7.583273e-17 4.850430e-23 1.242410e-37
[1] 7.549053e-17 4.858300e-23 1.165979e-37
[1] 7.327756e-17 4.838079e-23 3.260043e-47
[1] 6.321851e-17 4.741829e-23 2.939613e-48
[1] 7.863770e-17 4.888230e-23 1.677432e-48
[1] 7.618200e-17 4.866399e-23 3.450469e-45
[1] 7.590496e-17 4.864137e-23 2.673790e-37
[1] 7.593541e-17 4.864081e-23 1.556674e-28
[1] 7.597854e-17 4.865683e-23 1.113739e-45
[1] 7.345952e-17 4.848859e-23 2.646336e-37
[1] 7.591226e-17 4.871536e-23 1.236306e-37
[1] 7.964843e-17 4.905968e-23 8.123293e-43
[1] 7.353747e-17 4.850516e-23 2.573211e-41
[1] 7.557245e-17 4.869886e-23 1.962947e-48
[1] 7.433439e-17 4.858805e-23 3.839996e-52
[1] 7.237170e-17 4.840442e-23 1.820751e-46
[1] 7.353727e-17 4.851402e-23 9.309287e-43
[1] 7.357354e-17 4.851965e-23 5.270353e-41
[1] 7.700743e-17 4.883878e-23 3.147341e-30
[1] 7.226945e-17 4.840677e-23 4.670601e-48
[1] 6.926280e-17 4.813570e-23 2.601719e-37
[1] 7.237338e-17 4.844726e-23 1.161959e-37
[1] 7.981615e-17 4.912605e-23 4.018714e-66
[1] 7.681735e-17 4.886920e-23 2.651740e-41
[1] 7.449689e-17 4.866508e-23 3.942981e-50
[1] 7.243105e-17 4.847177e-23 1.162801e-37
[1] 8.155977e-17 4.930497e-23 8.938902e-43
[1] 7.351919e-17 4.857716e-23 2.575109e-41
[1] 7.366537e-17 4.859340e-23 2.575564e-41
[1] 7.602155e-17 4.883169e-23 7.979862e-43
[1] 7.231173e-17 4.848242e-23 3.310165e-36
[1] 7.445895e-17 4.868708e-23 5.273914e-41
[1] 7.557382e-17 4.879336e-23 1.166590e-37
[1] 7.017371e-17 4.828488e-23 2.602602e-37
Algorithm did not converge after  500  iterations.
[1] 3.640285e-17 3.585530e-24 1.076746e-24
Algorithm converged after  7  iterations.
[1] 3.640285e-17 3.585530e-24 4.426303e-23
Algorithm converged after  7  iterations.
[1] 3.640285e-17 1.076746e-24 4.426303e-23
Algorithm converged after  7  iterations.
[1] 3.640285e-17 3.585530e-24 1.647177e-34 1.076746e-24
Algorithm converged after  7  iterations.
[1] 3.640285e-17 3.585530e-24 1.647177e-34 4.426303e-23
[1] 9.197078e-17 4.059142e-24 3.671207e-34 4.992551e-23
Algorithm converged after  12  iterations.
[1] 3.640285e-17 3.585530e-24 1.076746e-24 2.812421e-33
Algorithm converged after  7  iterations.
[1] 3.640285e-17 3.585530e-24 4.426303e-23 1.492492e-28
[1] 9.914181e-17 4.109688e-24 5.051919e-23 1.202449e-30
[1] 1.031731e-16 4.137764e-24 5.085531e-23 1.607385e-28
[1] 9.907769e-17 4.109371e-24 5.051715e-23 1.599756e-28
[1] 1.022295e-16 4.131574e-24 5.078307e-23 1.605847e-28
[1] 1.145538e-16 4.213625e-24 5.176090e-23 1.615380e-28
[1] 1.007262e-16 4.121287e-24 5.066179e-23 5.080470e-33
[1] 9.980467e-17 4.115094e-24 5.058862e-23 1.605403e-28
[1] 1.150724e-16 4.217433e-24 5.180864e-23 1.616743e-28
[1] 1.024568e-16 4.133436e-24 5.080815e-23 1.640689e-32
[1] 1.023124e-16 4.132454e-24 5.079700e-23 5.406522e-33
[1] 1.008491e-16 4.122108e-24 5.067425e-23 2.948748e-30
[1] 1.022125e-16 4.132384e-24 5.079960e-23 2.862020e-37
[1] 9.902489e-17 4.110082e-24 5.053378e-23 1.334851e-48
[1] 9.846951e-17 4.106441e-24 5.049180e-23 1.599771e-28
[1] 9.879476e-17 4.108711e-24 5.051917e-23 1.600124e-28
[1] 9.884300e-17 4.108867e-24 5.052160e-23 2.824652e-37
[1] 1.026454e-16 4.135840e-24 5.084573e-23 5.333191e-33
[1] 9.892963e-17 4.109596e-24 5.053198e-23 1.301595e-37
[1] 9.901867e-17 4.110169e-24 5.053935e-23 1.596624e-28
[1] 1.027751e-16 4.136906e-24 5.086071e-23 1.607386e-28
[1] 1.009471e-16 4.124188e-24 5.070941e-23 3.978744e-43
[1] 1.011833e-16 4.125826e-24 5.072999e-23 1.604998e-28
[1] 1.029383e-16 4.138404e-24 5.088196e-23 1.232561e-30
[1] 1.012322e-16 4.126463e-24 5.073973e-23 1.604777e-28
[1] 1.001629e-16 4.119281e-24 5.065544e-23 4.885871e-33
[1] 1.001852e-16 4.119454e-24 5.065767e-23 1.605455e-28
[1] 1.020764e-16 4.132065e-24 5.080765e-23 1.597776e-28
[1] 9.719457e-17 4.098214e-24 5.040371e-23 1.595147e-28
[1] 1.017897e-16 4.130808e-24 5.079556e-23 2.087523e-52
[1] 1.027840e-16 4.137885e-24 5.088228e-23 1.607287e-28
[1] 1.030914e-16 4.139629e-24 5.090247e-23 1.600476e-28
[1] 1.012055e-16 4.126471e-24 5.074597e-23 1.216552e-30
[1] 1.007774e-16 4.123837e-24 5.071781e-23 1.290160e-37
[1] 1.150655e-16 4.220465e-24 5.187464e-23 5.809298e-43
[1] 1.021983e-16 4.134292e-24 5.084591e-23 7.350584e-42
[1] 1.027362e-16 4.138685e-24 5.090073e-23 1.231587e-30
[1] 1.017143e-16 4.131102e-24 5.080980e-23 2.843647e-37
[1] 1.004735e-16 4.122907e-24 5.071335e-23 1.604318e-28
[1] 1.011978e-16 4.128066e-24 5.077574e-23 1.605320e-28
[1] 9.678642e-17 4.097124e-24 5.040605e-23 1.351194e-37
[1] 1.021788e-16 4.134920e-24 5.085916e-23 3.333194e-41
[1] 1.009673e-16 4.126776e-24 5.076405e-23 1.605143e-28
[1] 1.146275e-16 4.218326e-24 5.185727e-23 2.919688e-37
[1] 1.031249e-16 4.141514e-24 5.094038e-23 2.979493e-30
[1] 1.029303e-16 4.140528e-24 5.093285e-23 1.606399e-28
[1] 1.150997e-16 4.222020e-24 5.190735e-23 1.845732e-32
[1] 1.012556e-16 4.129499e-24 5.080357e-23 1.031731e-39
[1] 1.024008e-16 4.137489e-24 5.089991e-23 1.605385e-28
[1] 1.021777e-16 4.135856e-24 5.088066e-23 1.234251e-30
Algorithm did not converge after  500  iterations.
[1] 3.640285e-17 1.076746e-24 2.812421e-33 4.426303e-23
Algorithm converged after  8  iterations.
[1] 3.640285e-17 1.076746e-24 4.426303e-23 1.492492e-28
[1] 1.061164e-16 1.254797e-24 5.107026e-23 1.083467e-45
[1] 1.059021e-16 1.254228e-24 5.104924e-23 7.149653e-38
[1] 1.015451e-16 1.245020e-24 5.069928e-23 1.221754e-30
[1] 9.941418e-17 1.240536e-24 5.053014e-23 4.116232e-33
[1] 1.062191e-16 1.255123e-24 5.108629e-23 3.099298e-30
[1] 1.016561e-16 1.245258e-24 5.070937e-23 2.733515e-37
[1] 1.045950e-16 1.251762e-24 5.096068e-23 1.537967e-32
[1] 1.238322e-16 1.290673e-24 5.243739e-23 1.645955e-32
[1] 1.064350e-16 1.255943e-24 5.112739e-23 4.980031e-33
[1] 1.062982e-16 1.255590e-24 5.111274e-23 3.103061e-30
[1] 1.046174e-16 1.252051e-24 5.097931e-23 4.780013e-33
[1] 1.069306e-16 1.256894e-24 5.116208e-23 1.606270e-28
[1] 1.060902e-16 1.255256e-24 5.110265e-23 1.610862e-28
[1] 1.060653e-16 1.255188e-24 5.109890e-23 1.606351e-28
Algorithm converged after  142  iterations.
[1] 3.640285e-17 3.585530e-24 1.076746e-24 4.426303e-23
Algorithm converged after  8  iterations.
[1] 3.640285e-17 1.021306e-19
Algorithm converged after  2  iterations.
[1] 3.640285e-17 1.021306e-19 5.282689e-32
Algorithm converged after  5  iterations.
[1] 3.640285e-17 1.021306e-19 3.209393e-33
[1] 3.013143e-17 1.105648e-19 3.496776e-33
[1] 3.073432e-17 1.103274e-19 3.307881e-33
[1] 3.648282e-17 1.015375e-19 3.213596e-33
[1] 3.098593e-17 1.100466e-19 2.091361e-47
[1] 3.468217e-17 1.062566e-19 3.245146e-33
[1] 3.077859e-17 1.102923e-19 3.290503e-33
[1] 3.076732e-17 1.102999e-19 3.294797e-33
[1] 3.073389e-17 1.103275e-19 3.307856e-33
[1] 3.482677e-17 9.714862e-20 1.544241e-51
[1] 3.069798e-17 1.102410e-19 4.755899e-50
[1] 3.075988e-17 1.102131e-19 2.723823e-30
[1] 3.059514e-17 1.103298e-19 1.954873e-47
[1] 3.074735e-17 1.102330e-19 3.288738e-33
[1] 3.468779e-17 1.062517e-19 3.245047e-33
[1] 3.066048e-17 1.103787e-19 3.336402e-33
Algorithm converged after  153  iterations.
[1] 3.640285e-17 1.021306e-19 1.634849e-28
Algorithm converged after  6  iterations.
[1] 3.640285e-17 1.021306e-19 5.282689e-32 1.535355e-34
Algorithm converged after  5  iterations.
[1] 3.640285e-17 1.021306e-19 3.209393e-33 1.967371e-33
[1] 9.530400e-20 2.346750e-35 6.884549e-24 1.165042e-33
[1] 9.753591e-20 7.548130e-39 6.785813e-24 1.095836e-33
[1] 9.064250e-20 2.175096e-27 7.220151e-24 1.605209e-33
[1] 9.519041e-20 5.967677e-45 6.823686e-24 4.551067e-38
[1] 9.485876e-20 1.488673e-41 7.268133e-24 1.171194e-33
[1] 9.879808e-20 2.771985e-27 7.727016e-24 6.963452e-34
Algorithm converged after  64  iterations.
[1] 3.640285e-17 1.021306e-19 1.634849e-28 5.104545e-30
Algorithm converged after  7  iterations.
[1] 3.640285e-17 1.021306e-19 5.282689e-32 3.209393e-33
Algorithm converged after  5  iterations.
[1] 3.640285e-17 1.021306e-19 5.282689e-32 1.634849e-28
Algorithm converged after  6  iterations.
[1] 3.640285e-17 1.021306e-19 3.209393e-33 1.634849e-28
Algorithm converged after  6  iterations.
numeric(0)
Algorithm converged after  1  iterations.
[1] 2.10885e-23
Algorithm converged after  2  iterations.
[1] 4.202126e-24
Algorithm converged after  2  iterations.
[1] 1.17826e-18
Algorithm converged after  2  iterations.
[1] 2.108850e-23 1.001314e-25
Algorithm converged after  2  iterations.
[1] 4.202126e-24 2.539006e-26
Algorithm converged after  2  iterations.
[1] 1.178260e-18 3.399319e-23
Algorithm converged after  2  iterations.
[1] 2.108850e-23 4.202126e-24
Algorithm converged after  2  iterations.
[1] 2.10885e-23 1.17826e-18
Algorithm converged after  2  iterations.
[1] 4.202126e-24 1.178260e-18
Algorithm converged after  2  iterations.
[1] 2.108850e-23 1.001314e-25 4.202126e-24
Algorithm converged after  2  iterations.
[1] 2.108850e-23 1.001314e-25 1.178260e-18
Algorithm converged after  2  iterations.
[1] 2.108850e-23 4.202126e-24 2.539006e-26
Algorithm converged after  2  iterations.
[1] 2.108850e-23 1.178260e-18 3.399319e-23
Algorithm converged after  2  iterations.
[1] 4.202126e-24 2.539006e-26 1.178260e-18
Algorithm converged after  2  iterations.
[1] 4.202126e-24 1.178260e-18 3.399319e-23
Algorithm converged after  2  iterations.
[1] 2.108850e-23 4.202126e-24 1.178260e-18
Algorithm converged after  2  iterations.
[1] 2.108850e-23 1.001314e-25 4.202126e-24 2.539006e-26
Algorithm converged after  2  iterations.
[1] 2.108850e-23 1.001314e-25 1.178260e-18 3.399319e-23
Algorithm converged after  2  iterations.
[1] 4.202126e-24 2.539006e-26 1.178260e-18 3.399319e-23
Algorithm converged after  2  iterations.
[1] 2.108850e-23 1.001314e-25 4.202126e-24 1.178260e-18
Algorithm converged after  2  iterations.
[1] 2.108850e-23 4.202126e-24 2.539006e-26 1.178260e-18
Algorithm converged after  2  iterations.
[1] 2.108850e-23 4.202126e-24 1.178260e-18 3.399319e-23
Algorithm converged after  2  iterations.
[1] 4.867009e-17
Algorithm converged after  2  iterations.
[1] 4.867009e-17 3.369741e-24
Algorithm converged after  6  iterations.
[1] 4.867009e-17 1.575129e-24
Algorithm converged after  6  iterations.
[1] 4.867009e-17 6.190797e-23
Algorithm converged after  6  iterations.
[1] 4.867009e-17 3.369741e-24 3.437878e-35
[1] 6.075370e-17 3.454817e-24 9.758670e-35
Algorithm converged after  11  iterations.
[1] 4.867009e-17 1.575129e-24 1.814880e-33
Algorithm converged after  7  iterations.
[1] 4.867009e-17 6.190797e-23 1.811116e-28
Algorithm converged after  10  iterations.
[1] 4.867009e-17 3.369741e-24 1.575129e-24
Algorithm converged after  7  iterations.
[1] 4.867009e-17 3.369741e-24 6.190797e-23
Algorithm converged after  7  iterations.
[1] 4.867009e-17 1.575129e-24 6.190797e-23
Algorithm converged after  7  iterations.
[1] 4.867009e-17 3.369741e-24 3.437878e-35 1.575129e-24
Algorithm converged after  8  iterations.
[1] 4.867009e-17 3.369741e-24 3.437878e-35 6.190797e-23
Algorithm converged after  8  iterations.
[1] 4.867009e-17 3.369741e-24 1.575129e-24 1.814880e-33
Algorithm converged after  7  iterations.
[1] 4.867009e-17 3.369741e-24 6.190797e-23 1.811116e-28
[1] 1.367534e-16 3.873159e-24 7.080288e-23 7.802677e-45
[1] 1.308784e-16 3.845199e-24 7.031096e-23 1.963946e-28
[1] 1.359260e-16 3.869092e-24 7.073193e-23 1.120916e-33
[1] 1.362475e-16 3.870948e-24 7.076677e-23 9.024274e-35
[1] 1.361520e-16 3.870793e-24 7.076587e-23 1.971773e-28
[1] 1.303374e-16 3.842869e-24 7.027318e-23 5.583167e-35
[1] 1.367331e-16 3.873487e-24 7.081433e-23 1.561661e-54
[1] 1.590532e-16 3.975590e-24 7.261690e-23 1.993595e-28
[1] 1.360249e-16 3.870317e-24 7.076092e-23 1.120048e-33
[1] 1.309232e-16 3.846037e-24 7.033353e-23 1.963959e-28
[1] 1.367467e-16 3.873954e-24 7.082698e-23 1.970621e-28
[1] 1.361685e-16 3.871378e-24 7.078251e-23 9.634242e-35
[1] 1.590579e-16 3.976008e-24 7.262945e-23 1.993593e-28
[1] 1.328320e-16 3.857376e-24 7.056779e-23 1.963338e-28
[1] 1.307708e-16 3.847686e-24 7.039778e-23 3.173418e-32
[1] 1.410545e-16 3.896736e-24 7.126544e-23 1.975910e-28
[1] 1.398699e-16 3.891403e-24 7.118269e-23 1.969069e-28
[1] 1.359664e-16 3.873736e-24 7.087271e-23 9.449058e-35
[1] 1.299844e-16 3.844816e-24 7.036156e-23 1.959402e-28
[1] 1.360139e-16 3.874048e-24 7.087995e-23 2.053502e-52
[1] 1.364451e-16 3.876215e-24 7.091916e-23 3.397269e-32
[1] 1.310874e-16 3.850455e-24 7.046430e-23 1.303539e-39
[1] 1.418331e-16 3.900928e-24 7.135678e-23 3.324609e-32
[1] 1.413180e-16 3.899424e-24 7.133196e-23 1.975603e-28
[1] 1.358759e-16 3.873818e-24 7.087976e-23 3.381229e-32
[1] 1.248861e-16 3.820926e-24 6.994569e-23 1.955135e-28
[1] 1.361617e-16 3.875643e-24 7.091537e-23 3.127822e-60
[1] 1.411041e-16 3.898689e-24 7.132383e-23 1.975694e-28
[1] 1.310230e-16 3.851098e-24 7.048264e-23 1.963745e-28
[1] 1.313927e-16 3.852979e-24 7.051716e-23 1.258165e-34
[1] 1.590956e-16 3.980965e-24 7.278150e-23 1.993062e-28
[1] 1.365501e-16 3.877682e-24 7.095540e-23 1.121195e-33
[1] 1.357643e-16 3.873877e-24 7.088852e-23 3.386385e-32
[1] 1.328673e-16 3.860154e-24 7.064710e-23 1.963200e-28
[1] 1.360234e-16 3.875544e-24 7.092073e-23 9.165921e-35
[1] 1.360235e-16 3.875595e-24 7.092267e-23 9.165660e-35
[1] 1.360235e-16 3.875646e-24 7.092460e-23 9.165814e-35
[1] 1.360235e-16 3.875696e-24 7.092654e-23 1.120065e-33
[1] 1.360537e-16 3.875960e-24 7.093220e-23 1.967767e-28
[1] 1.360469e-16 3.876121e-24 7.093722e-23 1.827362e-42
[1] 1.310167e-16 3.852185e-24 7.051486e-23 3.596641e-54
[1] 1.359820e-16 3.876041e-24 7.093756e-23 1.968432e-28
[1] 1.359297e-16 3.875639e-24 7.093005e-23 1.120858e-33
[1] 1.328796e-16 3.861093e-24 7.067420e-23 1.963195e-28
[1] 1.360332e-16 3.876478e-24 7.094769e-23 3.323902e-44
[1] 1.313959e-16 3.854459e-24 7.055885e-23 1.964014e-28
[1] 1.361895e-16 3.877601e-24 7.096958e-23 3.448845e-45
[1] 1.360541e-16 3.876860e-24 7.095759e-23 1.357975e-32
[1] 1.580639e-16 3.977977e-24 7.274758e-23 1.992359e-28
Algorithm did not converge after  500  iterations.
[1] 4.867009e-17 1.575129e-24 1.814880e-33 6.190797e-23
Algorithm converged after  9  iterations.
[1] 4.867009e-17 1.575129e-24 6.190797e-23 1.811116e-28
Algorithm converged after  9  iterations.
[1] 4.867009e-17 3.369741e-24 1.575129e-24 6.190797e-23
Algorithm converged after  8  iterations.
[1] 4.867009e-17 1.246516e-19
Algorithm converged after  2  iterations.
[1] 4.867009e-17 1.246516e-19 2.122588e-31
Algorithm converged after  5  iterations.
[1] 4.867009e-17 1.246516e-19 6.136765e-30
Algorithm converged after  5  iterations.
[1] 4.867009e-17 1.246516e-19 1.713296e-28
Algorithm converged after  5  iterations.
[1] 4.867009e-17 1.246516e-19 2.122588e-31 3.673371e-35
Algorithm converged after  6  iterations.
[1] 4.867009e-17 1.246516e-19 6.136765e-30 2.348928e-61
[1] 4.143304e-17 1.341384e-19 6.410013e-30 5.218726e-47
[1] 4.154731e-17 1.341723e-19 6.417533e-30 1.461046e-50
[1] 4.147047e-17 1.226964e-19 6.262607e-30 5.571439e-52
[1] 4.538756e-17 1.319606e-19 6.317442e-30 3.334401e-63
[1] 4.603725e-17 1.276146e-19 6.253451e-30 8.142470e-33
[1] 4.165049e-17 1.340767e-19 6.427593e-30 5.189917e-47
[1] 4.596343e-17 1.275438e-19 6.259269e-30 8.140811e-33
[1] 4.466376e-17 1.296167e-19 6.313695e-30 6.270731e-52
[1] 4.136624e-17 1.225198e-19 6.277873e-30 1.995422e-33
[1] 4.173179e-17 1.341428e-19 6.444359e-30 7.135118e-48
[1] 4.168249e-17 1.341816e-19 6.446322e-30 2.143216e-60
[1] 4.744939e-17 1.345288e-19 6.367574e-30 4.769815e-64
[1] 4.153182e-17 1.341856e-19 6.451570e-30 3.623891e-33
[1] 4.735273e-17 1.345051e-19 6.366053e-30 2.009711e-33
[1] 4.394367e-17 1.290220e-19 6.329752e-30 5.271655e-47
[1] 4.591439e-17 1.277731e-19 6.291713e-30 2.018039e-33
[1] 4.070937e-17 1.349287e-19 6.478396e-30 3.882085e-33
[1] 4.377034e-17 1.270396e-19 6.330755e-30 1.488027e-50
[1] 4.166675e-17 1.340429e-19 6.485537e-30 1.024326e-60
[1] 4.733977e-17 1.348345e-19 6.438154e-30 7.147257e-48
[1] 4.535802e-17 1.320489e-19 6.416907e-30 2.039011e-33
[1] 4.153596e-17 1.341754e-19 6.531021e-30 2.040009e-33
[1] 4.776066e-17 1.196287e-19 6.199352e-30 2.030825e-33
[1] 4.177219e-17 1.340548e-19 6.536913e-30 3.291320e-64
[1] 4.127442e-17 1.226277e-19 6.376886e-30 2.002897e-33
[1] 4.730025e-17 1.349005e-19 6.460443e-30 3.438331e-33
[1] 4.777674e-17 1.195442e-19 6.211462e-30 7.410500e-48
[1] 4.147895e-17 1.342277e-19 6.554774e-30 5.212285e-47
[1] 4.137882e-17 1.344329e-19 6.561845e-30 2.060244e-33
[1] 4.510291e-17 1.287657e-19 6.412083e-30 2.000732e-47
Algorithm converged after  309  iterations.
[1] 4.867009e-17 1.246516e-19 1.713296e-28 4.208964e-30
Algorithm converged after  7  iterations.
[1] 4.867009e-17 1.246516e-19 2.122588e-31 6.136765e-30
Algorithm converged after  5  iterations.
[1] 4.867009e-17 1.246516e-19 2.122588e-31 1.713296e-28
Algorithm converged after  5  iterations.
[1] 4.867009e-17 1.246516e-19 6.136765e-30 1.713296e-28
Algorithm converged after  5  iterations.
numeric(0)
Algorithm converged after  1  iterations.
[1] 4.366878e-24
Algorithm converged after  2  iterations.
[1] 5.117806e-24
Algorithm converged after  2  iterations.
[1] 1.216795e-19
Algorithm converged after  2  iterations.
[1] 4.366878e-24 1.713596e-26
Algorithm converged after  2  iterations.
[1] 5.117806e-24 2.456317e-26
Algorithm converged after  2  iterations.
[1] 1.216795e-19 1.949349e-23
Algorithm converged after  2  iterations.
[1] 4.366878e-24 5.117806e-24
Algorithm converged after  2  iterations.
[1] 4.366878e-24 1.216795e-19
Algorithm converged after  2  iterations.
[1] 5.117806e-24 1.216795e-19
Algorithm converged after  2  iterations.
[1] 4.366878e-24 1.713596e-26 5.117806e-24
Algorithm converged after  2  iterations.
[1] 4.366878e-24 1.713596e-26 1.216795e-19
Algorithm converged after  2  iterations.
[1] 4.366878e-24 5.117806e-24 2.456317e-26
Algorithm converged after  2  iterations.
[1] 4.366878e-24 1.216795e-19 1.949349e-23
Algorithm converged after  2  iterations.
[1] 5.117806e-24 2.456317e-26 1.216795e-19
Algorithm converged after  2  iterations.
[1] 5.117806e-24 1.216795e-19 1.949349e-23
Algorithm converged after  2  iterations.
[1] 4.366878e-24 5.117806e-24 1.216795e-19
Algorithm converged after  2  iterations.
[1] 4.366878e-24 1.713596e-26 5.117806e-24 2.456317e-26
Algorithm converged after  2  iterations.
[1] 4.366878e-24 1.713596e-26 1.216795e-19 1.949349e-23
Algorithm converged after  2  iterations.
[1] 5.117806e-24 2.456317e-26 1.216795e-19 1.949349e-23
Algorithm converged after  2  iterations.
[1] 4.366878e-24 1.713596e-26 5.117806e-24 1.216795e-19
Algorithm converged after  2  iterations.
[1] 4.366878e-24 5.117806e-24 2.456317e-26 1.216795e-19
Algorithm converged after  2  iterations.
[1] 4.366878e-24 5.117806e-24 1.216795e-19 1.949349e-23
Algorithm converged after  2  iterations.
[1] 5.827939e-20
Algorithm converged after  2  iterations.
[1] 5.827939e-20 1.533451e-24
Algorithm converged after  5  iterations.
[1] 5.827939e-20 1.320547e-24
Algorithm converged after  6  iterations.
[1] 5.827939e-20 2.528598e-19
Algorithm converged after  6  iterations.
[1] 5.827939e-20 1.533451e-24 1.143188e-34
[1] 6.163780e-20 1.606158e-24 1.141758e-34
[1] 6.177677e-20 1.612405e-24 1.083905e-36
[1] 6.042478e-20 1.582263e-24 1.032804e-31
[1] 6.171292e-20 1.611331e-24 1.142247e-34
[1] 6.179318e-20 1.613636e-24 3.734990e-37
[1] 6.503726e-20 1.673124e-24 1.142858e-34
[1] 6.179026e-20 1.613440e-24 7.684251e-61
[1] 6.171401e-20 1.609926e-24 1.084669e-36
[1] 6.131425e-20 1.603985e-24 6.956616e-50
[1] 6.028371e-20 1.574441e-24 3.737033e-34
[1] 6.122028e-20 1.600599e-24 1.139905e-34
[1] 6.337827e-20 1.641342e-24 1.141875e-34
[1] 6.155706e-20 1.606003e-24 3.179314e-34
[1] 6.130371e-20 1.603721e-24 1.140189e-34
[1] 6.098098e-20 1.596496e-24 1.087096e-36
Algorithm converged after  159  iterations.
[1] 5.827939e-20 1.320547e-24 2.667845e-33
Algorithm converged after  7  iterations.
[1] 5.827939e-20 2.528598e-19 2.736021e-30
[1] 5.997146e-20 2.609102e-19 2.690625e-30
Algorithm converged after  11  iterations.
[1] 5.827939e-20 1.533451e-24 1.320547e-24
Algorithm converged after  7  iterations.
[1] 5.827939e-20 1.533451e-24 2.528598e-19
Algorithm converged after  6  iterations.
[1] 5.827939e-20 1.320547e-24 2.528598e-19
Algorithm converged after  7  iterations.
[1] 5.827939e-20 1.533451e-24 1.143188e-34 1.320547e-24
[1] 6.790040e-20 1.741185e-24 1.026602e-31 1.478665e-24
[1] 6.781558e-20 1.739460e-24 1.140936e-34 1.477335e-24
Algorithm converged after  25  iterations.
[1] 5.827939e-20 1.533451e-24 1.143188e-34 2.528598e-19
[1] 6.603777e-20 1.701161e-24 3.658808e-34 2.834106e-19
[1] 6.576699e-20 1.697743e-24 3.379700e-34 2.824462e-19
[1] 6.631112e-20 1.708984e-24 1.065434e-36 2.845411e-19
[1] 6.551788e-20 1.692571e-24 1.025953e-31 2.814670e-19
[1] 6.576729e-20 1.697847e-24 1.026817e-31 2.824557e-19
Algorithm converged after  52  iterations.
[1] 5.827939e-20 1.533451e-24 1.320547e-24 2.667845e-33
Algorithm converged after  8  iterations.
[1] 5.827939e-20 1.533451e-24 2.528598e-19 2.736021e-30
[1] 6.418548e-20 1.661882e-24 2.767020e-19 2.685656e-30
[1] 6.614373e-20 1.702598e-24 2.837209e-19 2.682632e-30
[1] 6.396409e-20 1.657249e-24 2.758200e-19 4.387625e-30
[1] 7.037441e-20 1.792688e-24 3.007632e-19 2.643274e-30
[1] 6.396106e-20 1.657144e-24 2.758202e-19 1.054901e-28
Algorithm converged after  60  iterations.
[1] 5.827939e-20 1.320547e-24 2.667845e-33 2.528598e-19
Algorithm converged after  9  iterations.
[1] 5.827939e-20 1.320547e-24 2.528598e-19 2.736021e-30
Algorithm converged after  7  iterations.
[1] 5.827939e-20 1.533451e-24 1.320547e-24 2.528598e-19
Algorithm converged after  7  iterations.
[1] 5.827939e-20 2.213343e-28
Algorithm converged after  2  iterations.
[1] 5.827939e-20 2.213343e-28 8.923745e-25
[1] 6.301976e-20 2.726999e-27 2.517932e-24
Algorithm converged after  14  iterations.
[1] 5.827939e-20 2.213343e-28 4.853288e-25
Algorithm converged after  9  iterations.
[1] 5.827939e-20 2.213343e-28 1.030974e-19
[1] 6.467050e-20 1.572074e-27 6.319002e-19
Algorithm converged after  14  iterations.
[1] 5.827939e-20 2.213343e-28 8.923745e-25 5.500101e-34
[1] 5.832322e-20 1.641763e-26 1.767112e-24 3.272787e-51
[1] 6.238567e-20 1.007259e-42 1.629758e-24 6.509128e-54
[1] 6.262652e-20 8.420052e-28 2.628843e-24 3.396948e-34
[1] 6.160600e-20 6.960011e-29 1.718894e-24 1.309024e-34
[1] 6.195627e-20 2.477599e-29 1.552166e-24 1.642107e-34
[1] 6.694216e-20 2.775868e-27 2.931966e-24 9.367912e-48
[1] 6.260739e-20 2.819162e-27 2.576658e-24 5.901331e-35
[1] 6.156826e-20 2.382414e-28 1.932961e-24 1.733309e-34
[1] 6.455299e-20 1.839496e-26 2.207786e-24 1.632865e-48
[1] 6.168737e-20 3.211998e-29 1.694027e-24 1.049810e-34
[1] 6.728861e-20 3.056738e-26 2.196963e-24 1.077733e-36
[1] 6.104680e-20 1.944892e-41 1.952747e-24 1.718828e-58
[1] 6.463539e-20 2.023302e-26 2.156712e-24 2.221429e-60
[1] 6.702342e-20 2.753183e-27 2.984129e-24 6.945895e-35
[1] 6.478535e-20 2.092118e-27 2.830544e-24 8.110602e-32
[1] 6.433899e-20 2.848308e-27 2.601168e-24 1.170849e-51
[1] 6.111939e-20 7.286304e-29 1.716218e-24 1.323331e-34
[1] 6.403561e-20 2.893740e-27 2.560324e-24 4.418295e-35
[1] 6.274274e-20 2.916086e-27 2.533080e-24 5.150040e-35
[1] 6.138515e-20 6.518127e-28 2.328011e-24 1.932284e-34
[1] 6.120629e-20 1.630716e-27 2.698683e-24 1.867250e-51
[1] 6.195779e-20 7.242756e-29 1.644948e-24 1.493791e-34
[1] 6.281009e-20 3.753227e-28 1.571528e-24 8.076876e-33
[1] 6.356952e-20 3.166877e-27 2.563884e-24 1.139629e-31
[1] 6.382682e-20 3.587848e-27 2.437546e-24 9.209059e-32
[1] 6.046579e-20 6.422279e-29 1.696484e-24 1.279326e-34
[1] 6.445991e-20 2.722505e-27 2.587853e-24 4.812404e-35
Algorithm converged after  275  iterations.
[1] 5.827939e-20 2.213343e-28 4.853288e-25 1.067805e-33
[1] 6.221541e-20 1.482863e-27 1.685887e-24 6.985058e-34
[1] 6.451192e-20 1.560322e-27 1.725338e-24 7.058805e-34
[1] 6.875626e-20 1.599235e-27 1.811764e-24 5.347469e-35
[1] 6.879574e-20 1.599513e-27 1.812550e-24 5.016706e-35
[1] 6.147979e-20 1.515814e-27 1.674592e-24 7.218635e-34
[1] 6.556906e-20 1.420136e-27 1.740959e-24 1.173464e-32
[1] 6.217584e-20 1.485367e-27 1.685803e-24 1.142891e-38
[1] 6.151986e-20 1.516411e-27 1.675662e-24 7.166145e-34
[1] 6.142849e-20 1.518506e-27 1.673845e-24 2.948912e-36
[1] 6.216419e-20 1.485632e-27 1.685602e-24 6.966159e-34
Algorithm converged after  109  iterations.
[1] 5.827939e-20 2.213343e-28 1.030974e-19 2.496982e-33
Algorithm converged after  7  iterations.
[1] 5.827939e-20 2.213343e-28 8.923745e-25 4.853288e-25
Algorithm converged after  10  iterations.
[1] 5.827939e-20 2.213343e-28 8.923745e-25 1.030974e-19
[1] 6.767541e-20 7.305801e-29 1.869759e-24 4.113930e-19
Algorithm converged after  11  iterations.
[1] 5.827939e-20 2.213343e-28 4.853288e-25 1.030974e-19
[1] 6.900814e-20 1.110843e-26 1.649132e-24 3.998742e-19
[1] 6.891994e-20 1.095359e-26 1.634922e-24 4.045414e-19
[1] 6.972809e-20 1.167190e-26 1.660224e-24 4.118518e-19
[1] 6.971118e-20 4.843149e-41 1.828818e-24 3.624473e-19
[1] 6.972796e-20 1.165164e-26 1.659699e-24 4.119812e-19
Algorithm converged after  60  iterations.
numeric(0)
Algorithm converged after  1  iterations.
[1] 1.159977e-23
Algorithm converged after  2  iterations.
[1] 3.713512e-24
Algorithm converged after  2  iterations.
[1] 2.259508e-18
Algorithm converged after  2  iterations.
[1] 1.159977e-23 6.427796e-26
Algorithm converged after  2  iterations.
[1] 3.713512e-24 3.772422e-26
Algorithm converged after  2  iterations.
[1] 2.259508e-18 2.169831e-23
Algorithm converged after  2  iterations.
[1] 1.159977e-23 3.713512e-24
Algorithm converged after  2  iterations.
[1] 1.159977e-23 2.259508e-18
Algorithm converged after  2  iterations.
[1] 3.713512e-24 2.259508e-18
Algorithm converged after  2  iterations.
[1] 1.159977e-23 6.427796e-26 3.713512e-24
Algorithm converged after  2  iterations.
[1] 1.159977e-23 6.427796e-26 2.259508e-18
Algorithm converged after  2  iterations.
[1] 1.159977e-23 3.713512e-24 3.772422e-26
Algorithm converged after  2  iterations.
[1] 1.159977e-23 2.259508e-18 2.169831e-23
Algorithm converged after  2  iterations.
[1] 3.713512e-24 3.772422e-26 2.259508e-18
Algorithm converged after  2  iterations.
[1] 3.713512e-24 2.259508e-18 2.169831e-23
Algorithm converged after  2  iterations.
[1] 1.159977e-23 3.713512e-24 2.259508e-18
Algorithm converged after  2  iterations.
[1] 1.159977e-23 6.427796e-26 3.713512e-24 3.772422e-26
Algorithm converged after  2  iterations.
[1] 1.159977e-23 6.427796e-26 2.259508e-18 2.169831e-23
Algorithm converged after  2  iterations.
[1] 3.713512e-24 3.772422e-26 2.259508e-18 2.169831e-23
Algorithm converged after  2  iterations.
[1] 1.159977e-23 6.427796e-26 3.713512e-24 2.259508e-18
Algorithm converged after  2  iterations.
[1] 1.159977e-23 3.713512e-24 3.772422e-26 2.259508e-18
Algorithm converged after  2  iterations.
[1] 1.159977e-23 3.713512e-24 2.259508e-18 2.169831e-23
Algorithm converged after  2  iterations.
[1] 7.909284e-17
Algorithm converged after  2  iterations.
[1] 7.909284e-17 1.236247e-24
Algorithm converged after  6  iterations.
[1] 7.909284e-17 1.640185e-24
Algorithm converged after  6  iterations.
[1] 7.909284e-17 3.172127e-23
Algorithm converged after  6  iterations.
[1] 7.909284e-17 1.236247e-24 1.645620e-34
Algorithm converged after  6  iterations.
[1] 7.909284e-17 1.640185e-24 9.449682e-33
[1] 1.123342e-16 1.718838e-24 9.528027e-33
[1] 1.121505e-16 1.718367e-24 9.556040e-33
[1] 1.122041e-16 1.718524e-24 9.547858e-33
Algorithm converged after  33  iterations.
[1] 7.909284e-17 3.172127e-23 1.252304e-28
Algorithm converged after  7  iterations.
[1] 7.909284e-17 1.236247e-24 1.640185e-24
Algorithm converged after  7  iterations.
[1] 7.909284e-17 1.236247e-24 3.172127e-23
Algorithm converged after  7  iterations.
[1] 7.909284e-17 1.640185e-24 3.172127e-23
Algorithm converged after  7  iterations.
[1] 7.909284e-17 1.236247e-24 1.645620e-34 1.640185e-24
Algorithm converged after  7  iterations.
[1] 7.909284e-17 1.236247e-24 1.645620e-34 3.172127e-23
Algorithm converged after  7  iterations.
[1] 7.909284e-17 1.236247e-24 1.640185e-24 9.449682e-33
[1] 1.528052e-16 1.357031e-24 1.802589e-24 9.652674e-33
[1] 1.524090e-16 1.356474e-24 1.801858e-24 9.641651e-33
[1] 1.528741e-16 1.357152e-24 1.802756e-24 9.645586e-33
Algorithm converged after  33  iterations.
[1] 7.909284e-17 1.236247e-24 3.172127e-23 1.252304e-28
Algorithm converged after  7  iterations.
[1] 7.909284e-17 1.640185e-24 9.449682e-33 3.172127e-23
[1] 1.704701e-16 1.835804e-24 9.704594e-33 3.449298e-23
[1] 1.698227e-16 1.834620e-24 2.815581e-34 3.447664e-23
[1] 1.698450e-16 1.834668e-24 4.989667e-48 3.447751e-23
[1] 1.765083e-16 1.847060e-24 6.689091e-34 3.465176e-23
[1] 1.771313e-16 1.848447e-24 2.160822e-34 3.467985e-23
[1] 1.671507e-16 1.829988e-24 6.574712e-63 3.442066e-23
[1] 1.714528e-16 1.837885e-24 1.881730e-49 3.453653e-23
[1] 1.699431e-16 1.835238e-24 9.711307e-33 3.449872e-23
[1] 1.714287e-16 1.837869e-24 6.391725e-48 3.453689e-23
[1] 1.700000e-16 1.835842e-24 2.133363e-34 3.452172e-23
[1] 1.659318e-16 1.828175e-24 5.000869e-34 3.441474e-23
[1] 1.768172e-16 1.848422e-24 9.760120e-33 3.470063e-23
[1] 1.765946e-16 1.848176e-24 1.981567e-34 3.469631e-23
[1] 1.768730e-16 1.848658e-24 1.230291e-49 3.470374e-23
[1] 1.772782e-16 1.849479e-24 4.169083e-34 3.471528e-23
[1] 1.654512e-16 1.827530e-24 9.685673e-33 3.440708e-23
[1] 1.770353e-16 1.848969e-24 5.960607e-34 3.471018e-23
[1] 1.686337e-16 1.833454e-24 1.504934e-34 3.449191e-23
[1] 1.725668e-16 1.840691e-24 5.144937e-34 3.459460e-23
[1] 1.667752e-16 1.830083e-24 3.949776e-34 3.444463e-23
[1] 1.768678e-16 1.848812e-24 9.720080e-33 3.470845e-23
[1] 1.698346e-16 1.835831e-24 9.704129e-33 3.452952e-23
[1] 1.772241e-16 1.849579e-24 9.729411e-33 3.472287e-23
Algorithm converged after  231  iterations.
[1] 7.909284e-17 1.640185e-24 3.172127e-23 1.252304e-28
Algorithm converged after  7  iterations.
[1] 7.909284e-17 1.236247e-24 1.640185e-24 3.172127e-23
Algorithm converged after  7  iterations.
[1] 7.909284e-17 9.286298e-20
Algorithm converged after  2  iterations.
[1] 7.909284e-17 9.286298e-20 2.278872e-31
Algorithm converged after  5  iterations.
[1] 7.909284e-17 9.286298e-20 1.264500e-32
Algorithm converged after  5  iterations.
[1] 7.909284e-17 9.286298e-20 1.103108e-28
Algorithm converged after  5  iterations.
[1] 7.909284e-17 9.286298e-20 2.278872e-31 1.214336e-34
[1] 7.714176e-17 8.621392e-20 2.299261e-31 1.224834e-34
[1] 8.799172e-17 8.521598e-20 2.329725e-31 1.182193e-34
Algorithm converged after  25  iterations.
[1] 7.909284e-17 9.286298e-20 1.264500e-32 8.143931e-34
Algorithm converged after  6  iterations.
[1] 7.909284e-17 9.286298e-20 1.103108e-28 1.699230e-30
Algorithm converged after  7  iterations.
[1] 7.909284e-17 9.286298e-20 2.278872e-31 1.264500e-32
Algorithm converged after  5  iterations.
[1] 7.909284e-17 9.286298e-20 2.278872e-31 1.103108e-28
Algorithm converged after  5  iterations.
[1] 7.909284e-17 9.286298e-20 1.264500e-32 1.103108e-28
Algorithm converged after  6  iterations.
numeric(0)
Algorithm converged after  1  iterations.
[1] 8.32253e-24
Algorithm converged after  2  iterations.
[1] 5.748736e-27
Algorithm converged after  2  iterations.
[1] 1.451043e-18
Algorithm converged after  2  iterations.
[1] 8.322530e-24 8.332664e-26
Algorithm converged after  2  iterations.
[1] 5.748736e-27 1.207609e-32
Algorithm converged after  2  iterations.
[1] 1.451043e-18 2.098519e-23
Algorithm converged after  2  iterations.
[1] 8.322530e-24 5.748736e-27
Algorithm converged after  2  iterations.
[1] 8.322530e-24 1.451043e-18
Algorithm converged after  2  iterations.
[1] 5.748736e-27 1.451043e-18
Algorithm converged after  2  iterations.
[1] 8.322530e-24 8.332664e-26 5.748736e-27
Algorithm converged after  2  iterations.
[1] 8.322530e-24 8.332664e-26 1.451043e-18
Algorithm converged after  2  iterations.
[1] 8.322530e-24 5.748736e-27 1.207609e-32
Algorithm converged after  2  iterations.
[1] 8.322530e-24 1.451043e-18 2.098519e-23
Algorithm converged after  2  iterations.
[1] 5.748736e-27 1.207609e-32 1.451043e-18
Algorithm converged after  2  iterations.
[1] 5.748736e-27 1.451043e-18 2.098519e-23
Algorithm converged after  2  iterations.
[1] 8.322530e-24 5.748736e-27 1.451043e-18
Algorithm converged after  2  iterations.
[1] 8.322530e-24 8.332664e-26 5.748736e-27 1.207609e-32
Algorithm converged after  2  iterations.
[1] 8.322530e-24 8.332664e-26 1.451043e-18 2.098519e-23
Algorithm converged after  2  iterations.
[1] 5.748736e-27 1.207609e-32 1.451043e-18 2.098519e-23
Algorithm converged after  2  iterations.
[1] 8.322530e-24 8.332664e-26 5.748736e-27 1.451043e-18
Algorithm converged after  2  iterations.
[1] 8.322530e-24 5.748736e-27 1.207609e-32 1.451043e-18
Algorithm converged after  2  iterations.
[1] 8.322530e-24 5.748736e-27 1.451043e-18 2.098519e-23
Algorithm converged after  2  iterations.
[1] 6.406034e-17
Algorithm converged after  2  iterations.
[1] 6.406034e-17 1.214105e-24
Algorithm converged after  6  iterations.
[1] 6.406034e-17 8.700052e-25
Algorithm converged after  6  iterations.
[1] 6.406034e-17 2.660644e-23
Algorithm converged after  6  iterations.
[1] 6.406034e-17 1.214105e-24 2.901064e-34
[1] 7.700397e-17 1.242461e-24 3.135514e-45
[1] 9.014203e-17 1.268925e-24 7.326715e-52
[1] 7.648400e-17 1.241846e-24 1.129430e-31
[1] 9.283581e-17 1.274684e-24 1.573392e-33
[1] 1.048138e-16 1.297575e-24 2.849729e-34
[1] 7.595373e-17 1.241405e-24 1.128083e-31
[1] 7.639066e-17 1.242749e-24 1.638994e-51
[1] 7.691924e-17 1.244271e-24 1.144296e-56
[1] 9.234248e-17 1.275332e-24 8.558163e-48
[1] 8.951249e-17 1.269905e-24 3.783629e-45
[1] 8.567106e-17 1.262773e-24 3.471708e-33
[1] 8.896477e-17 1.269483e-24 2.815777e-34
[1] 8.949688e-17 1.270341e-24 2.900787e-34
[1] 7.677319e-17 1.245110e-24 3.839793e-67
[1] 9.823296e-17 1.287780e-24 2.827675e-34
[1] 1.009546e-16 1.292958e-24 2.837994e-34
[1] 7.656415e-17 1.245115e-24 3.555704e-33
[1] 9.617679e-17 1.284359e-24 4.710751e-34
[1] 7.714994e-17 1.246920e-24 8.375528e-34
[1] 7.629655e-17 1.245164e-24 3.549618e-33
[1] 7.712101e-17 1.247071e-24 3.530572e-33
[1] 7.650854e-17 1.245890e-24 1.129411e-31
[1] 9.728442e-17 1.287343e-24 2.864914e-34
Algorithm converged after  238  iterations.
[1] 6.406034e-17 8.700052e-25 3.847884e-33
Algorithm converged after  6  iterations.
[1] 6.406034e-17 2.660644e-23 2.998761e-29
Algorithm converged after  8  iterations.
[1] 6.406034e-17 1.214105e-24 8.700052e-25
Algorithm converged after  7  iterations.
[1] 6.406034e-17 1.214105e-24 2.660644e-23
Algorithm converged after  6  iterations.
[1] 6.406034e-17 8.700052e-25 2.660644e-23
Algorithm converged after  7  iterations.
[1] 6.406034e-17 1.214105e-24 2.901064e-34 8.700052e-25
[1] 1.093782e-16 1.304982e-24 1.164390e-31 9.601193e-25
[1] 1.250356e-16 1.332230e-24 3.391161e-51 9.875200e-25
[1] 1.195593e-16 1.323339e-24 2.859503e-34 9.784249e-25
[1] 1.265823e-16 1.335061e-24 4.659372e-34 9.903190e-25
[1] 1.237366e-16 1.330667e-24 5.043051e-48 9.857843e-25
[1] 1.178400e-16 1.320610e-24 9.739493e-48 9.756326e-25
[1] 1.081256e-16 1.303699e-24 3.412739e-33 9.587370e-25
[1] 1.286047e-16 1.339380e-24 1.439694e-51 9.945526e-25
[1] 1.101404e-16 1.307806e-24 5.056453e-65 9.627609e-25
[1] 1.248023e-16 1.333678e-24 3.407340e-51 9.886194e-25
[1] 1.203883e-16 1.326320e-24 2.858222e-34 9.812012e-25
[1] 1.086856e-16 1.305846e-24 2.901762e-34 9.606909e-25
[1] 1.085547e-16 1.305643e-24 5.465366e-48 9.604986e-25
[1] 1.203956e-16 1.326651e-24 8.314834e-34 9.814941e-25
[1] 1.202922e-16 1.326601e-24 2.864314e-34 9.814225e-25
[1] 1.101354e-16 1.308759e-24 8.379964e-34 9.635851e-25
[1] 1.206593e-16 1.327426e-24 2.882449e-34 9.822327e-25
[1] 1.092042e-16 1.307472e-24 2.922947e-34 9.622386e-25
[1] 1.221279e-16 1.330051e-24 3.041973e-45 9.849555e-25
[1] 1.089129e-16 1.307100e-24 4.052452e-59 9.618599e-25
[1] 1.201511e-16 1.327165e-24 3.632008e-60 9.818858e-25
[1] 1.070124e-16 1.303807e-24 3.070477e-34 9.585868e-25
Algorithm converged after  221  iterations.
[1] 6.406034e-17 1.214105e-24 2.901064e-34 2.660644e-23
Algorithm converged after  7  iterations.
[1] 6.406034e-17 1.214105e-24 8.700052e-25 3.847884e-33
Algorithm converged after  7  iterations.
[1] 6.406034e-17 1.214105e-24 2.660644e-23 2.998761e-29
[1] 1.343689e-16 1.347480e-24 2.826858e-23 4.561996e-64
[1] 1.306788e-16 1.341627e-24 2.819692e-23 7.648760e-54
Algorithm converged after  30  iterations.
[1] 6.406034e-17 8.700052e-25 3.847884e-33 2.660644e-23
[1] 1.292804e-16 9.937044e-25 6.012393e-35 2.815997e-23
[1] 1.242749e-16 9.854453e-25 6.061082e-35 2.805729e-23
Algorithm converged after  22  iterations.
