myseed=707 

Attaching package: ‘pls’

The following object is masked from ‘package:stats’:

    loadings

Loading required package: lattice
Loading required package: ggplot2
Registered S3 methods overwritten by 'ggplot2':
  method         from 
  [.quosures     rlang
  c.quosures     rlang
  print.quosures rlang

Attaching package: ‘caret’

The following object is masked from ‘package:pls’:

    R2

Loading required package: Matrix
Loading required package: foreach
Loaded glmnet 2.0-18

Parsed with column specification:
cols(
  .default = col_double()
)
See spec(...) for full column specifications.
Parsed with column specification:
cols(
  X1 = col_double()
)
Parsed with column specification:
cols(
  X1 = col_double()
)
numeric(0)
Algorithm converged after  1  iterations.
[1] 7.658505e-26
Algorithm converged after  2  iterations.
[1] 2.799868e-24
Algorithm converged after  2  iterations.
[1] 3.727424e-18
Algorithm converged after  2  iterations.
[1] 7.658505e-26 1.416257e-34
Algorithm converged after  2  iterations.
[1] 2.799868e-24 3.136149e-26
Algorithm converged after  2  iterations.
[1] 3.727424e-18 3.006213e-23
Algorithm converged after  2  iterations.
[1] 7.658505e-26 2.799868e-24
Algorithm converged after  2  iterations.
[1] 7.658505e-26 3.727424e-18
Algorithm converged after  2  iterations.
[1] 2.799868e-24 3.727424e-18
Algorithm converged after  2  iterations.
[1] 7.658505e-26 1.416257e-34 2.799868e-24
Algorithm converged after  2  iterations.
[1] 7.658505e-26 1.416257e-34 3.727424e-18
Algorithm converged after  2  iterations.
[1] 7.658505e-26 2.799868e-24 3.136149e-26
Algorithm converged after  2  iterations.
[1] 7.658505e-26 3.727424e-18 3.006213e-23
Algorithm converged after  2  iterations.
[1] 2.799868e-24 3.136149e-26 3.727424e-18
Algorithm converged after  2  iterations.
[1] 2.799868e-24 3.727424e-18 3.006213e-23
Algorithm converged after  2  iterations.
[1] 7.658505e-26 2.799868e-24 3.727424e-18
Algorithm converged after  2  iterations.
[1] 7.658505e-26 1.416257e-34 2.799868e-24 3.136149e-26
Algorithm converged after  2  iterations.
[1] 7.658505e-26 1.416257e-34 3.727424e-18 3.006213e-23
Algorithm converged after  2  iterations.
[1] 2.799868e-24 3.136149e-26 3.727424e-18 3.006213e-23
Algorithm converged after  2  iterations.
[1] 7.658505e-26 1.416257e-34 2.799868e-24 3.727424e-18
Algorithm converged after  2  iterations.
[1] 7.658505e-26 2.799868e-24 3.136149e-26 3.727424e-18
Algorithm converged after  2  iterations.
[1] 7.658505e-26 2.799868e-24 3.727424e-18 3.006213e-23
Algorithm converged after  2  iterations.
[1] 1.811144e-16
Algorithm converged after  2  iterations.
[1] 1.811144e-16 1.375737e-24
Algorithm converged after  6  iterations.
[1] 1.811144e-16 1.482234e-24
Algorithm converged after  6  iterations.
[1] 1.811144e-16 7.211276e-23
Algorithm converged after  6  iterations.
[1] 1.811144e-16 1.375737e-24 6.082621e-35
[1] 2.976247e-16 1.462864e-24 1.076268e-36
Algorithm converged after  11  iterations.
[1] 1.811144e-16 1.482234e-24 1.163775e-32
[1] 2.268863e-16 1.526940e-24 1.047027e-68
[1] 2.488133e-16 1.546553e-24 1.971745e-48
[1] 2.492339e-16 1.547292e-24 6.310218e-49
[1] 2.345694e-16 1.533781e-24 1.170601e-32
[1] 2.353948e-16 1.534614e-24 1.170662e-32
[1] 2.326128e-16 1.532267e-24 1.994214e-48
[1] 2.482305e-16 1.546640e-24 8.390628e-30
[1] 2.361080e-16 1.535821e-24 8.373038e-30
[1] 2.348875e-16 1.534692e-24 1.170613e-32
[1] 2.486783e-16 1.547413e-24 1.172327e-32
[1] 2.353066e-16 1.535318e-24 1.170582e-32
[1] 2.486134e-16 1.547619e-24 4.472028e-50
[1] 2.304595e-16 1.531047e-24 6.723291e-50
[1] 1.917964e-16 1.494671e-24 1.165147e-32
[1] 2.349440e-16 1.535538e-24 1.170529e-32
[1] 2.440239e-16 1.544347e-24 1.799013e-46
[1] 2.265758e-16 1.528617e-24 1.169327e-32
[1] 2.294689e-16 1.530814e-24 6.382576e-62
[1] 2.259555e-16 1.527897e-24 1.169269e-32
[1] 2.486463e-16 1.548658e-24 2.417390e-68
[1] 2.524922e-16 1.551697e-24 1.172760e-32
[1] 2.443927e-16 1.545346e-24 8.371395e-30
Algorithm converged after  224  iterations.
[1] 1.811144e-16 7.211276e-23 1.082375e-29
Algorithm converged after  8  iterations.
[1] 1.811144e-16 1.375737e-24 1.482234e-24
Algorithm converged after  7  iterations.
[1] 1.811144e-16 1.375737e-24 7.211276e-23
Algorithm converged after  7  iterations.
[1] 1.811144e-16 1.482234e-24 7.211276e-23
Algorithm converged after  7  iterations.
[1] 1.811144e-16 1.375737e-24 6.082621e-35 1.482234e-24
[1] 3.715386e-16 1.510620e-24 2.419285e-36 1.646891e-24
Algorithm converged after  15  iterations.
[1] 1.811144e-16 1.375737e-24 6.082621e-35 7.211276e-23
Algorithm converged after  8  iterations.
[1] 1.811144e-16 1.375737e-24 1.482234e-24 1.163775e-32
[1] 3.670765e-16 1.508008e-24 1.643413e-24 1.160811e-46
[1] 3.603876e-16 1.504074e-24 1.638766e-24 8.518824e-30
[1] 3.887039e-16 1.521484e-24 1.660039e-24 5.231846e-37
[1] 3.722557e-16 1.511564e-24 1.647605e-24 2.448980e-48
[1] 3.874812e-16 1.520981e-24 1.659162e-24 1.280108e-35
[1] 3.600905e-16 1.504383e-24 1.638689e-24 1.272482e-35
[1] 3.603987e-16 1.504685e-24 1.639046e-24 1.272440e-35
[1] 2.999579e-16 1.465617e-24 1.590406e-24 8.464926e-30
[1] 3.895050e-16 1.522956e-24 1.661148e-24 1.278350e-35
[1] 3.895252e-16 1.523020e-24 1.661185e-24 1.187278e-32
Algorithm converged after  102  iterations.
[1] 1.811144e-16 1.375737e-24 7.211276e-23 1.082375e-29
Algorithm converged after  9  iterations.
[1] 1.811144e-16 1.482234e-24 1.163775e-32 7.211276e-23
[1] 6.280995e-16 1.819391e-24 1.426893e-35 8.453107e-23
[1] 6.070027e-16 1.806174e-24 3.700139e-46 8.406126e-23
[1] 6.109260e-16 1.808624e-24 1.396335e-36 8.415332e-23
[1] 6.048720e-16 1.804862e-24 1.149372e-38 8.401869e-23
[1] 6.058383e-16 1.805505e-24 5.221010e-39 8.404356e-23
[1] 6.083070e-16 1.807009e-24 1.202794e-32 8.410253e-23
[1] 6.307002e-16 1.821291e-24 1.205091e-32 8.462672e-23
[1] 6.283120e-16 1.819658e-24 1.204327e-32 8.457498e-23
[1] 6.284966e-16 1.819803e-24 7.942280e-53 8.458270e-23
[1] 6.123383e-16 1.809694e-24 1.203180e-32 8.422722e-23
[1] 6.280419e-16 1.819572e-24 9.232931e-50 8.458526e-23
[1] 6.285716e-16 1.819937e-24 1.191069e-35 8.460393e-23
[1] 6.303030e-16 1.821029e-24 1.491932e-36 8.464471e-23
[1] 6.048639e-16 1.805089e-24 1.202571e-32 8.407812e-23
[1] 6.069974e-16 1.806437e-24 1.202722e-32 8.413035e-23
[1] 6.086988e-16 1.807497e-24 2.844304e-40 8.417272e-23
[1] 6.286325e-16 1.820042e-24 1.427673e-35 8.462797e-23
[1] 5.946852e-16 1.799268e-24 1.202418e-32 8.388217e-23
[1] 6.282135e-16 1.819838e-24 1.427422e-35 8.463166e-23
[1] 6.285303e-16 1.819493e-24 1.162061e-40 8.463464e-23
[1] 6.281236e-16 1.819809e-24 1.192121e-35 8.464257e-23
[1] 6.283654e-16 1.819958e-24 1.191752e-35 8.465202e-23
[1] 6.143998e-16 1.811044e-24 1.424465e-35 8.434043e-23
[1] 6.282543e-16 1.819917e-24 1.204335e-32 8.465844e-23
[1] 6.071059e-16 1.806665e-24 3.566905e-56 8.418670e-23
[1] 6.283422e-16 1.820031e-24 1.787449e-46 8.467121e-23
[1] 6.303460e-16 1.821248e-24 1.204522e-32 8.471767e-23
Algorithm converged after  273  iterations.
[1] 1.811144e-16 1.482234e-24 7.211276e-23 1.082375e-29
Algorithm converged after  8  iterations.
[1] 1.811144e-16 1.375737e-24 1.482234e-24 7.211276e-23
Algorithm converged after  8  iterations.
[1] 1.811144e-16 9.242811e-20
Algorithm converged after  2  iterations.
[1] 1.811144e-16 9.242811e-20 2.842902e-31
Algorithm converged after  5  iterations.
[1] 1.811144e-16 9.242811e-20 1.001956e-29
Algorithm converged after  4  iterations.
[1] 1.811144e-16 9.242811e-20 3.755030e-28
Algorithm converged after  6  iterations.
[1] 1.811144e-16 9.242811e-20 2.842902e-31 2.783834e-34
Algorithm converged after  5  iterations.
[1] 1.811144e-16 9.242811e-20 1.001956e-29 1.904808e-32
[1] 1.926433e-16 1.017172e-19 1.009677e-29 2.944585e-48
[1] 1.892651e-16 9.288509e-20 1.006860e-29 1.913785e-32
[1] 1.909201e-16 9.339718e-20 1.007934e-29 1.918093e-32
[1] 1.884350e-16 9.576903e-20 1.004489e-29 1.922432e-32
[1] 1.909183e-16 9.479774e-20 1.007910e-29 6.290031e-54
[1] 1.735888e-16 1.020122e-19 9.990341e-30 1.951869e-32
[1] 1.781182e-16 9.524800e-20 1.002357e-29 5.510256e-48
[1] 2.252756e-16 8.768621e-20 1.021559e-29 1.895600e-32
[1] 1.926645e-16 1.017722e-19 1.009861e-29 9.639257e-49
[1] 1.907869e-16 9.355581e-20 1.007960e-29 1.918359e-32
[1] 1.927331e-16 1.017373e-19 1.010111e-29 1.575743e-44
[1] 1.925399e-16 1.019496e-19 1.009887e-29 1.968834e-32
Algorithm converged after  121  iterations.
[1] 1.811144e-16 9.242811e-20 3.755030e-28 2.591896e-29
Algorithm converged after  7  iterations.
[1] 1.811144e-16 9.242811e-20 2.842902e-31 1.001956e-29
Algorithm converged after  5  iterations.
[1] 1.811144e-16 9.242811e-20 2.842902e-31 3.755030e-28
Algorithm converged after  6  iterations.
[1] 1.811144e-16 9.242811e-20 1.001956e-29 3.755030e-28
Algorithm converged after  6  iterations.
numeric(0)
Algorithm converged after  1  iterations.
[1] 4.124039e-23
Algorithm converged after  2  iterations.
[1] 2.947982e-26
Algorithm converged after  2  iterations.
[1] 4.586683e-18
Algorithm converged after  2  iterations.
[1] 4.124039e-23 1.348115e-25
Algorithm converged after  2  iterations.
[1] 2.947982e-26 1.853896e-31
Algorithm converged after  2  iterations.
[1] 4.586683e-18 1.293693e-23
Algorithm converged after  2  iterations.
[1] 4.124039e-23 2.947982e-26
Algorithm converged after  2  iterations.
[1] 4.124039e-23 4.586683e-18
Algorithm converged after  2  iterations.
[1] 2.947982e-26 4.586683e-18
Algorithm converged after  2  iterations.
[1] 4.124039e-23 1.348115e-25 2.947982e-26
Algorithm converged after  2  iterations.
[1] 4.124039e-23 1.348115e-25 4.586683e-18
Algorithm converged after  2  iterations.
[1] 4.124039e-23 2.947982e-26 1.853896e-31
Algorithm converged after  2  iterations.
[1] 4.124039e-23 4.586683e-18 1.293693e-23
Algorithm converged after  2  iterations.
[1] 2.947982e-26 1.853896e-31 4.586683e-18
Algorithm converged after  2  iterations.
[1] 2.947982e-26 4.586683e-18 1.293693e-23
Algorithm converged after  2  iterations.
[1] 4.124039e-23 2.947982e-26 4.586683e-18
Algorithm converged after  2  iterations.
[1] 4.124039e-23 1.348115e-25 2.947982e-26 1.853896e-31
Algorithm converged after  2  iterations.
[1] 4.124039e-23 1.348115e-25 4.586683e-18 1.293693e-23
Algorithm converged after  2  iterations.
[1] 2.947982e-26 1.853896e-31 4.586683e-18 1.293693e-23
Algorithm converged after  2  iterations.
[1] 4.124039e-23 1.348115e-25 2.947982e-26 4.586683e-18
Algorithm converged after  2  iterations.
[1] 4.124039e-23 2.947982e-26 1.853896e-31 4.586683e-18
Algorithm converged after  2  iterations.
[1] 4.124039e-23 2.947982e-26 4.586683e-18 1.293693e-23
Algorithm converged after  2  iterations.
[1] 2.203198e-16
Algorithm converged after  2  iterations.
[1] 2.203198e-16 2.192117e-24
Algorithm converged after  6  iterations.
[1] 2.203198e-16 1.001093e-24
Algorithm converged after  6  iterations.
[1] 2.203198e-16 3.061307e-23
Algorithm converged after  7  iterations.
[1] 2.203198e-16 2.192117e-24 4.811829e-31
Algorithm converged after  6  iterations.
[1] 2.203198e-16 1.001093e-24 8.709213e-34
Algorithm converged after  6  iterations.
[1] 2.203198e-16 3.061307e-23 1.105370e-29
[1] 6.078119e-16 3.526580e-23 5.534245e-48
[1] 6.139221e-16 3.536509e-23 1.374857e-29
[1] 6.743567e-16 3.595038e-23 5.058742e-28
[1] 6.743599e-16 3.595135e-23 5.058735e-28
[1] 6.743641e-16 3.595233e-23 5.058727e-28
[1] 6.743677e-16 3.595330e-23 5.058719e-28
[1] 6.743717e-16 3.595428e-23 5.058711e-28
[1] 6.743755e-16 3.595525e-23 2.889342e-51
[1] 6.141215e-16 3.538210e-23 1.689372e-48
[1] 6.139770e-16 3.539155e-23 6.499302e-33
[1] 6.135581e-16 3.540002e-23 6.673012e-33
[1] 5.335243e-16 3.459428e-23 8.022068e-34
[1] 5.339047e-16 3.460678e-23 2.854013e-33
[1] 5.849212e-16 3.517362e-23 1.339280e-29
[1] 5.875791e-16 3.521086e-23 7.506765e-34
[1] 6.059700e-16 3.538651e-23 1.303369e-29
[1] 5.806121e-16 3.517070e-23 1.339306e-29
[1] 5.846171e-16 3.522512e-23 7.517859e-34
[1] 6.154566e-16 3.555296e-23 6.682771e-33
[1] 5.339097e-16 3.471910e-23 6.786748e-33
[1] 5.640100e-16 3.503321e-23 1.315767e-29
[1] 5.887024e-16 3.530117e-23 1.386388e-29
[1] 5.881870e-16 3.530955e-23 2.909006e-33
[1] 6.234074e-16 3.565775e-23 1.338818e-29
[1] 6.605985e-16 3.604816e-23 5.046699e-28
[1] 6.747841e-16 3.620449e-23 1.835727e-29
[1] 6.643435e-16 3.611473e-23 1.807587e-29
[1] 5.832800e-16 3.532819e-23 2.394107e-36
[1] 5.924376e-16 3.542358e-23 7.488302e-34
[1] 5.321610e-16 3.480582e-23 8.817941e-34
[1] 5.720907e-16 3.522741e-23 4.933728e-28
[1] 5.470194e-16 3.498006e-23 4.903292e-28
[1] 6.761790e-16 3.628812e-23 5.065110e-28
[1] 6.086988e-16 3.563604e-23 1.346184e-33
[1] 5.330861e-16 3.487006e-23 1.719173e-29
[1] 6.169809e-16 3.573935e-23 1.383800e-29
[1] 6.756014e-16 3.632734e-23 1.836970e-29
[1] 5.926722e-16 3.552195e-23 1.382791e-29
[1] 5.596954e-16 3.518592e-23 1.322573e-29
[1] 6.093939e-16 3.570597e-23 2.450656e-33
[1] 6.603796e-16 3.622526e-23 5.044533e-28
[1] 6.631864e-16 3.627607e-23 1.318676e-29
[1] 5.872197e-16 3.554404e-23 1.343425e-29
[1] 6.116467e-16 3.580102e-23 4.965840e-28
Algorithm converged after  445  iterations.
[1] 2.203198e-16 2.192117e-24 1.001093e-24
Algorithm converged after  7  iterations.
[1] 2.203198e-16 2.192117e-24 3.061307e-23
Algorithm converged after  7  iterations.
[1] 2.203198e-16 1.001093e-24 3.061307e-23
Algorithm converged after  7  iterations.
[1] 2.203198e-16 2.192117e-24 4.811829e-31 1.001093e-24
Algorithm converged after  7  iterations.
[1] 2.203198e-16 2.192117e-24 4.811829e-31 3.061307e-23
Algorithm converged after  7  iterations.
[1] 2.203198e-16 2.192117e-24 1.001093e-24 8.709213e-34
Algorithm converged after  7  iterations.
[1] 2.203198e-16 2.192117e-24 3.061307e-23 1.105370e-29
[1] 8.169370e-16 2.549541e-24 3.728974e-23 1.986117e-33
[1] 7.726748e-16 2.528328e-24 3.689099e-23 1.937721e-33
[1] 8.968814e-16 2.586689e-24 3.799006e-23 8.358849e-32
[1] 8.098028e-16 2.546328e-24 3.723136e-23 2.163415e-31
[1] 8.084912e-16 2.545808e-24 3.722232e-23 7.944675e-32
Algorithm converged after  52  iterations.
[1] 2.203198e-16 1.001093e-24 8.709213e-34 3.061307e-23
[1] 6.676111e-16 1.194989e-24 1.106681e-32 3.586940e-23
[1] 6.984552e-16 1.205749e-24 5.787886e-49 3.616199e-23
[1] 6.871316e-16 1.201860e-24 1.113408e-32 3.606164e-23
Algorithm converged after  35  iterations.
[1] 2.203198e-16 1.001093e-24 3.061307e-23 1.105370e-29
[1] 7.120578e-16 1.210955e-24 3.631523e-23 1.537746e-49
[1] 7.119804e-16 1.211044e-24 3.632426e-23 7.586419e-34
[1] 7.060303e-16 1.209037e-24 3.627643e-23 2.358401e-58
[1] 7.629845e-16 1.228961e-24 3.683968e-23 5.297063e-28
[1] 7.364033e-16 1.219458e-24 3.658607e-23 1.272729e-29
[1] 7.710269e-16 1.231538e-24 3.691427e-23 5.250823e-28
Algorithm converged after  61  iterations.
[1] 2.203198e-16 2.192117e-24 1.001093e-24 3.061307e-23
Algorithm converged after  8  iterations.
[1] 2.203198e-16 6.727687e-20
Algorithm converged after  2  iterations.
[1] 2.203198e-16 6.727687e-20 6.725345e-31
Algorithm converged after  5  iterations.
[1] 2.203198e-16 6.727687e-20 1.220948e-29
Algorithm converged after  4  iterations.
[1] 2.203198e-16 6.727687e-20 5.480229e-28
Algorithm converged after  6  iterations.
[1] 2.203198e-16 6.727687e-20 6.725345e-31 1.663013e-34
Algorithm converged after  5  iterations.
[1] 2.203198e-16 6.727687e-20 1.220948e-29 2.756643e-54
[1] 2.281319e-16 6.597090e-20 1.228858e-29 1.553526e-32
Algorithm converged after  15  iterations.
[1] 2.203198e-16 6.727687e-20 5.480229e-28 2.176054e-29
Algorithm converged after  7  iterations.
[1] 2.203198e-16 6.727687e-20 6.725345e-31 1.220948e-29
Algorithm converged after  5  iterations.
[1] 2.203198e-16 6.727687e-20 6.725345e-31 5.480229e-28
Algorithm converged after  6  iterations.
[1] 2.203198e-16 6.727687e-20 1.220948e-29 5.480229e-28
Algorithm converged after  6  iterations.
numeric(0)
Algorithm converged after  1  iterations.
[1] 3.025197e-23
Algorithm converged after  2  iterations.
[1] 3.99353e-24
Algorithm converged after  2  iterations.
[1] 2.805182e-18
Algorithm converged after  2  iterations.
[1] 3.025197e-23 2.456141e-25
Algorithm converged after  2  iterations.
[1] 3.993530e-24 4.079941e-26
Algorithm converged after  2  iterations.
[1] 2.805182e-18 1.484760e-23
Algorithm converged after  2  iterations.
[1] 3.025197e-23 3.993530e-24
Algorithm converged after  2  iterations.
[1] 3.025197e-23 2.805182e-18
Algorithm converged after  2  iterations.
[1] 3.993530e-24 2.805182e-18
Algorithm converged after  2  iterations.
[1] 3.025197e-23 2.456141e-25 3.993530e-24
Algorithm converged after  2  iterations.
[1] 3.025197e-23 2.456141e-25 2.805182e-18
Algorithm converged after  2  iterations.
[1] 3.025197e-23 3.993530e-24 4.079941e-26
Algorithm converged after  2  iterations.
[1] 3.025197e-23 2.805182e-18 1.484760e-23
Algorithm converged after  2  iterations.
[1] 3.993530e-24 4.079941e-26 2.805182e-18
Algorithm converged after  2  iterations.
[1] 3.993530e-24 2.805182e-18 1.484760e-23
Algorithm converged after  2  iterations.
[1] 3.025197e-23 3.993530e-24 2.805182e-18
Algorithm converged after  2  iterations.
[1] 3.025197e-23 2.456141e-25 3.993530e-24 4.079941e-26
Algorithm converged after  2  iterations.
[1] 3.025197e-23 2.456141e-25 2.805182e-18 1.484760e-23
Algorithm converged after  2  iterations.
[1] 3.993530e-24 4.079941e-26 2.805182e-18 1.484760e-23
Algorithm converged after  2  iterations.
[1] 3.025197e-23 2.456141e-25 3.993530e-24 2.805182e-18
Algorithm converged after  2  iterations.
[1] 3.025197e-23 3.993530e-24 4.079941e-26 2.805182e-18
Algorithm converged after  2  iterations.
[1] 3.025197e-23 3.993530e-24 2.805182e-18 1.484760e-23
Algorithm converged after  2  iterations.
[1] 1.663078e-16
Algorithm converged after  2  iterations.
[1] 1.663078e-16 2.184227e-24
Algorithm converged after  6  iterations.
[1] 1.663078e-16 5.238513e-25
Algorithm converged after  6  iterations.
[1] 1.663078e-16 1.795254e-23
Algorithm converged after  5  iterations.
[1] 1.663078e-16 2.184227e-24 1.115503e-42
Algorithm converged after  10  iterations.
[1] 1.663078e-16 5.238513e-25 6.584466e-34
Algorithm converged after  7  iterations.
[1] 1.663078e-16 1.795254e-23 1.309717e-29
Algorithm converged after  6  iterations.
[1] 1.663078e-16 2.184227e-24 5.238513e-25
Algorithm converged after  7  iterations.
[1] 1.663078e-16 2.184227e-24 1.795254e-23
Algorithm converged after  6  iterations.
[1] 1.663078e-16 5.238513e-25 1.795254e-23
Algorithm converged after  6  iterations.
[1] 1.663078e-16 2.184227e-24 1.115503e-42 5.238513e-25
[1] 3.209276e-16 2.380400e-24 3.803123e-31 5.973291e-25
[1] 2.951565e-16 2.351108e-24 3.156599e-35 5.862546e-25
[1] 3.196793e-16 2.379078e-24 2.555239e-34 5.968187e-25
[1] 2.956800e-16 2.351893e-24 3.786588e-31 5.865211e-25
[1] 3.196371e-16 2.378819e-24 3.338787e-35 5.967600e-25
[1] 3.200514e-16 2.379707e-24 5.589135e-66 5.970322e-25
[1] 3.200327e-16 2.379594e-24 3.784175e-31 5.970002e-25
[1] 3.018054e-16 2.359047e-24 3.787291e-31 5.892142e-25
[1] 2.967860e-16 2.353385e-24 3.786890e-31 5.870598e-25
[1] 3.209906e-16 2.380911e-24 3.803307e-31 5.974691e-25
Algorithm converged after  102  iterations.
[1] 1.663078e-16 2.184227e-24 1.115503e-42 1.795254e-23
[1] 3.155474e-16 2.374461e-24 3.780962e-31 1.889529e-23
[1] 3.411116e-16 2.402862e-24 3.438588e-35 1.903468e-23
[1] 3.231211e-16 2.382917e-24 2.566352e-34 1.893689e-23
[1] 3.223315e-16 2.382085e-24 2.564015e-34 1.893278e-23
[1] 2.742748e-16 2.326286e-24 3.184719e-35 1.865863e-23
[1] 3.292580e-16 2.389927e-24 2.569615e-34 1.897120e-23
[1] 3.171989e-16 2.376649e-24 2.557809e-34 1.890590e-23
[1] 3.412944e-16 2.403398e-24 3.436681e-35 1.903714e-23
[1] 3.411338e-16 2.403233e-24 3.437785e-35 1.903635e-23
[1] 3.219642e-16 2.382083e-24 2.558773e-34 1.893253e-23
[1] 3.220591e-16 2.382141e-24 2.563553e-34 1.893289e-23
[1] 3.220585e-16 2.382164e-24 2.563880e-34 1.893299e-23
[1] 3.230388e-16 2.383285e-24 2.563845e-34 1.893849e-23
[1] 3.259778e-16 2.386375e-24 2.350583e-37 1.895382e-23
[1] 3.153360e-16 2.374715e-24 3.780728e-31 1.889636e-23
[1] 3.413375e-16 2.403819e-24 3.436021e-35 1.903921e-23
[1] 3.217137e-16 2.382096e-24 2.562110e-34 1.893263e-23
[1] 3.179167e-16 2.377911e-24 2.312162e-37 1.891204e-23
[1] 3.153327e-16 2.374973e-24 2.333318e-37 1.889764e-23
[1] 3.153324e-16 2.374990e-24 1.455594e-54 1.889772e-23
[1] 3.220790e-16 2.382602e-24 2.563235e-34 1.893514e-23
[1] 3.153364e-16 2.375080e-24 2.315205e-37 1.889816e-23
[1] 3.150477e-16 2.374767e-24 2.561611e-34 1.889663e-23
Algorithm converged after  232  iterations.
[1] 1.663078e-16 2.184227e-24 5.238513e-25 6.584466e-34
[1] 3.005494e-16 2.357194e-24 5.885213e-25 3.514773e-31
[1] 2.913140e-16 2.346901e-24 5.846863e-25 5.518189e-33
[1] 2.966030e-16 2.353060e-24 5.870051e-25 5.889433e-34
[1] 2.964195e-16 2.352908e-24 5.869399e-25 6.766943e-35
[1] 2.871961e-16 2.342055e-24 5.826982e-25 5.570178e-33
Algorithm converged after  56  iterations.
[1] 1.663078e-16 2.184227e-24 1.795254e-23 1.309717e-29
Algorithm converged after  7  iterations.
[1] 1.663078e-16 5.238513e-25 6.584466e-34 1.795254e-23
[1] 2.570147e-16 5.691180e-25 3.483160e-31 1.855618e-23
[1] 2.809250e-16 5.799327e-25 5.622650e-45 1.869789e-23
[1] 2.807632e-16 5.798527e-25 5.714029e-38 1.869715e-23
[1] 2.809568e-16 5.799586e-25 3.353627e-31 1.869853e-23
[1] 2.798548e-16 5.794930e-25 5.714561e-38 1.869237e-23
[1] 2.845346e-16 5.814802e-25 5.708666e-38 1.871881e-23
[1] 2.757612e-16 5.777167e-25 2.534489e-35 1.866908e-23
[1] 2.991749e-16 5.878361e-25 5.944218e-45 1.880209e-23
[1] 2.854230e-16 5.819266e-25 2.769683e-44 1.872468e-23
[1] 2.901979e-16 5.841474e-25 5.522149e-33 1.875306e-23
[1] 2.808966e-16 5.800095e-25 5.551676e-33 1.869948e-23
[1] 2.767426e-16 5.782141e-25 5.861359e-34 1.867586e-23
[1] 2.571370e-16 5.693133e-25 5.923275e-34 1.855947e-23
[1] 2.994062e-16 5.880344e-25 2.373179e-46 1.880498e-23
[1] 2.767962e-16 5.782910e-25 1.780126e-52 1.867697e-23
[1] 2.571419e-16 5.693608e-25 8.033582e-69 1.856019e-23
[1] 2.807840e-16 5.800374e-25 5.557549e-33 1.870028e-23
[1] 2.846889e-16 5.817103e-25 5.555005e-33 1.872238e-23
[1] 2.805104e-16 5.798832e-25 3.221145e-35 1.869849e-23
[1] 2.804088e-16 5.798495e-25 5.556991e-33 1.869811e-23
[1] 2.800424e-16 5.797047e-25 5.705509e-38 1.869631e-23
[1] 2.741328e-16 5.770375e-25 2.350481e-46 1.866172e-23
[1] 2.816414e-16 5.805289e-25 9.780137e-40 1.870649e-23
[1] 2.805682e-16 5.800223e-25 3.014427e-52 1.870040e-23
[1] 2.845401e-16 5.817219e-25 3.255166e-35 1.872283e-23
[1] 2.803593e-16 5.799382e-25 5.572127e-33 1.869962e-23
[1] 2.812103e-16 5.803840e-25 5.531583e-33 1.870480e-23
[1] 2.817872e-16 5.805006e-25 5.701191e-38 1.870726e-23
[1] 2.811203e-16 5.803230e-25 5.713301e-38 1.870452e-23
[1] 2.809467e-16 5.802819e-25 5.714357e-38 1.870377e-23
[1] 2.801637e-16 5.799249e-25 1.167960e-29 1.869940e-23
[1] 2.853561e-16 5.821909e-25 5.551539e-33 1.872906e-23
[1] 2.741106e-16 5.771756e-25 1.203903e-45 1.866379e-23
[1] 2.806158e-16 5.801987e-25 9.636257e-61 1.870281e-23
[1] 2.764836e-16 5.784323e-25 9.993262e-40 1.867955e-23
[1] 2.846285e-16 5.819340e-25 5.707890e-38 1.872576e-23
[1] 2.811337e-16 5.804468e-25 9.635164e-40 1.870645e-23
[1] 2.572117e-16 5.696801e-25 1.059818e-39 1.856497e-23
[1] 2.768407e-16 5.786316e-25 5.050830e-48 1.868214e-23
[1] 2.803395e-16 5.801348e-25 9.657199e-40 1.870248e-23
[1] 2.769574e-16 5.787094e-25 8.383396e-45 1.868339e-23
[1] 2.860042e-16 5.826215e-25 9.839606e-40 1.873489e-23
[1] 2.849135e-16 5.820957e-25 3.376111e-31 1.872852e-23
[1] 2.948158e-16 5.864422e-25 9.295883e-40 1.878541e-23
[1] 2.810159e-16 5.805329e-25 5.714603e-38 1.870756e-23
[1] 2.849246e-16 5.822083e-25 6.180957e-45 1.872976e-23
[1] 2.806798e-16 5.803978e-25 1.147163e-58 1.870604e-23
[1] 2.853846e-16 5.824347e-25 5.818597e-34 1.873283e-23
[1] 2.335289e-16 5.584099e-25 5.693939e-33 1.842011e-23
Algorithm did not converge after  500  iterations.
[1] 1.663078e-16 5.238513e-25 1.795254e-23 1.309717e-29
Algorithm converged after  7  iterations.
[1] 1.663078e-16 2.184227e-24 5.238513e-25 1.795254e-23
Algorithm converged after  7  iterations.
[1] 1.663078e-16 7.912821e-20
Algorithm converged after  2  iterations.
[1] 1.663078e-16 7.912821e-20 5.069272e-31
Algorithm converged after  5  iterations.
[1] 1.663078e-16 7.912821e-20 1.387994e-29
Algorithm converged after  4  iterations.
[1] 1.663078e-16 7.912821e-20 5.723350e-28
Algorithm converged after  5  iterations.
[1] 1.663078e-16 7.912821e-20 5.069272e-31 2.858496e-33
[1] 1.974048e-16 7.648907e-20 5.146150e-31 2.869830e-33
[1] 2.004655e-16 7.323334e-20 5.175370e-31 9.121356e-38
[1] 2.002292e-16 7.323464e-20 5.174897e-31 9.092300e-37
[1] 1.888692e-16 7.412588e-20 5.147378e-31 2.855419e-33
[1] 1.942592e-16 7.434861e-20 5.155171e-31 6.087536e-37
[1] 1.924769e-16 7.462598e-20 5.150223e-31 2.521927e-36
Algorithm converged after  69  iterations.
[1] 1.663078e-16 7.912821e-20 1.387994e-29 4.406717e-34
[1] 1.656815e-16 7.542569e-20 1.393020e-29 4.519852e-34
[1] 1.653588e-16 7.528070e-20 1.392856e-29 4.612890e-34
[1] 1.657579e-16 7.544150e-20 1.393069e-29 4.354941e-34
[1] 1.651083e-16 7.523208e-20 1.392696e-29 4.402297e-34
[1] 1.578467e-16 7.564377e-20 1.384815e-29 6.027535e-34
[1] 1.655166e-16 7.536096e-20 1.392791e-29 1.639469e-63
[1] 1.646599e-16 7.514847e-20 1.392384e-29 7.803639e-33
[1] 1.660210e-16 7.541953e-20 1.393334e-29 4.109310e-34
[1] 1.659303e-16 7.540094e-20 1.393274e-29 4.409408e-34
[1] 1.660979e-16 7.543539e-20 1.393389e-29 4.665606e-34
[1] 1.646786e-16 7.515089e-20 1.392419e-29 4.578514e-34
[1] 1.653735e-16 7.528384e-20 1.392907e-29 4.384928e-34
[1] 1.805254e-16 7.761431e-20 1.401837e-29 4.416848e-34
[1] 1.781807e-16 6.907419e-20 1.406275e-29 7.646546e-33
[1] 1.656462e-16 7.541894e-20 1.393044e-29 4.521879e-34
[1] 1.748173e-16 8.086129e-20 1.396694e-29 4.379669e-34
[1] 1.660799e-16 7.543173e-20 1.393840e-29 4.462567e-34
[1] 1.578645e-16 7.560998e-20 1.385484e-29 3.062248e-43
[1] 1.662618e-16 7.547214e-20 1.393979e-29 7.812742e-33
[1] 1.660207e-16 7.541926e-20 1.393816e-29 4.603457e-34
[1] 1.652388e-16 7.525593e-20 1.393286e-29 4.683301e-34
[1] 1.646890e-16 7.515341e-20 1.392898e-29 4.280635e-34
[1] 1.646907e-16 7.515315e-20 1.392898e-29 4.234732e-34
[1] 1.648567e-16 7.518366e-20 1.393014e-29 4.594280e-34
[1] 1.655530e-16 7.531998e-20 1.393496e-29 4.533534e-34
[1] 1.647702e-16 7.516608e-20 1.392953e-29 4.691161e-34
[1] 1.704152e-16 8.492969e-20 1.391000e-29 4.140771e-34
[1] 1.653068e-16 7.527148e-20 1.393321e-29 4.631259e-34
[1] 1.586471e-16 7.580478e-20 1.386124e-29 4.410374e-34
[1] 1.657035e-16 7.543083e-20 1.393546e-29 4.528388e-34
[1] 1.659754e-16 7.540900e-20 1.393796e-29 4.280005e-34
[1] 1.570626e-16 7.518129e-20 1.385244e-29 7.803496e-33
[1] 1.650613e-16 7.522210e-20 1.393208e-29 4.382967e-34
[1] 1.648712e-16 7.518499e-20 1.393075e-29 4.614993e-34
[1] 1.648095e-16 7.517365e-20 1.393030e-29 4.628127e-34
[1] 1.650568e-16 7.522253e-20 1.393202e-29 4.397508e-34
[1] 1.663115e-16 7.548415e-20 1.394050e-29 4.385717e-34
[1] 1.659244e-16 7.547609e-20 1.393788e-29 3.046647e-43
[1] 1.657657e-16 7.544267e-20 1.393664e-29 4.328770e-34
[1] 1.647983e-16 7.517035e-20 1.393057e-29 4.688491e-34
[1] 1.654184e-16 7.529327e-20 1.393484e-29 4.303293e-34
[1] 1.650522e-16 7.521922e-20 1.393231e-29 4.384509e-34
[1] 1.659349e-16 7.540164e-20 1.393831e-29 4.546351e-34
[1] 1.651439e-16 7.523762e-20 1.393293e-29 4.429504e-34
[1] 1.659318e-16 7.539967e-20 1.393829e-29 4.645894e-34
[1] 1.658226e-16 7.537748e-20 1.393753e-29 4.587844e-34
[1] 1.648380e-16 7.518093e-20 1.393074e-29 4.377351e-34
[1] 1.660647e-16 7.543215e-20 1.393895e-29 4.479718e-34
[1] 1.748008e-16 8.086744e-20 1.396836e-29 4.154661e-34
Algorithm did not converge after  500  iterations.
[1] 1.663078e-16 7.912821e-20 5.723350e-28 1.688251e-29
Algorithm converged after  7  iterations.
[1] 1.663078e-16 7.912821e-20 5.069272e-31 1.387994e-29
Algorithm converged after  5  iterations.
[1] 1.663078e-16 7.912821e-20 5.069272e-31 5.723350e-28
Algorithm converged after  5  iterations.
[1] 1.663078e-16 7.912821e-20 1.387994e-29 5.723350e-28
Algorithm converged after  6  iterations.
numeric(0)
Algorithm converged after  1  iterations.
[1] 1.938999e-23
Algorithm converged after  2  iterations.
[1] 8.794781e-24
Algorithm converged after  2  iterations.
[1] 7.709511e-18
Algorithm converged after  2  iterations.
[1] 1.938999e-23 8.278717e-26
Algorithm converged after  2  iterations.
[1] 8.794781e-24 5.116814e-26
Algorithm converged after  2  iterations.
[1] 7.709511e-18 7.376377e-24
Algorithm converged after  2  iterations.
[1] 1.938999e-23 8.794781e-24
Algorithm converged after  2  iterations.
[1] 1.938999e-23 7.709511e-18
Algorithm converged after  2  iterations.
[1] 8.794781e-24 7.709511e-18
Algorithm converged after  2  iterations.
[1] 1.938999e-23 8.278717e-26 8.794781e-24
Algorithm converged after  2  iterations.
[1] 1.938999e-23 8.278717e-26 7.709511e-18
Algorithm converged after  2  iterations.
[1] 1.938999e-23 8.794781e-24 5.116814e-26
Algorithm converged after  2  iterations.
[1] 1.938999e-23 7.709511e-18 7.376377e-24
Algorithm converged after  2  iterations.
[1] 8.794781e-24 5.116814e-26 7.709511e-18
Algorithm converged after  2  iterations.
[1] 8.794781e-24 7.709511e-18 7.376377e-24
Algorithm converged after  2  iterations.
[1] 1.938999e-23 8.794781e-24 7.709511e-18
Algorithm converged after  2  iterations.
[1] 1.938999e-23 8.278717e-26 8.794781e-24 5.116814e-26
Algorithm converged after  2  iterations.
[1] 1.938999e-23 8.278717e-26 7.709511e-18 7.376377e-24
Algorithm converged after  2  iterations.
[1] 8.794781e-24 5.116814e-26 7.709511e-18 7.376377e-24
Algorithm converged after  2  iterations.
[1] 1.938999e-23 8.278717e-26 8.794781e-24 7.709511e-18
Algorithm converged after  2  iterations.
[1] 1.938999e-23 8.794781e-24 5.116814e-26 7.709511e-18
Algorithm converged after  2  iterations.
[1] 1.938999e-23 8.794781e-24 7.709511e-18 7.376377e-24
Algorithm converged after  2  iterations.
[1] 3.41187e-16
Algorithm converged after  2  iterations.
[1] 3.411870e-16 1.915405e-24
Algorithm converged after  6  iterations.
[1] 3.41187e-16 8.30549e-25
Algorithm converged after  6  iterations.
[1] 3.411870e-16 1.054685e-23
Algorithm converged after  6  iterations.
[1] 3.411870e-16 1.915405e-24 5.895947e-31
[1] 5.870355e-16 2.041091e-24 6.068935e-31
Algorithm converged after  18  iterations.
[1] 3.411870e-16 8.305490e-25 8.790154e-46
Algorithm converged after  6  iterations.
[1] 3.411870e-16 1.054685e-23 2.482232e-29
Algorithm converged after  9  iterations.
[1] 3.411870e-16 1.915405e-24 8.305490e-25
Algorithm converged after  7  iterations.
[1] 3.411870e-16 1.915405e-24 1.054685e-23
Algorithm converged after  6  iterations.
[1] 3.411870e-16 8.305490e-25 1.054685e-23
Algorithm converged after  6  iterations.
[1] 3.411870e-16 1.915405e-24 5.895947e-31 8.305490e-25
Algorithm converged after  10  iterations.
[1] 3.411870e-16 1.915405e-24 5.895947e-31 1.054685e-23
Algorithm converged after  7  iterations.
[1] 3.411870e-16 1.915405e-24 8.305490e-25 8.790154e-46
Algorithm converged after  8  iterations.
[1] 3.411870e-16 1.915405e-24 1.054685e-23 2.482232e-29
Algorithm converged after  8  iterations.
[1] 3.411870e-16 8.305490e-25 8.790154e-46 1.054685e-23
Algorithm converged after  9  iterations.
[1] 3.411870e-16 8.305490e-25 1.054685e-23 2.482232e-29
Algorithm converged after  8  iterations.
[1] 3.411870e-16 1.915405e-24 8.305490e-25 1.054685e-23
Algorithm converged after  7  iterations.
[1] 3.411870e-16 6.496942e-20
Algorithm converged after  2  iterations.
[1] 3.411870e-16 6.496942e-20 6.701239e-31
Algorithm converged after  5  iterations.
[1] 3.411870e-16 6.496942e-20 9.723682e-30
Algorithm converged after  4  iterations.
[1] 3.411870e-16 6.496942e-20 1.586562e-29
Algorithm converged after  7  iterations.
[1] 3.411870e-16 6.496942e-20 6.701239e-31 3.010194e-34
Algorithm converged after  5  iterations.
[1] 3.411870e-16 6.496942e-20 9.723682e-30 8.836479e-33
Algorithm converged after  5  iterations.
[1] 3.411870e-16 6.496942e-20 1.586562e-29 1.582763e-30
Algorithm converged after  7  iterations.
[1] 3.411870e-16 6.496942e-20 6.701239e-31 9.723682e-30
Algorithm converged after  5  iterations.
[1] 3.411870e-16 6.496942e-20 6.701239e-31 1.586562e-29
Algorithm converged after  7  iterations.
[1] 3.411870e-16 6.496942e-20 9.723682e-30 1.586562e-29
Algorithm converged after  6  iterations.
numeric(0)
Algorithm converged after  1  iterations.
[1] 4.900495e-23
Algorithm converged after  2  iterations.
[1] 1.788173e-24
Algorithm converged after  2  iterations.
[1] 3.691027e-18
Algorithm converged after  2  iterations.
[1] 4.900495e-23 2.093886e-25
Algorithm converged after  2  iterations.
[1] 1.788173e-24 3.378550e-26
Algorithm converged after  2  iterations.
[1] 3.691027e-18 9.255922e-24
Algorithm converged after  2  iterations.
[1] 4.900495e-23 1.788173e-24
Algorithm converged after  2  iterations.
[1] 4.900495e-23 3.691027e-18
Algorithm converged after  2  iterations.
[1] 1.788173e-24 3.691027e-18
Algorithm converged after  2  iterations.
[1] 4.900495e-23 2.093886e-25 1.788173e-24
Algorithm converged after  2  iterations.
[1] 4.900495e-23 2.093886e-25 3.691027e-18
Algorithm converged after  2  iterations.
[1] 4.900495e-23 1.788173e-24 3.378550e-26
Algorithm converged after  2  iterations.
[1] 4.900495e-23 3.691027e-18 9.255922e-24
Algorithm converged after  2  iterations.
[1] 1.788173e-24 3.378550e-26 3.691027e-18
Algorithm converged after  2  iterations.
[1] 1.788173e-24 3.691027e-18 9.255922e-24
Algorithm converged after  2  iterations.
[1] 4.900495e-23 1.788173e-24 3.691027e-18
Algorithm converged after  2  iterations.
[1] 4.900495e-23 2.093886e-25 1.788173e-24 3.378550e-26
Algorithm converged after  2  iterations.
[1] 4.900495e-23 2.093886e-25 3.691027e-18 9.255922e-24
Algorithm converged after  2  iterations.
[1] 1.788173e-24 3.378550e-26 3.691027e-18 9.255922e-24
Algorithm converged after  2  iterations.
[1] 4.900495e-23 2.093886e-25 1.788173e-24 3.691027e-18
Algorithm converged after  2  iterations.
[1] 4.900495e-23 1.788173e-24 3.378550e-26 3.691027e-18
Algorithm converged after  2  iterations.
[1] 4.900495e-23 1.788173e-24 3.691027e-18 9.255922e-24
Algorithm converged after  2  iterations.
[1] 1.268191e-16
Algorithm converged after  2  iterations.
[1] 1.268191e-16 3.897736e-24
Algorithm converged after  6  iterations.
[1] 1.268191e-16 1.088427e-24
Algorithm converged after  5  iterations.
[1] 1.268191e-16 3.304989e-23
Algorithm converged after  8  iterations.
[1] 1.268191e-16 3.897736e-24 8.525138e-46
[1] 2.484539e-16 4.162390e-24 8.337178e-44
[1] 2.140277e-16 4.094496e-24 4.853380e-38
[1] 2.061775e-16 4.079177e-24 7.186150e-31
[1] 2.385270e-16 4.143478e-24 1.903190e-49
[1] 1.999082e-16 4.067195e-24 1.994401e-36
[1] 2.155231e-16 4.099080e-24 7.212316e-31
[1] 2.099181e-16 4.091227e-24 7.213704e-31
[1] 2.497215e-16 4.169892e-24 4.377775e-46
[1] 2.200524e-16 4.113407e-24 2.741053e-35
[1] 2.124055e-16 4.099193e-24 7.223845e-31
[1] 2.003583e-16 4.074813e-24 2.518016e-58
[1] 2.006898e-16 4.075805e-24 2.689598e-35
[1] 2.104738e-16 4.096008e-24 1.888658e-36
[1] 2.479455e-16 4.169977e-24 1.675083e-36
[1] 2.480317e-16 4.170614e-24 8.340103e-44
[1] 2.483459e-16 4.171820e-24 5.739370e-65
[1] 2.178698e-16 4.111866e-24 7.198250e-31
[1] 2.140280e-16 4.104599e-24 4.401218e-46
[1] 2.482424e-16 4.172145e-24 8.467255e-44
[1] 2.191671e-16 4.115189e-24 7.196441e-31
[1] 2.482642e-16 4.173093e-24 7.308815e-31
[1] 2.107546e-16 4.099197e-24 7.228624e-31
[1] 2.129949e-16 4.104245e-24 2.191731e-45
[1] 2.125840e-16 4.103755e-24 1.569377e-68
[1] 2.101611e-16 4.099061e-24 7.224307e-31
[1] 2.491124e-16 4.176047e-24 5.525221e-50
[1] 2.483931e-16 4.175304e-24 2.304249e-48
[1] 2.166883e-16 4.112946e-24 8.417013e-44
[1] 2.016454e-16 4.082287e-24 7.141434e-31
[1] 2.169906e-16 4.113982e-24 7.178723e-31
[1] 2.477370e-16 4.175121e-24 9.574964e-44
[1] 2.482954e-16 4.176823e-24 1.828928e-38
[1] 2.482101e-16 4.176580e-24 1.462024e-44
[1] 2.477315e-16 4.175889e-24 2.665791e-35
[1] 2.066359e-16 4.094280e-24 2.619192e-58
[1] 2.484708e-16 4.178592e-24 2.771967e-35
[1] 2.482230e-16 4.178588e-24 2.657092e-43
[1] 2.487988e-16 4.179552e-24 9.559490e-44
[1] 2.476347e-16 4.177829e-24 7.528334e-48
[1] 1.998731e-16 4.084303e-24 4.528232e-46
[1] 2.056423e-16 4.096024e-24 7.183681e-31
[1] 2.169255e-16 4.119099e-24 2.480003e-45
[1] 2.139134e-16 4.113185e-24 5.044481e-38
[1] 2.320833e-16 4.149806e-24 7.200103e-31
[1] 2.479226e-16 4.181600e-24 4.371233e-46
[1] 2.479665e-16 4.181931e-24 2.690054e-45
[1] 2.116948e-16 4.110582e-24 9.515504e-44
[1] 2.482873e-16 4.183135e-24 7.275043e-31
[1] 2.476956e-16 4.182073e-24 2.771034e-35
Algorithm did not converge after  500  iterations.
[1] 1.268191e-16 1.088427e-24 1.046384e-29
[1] 1.620686e-16 1.109587e-24 1.305806e-32
[1] 1.678628e-16 1.113045e-24 1.305922e-32
[1] 1.728146e-16 1.115852e-24 1.296680e-32
[1] 1.595292e-16 1.108909e-24 1.293836e-32
[1] 1.612550e-16 1.109649e-24 1.305664e-32
[1] 1.674691e-16 1.113379e-24 9.614696e-31
[1] 1.599401e-16 1.109058e-24 1.304194e-32
[1] 1.676011e-16 1.113540e-24 1.555395e-44
[1] 1.611763e-16 1.109817e-24 1.305575e-32
[1] 1.545051e-16 1.105908e-24 1.503050e-44
[1] 1.672736e-16 1.113487e-24 2.706493e-63
[1] 1.677285e-16 1.113665e-24 4.614741e-44
[1] 1.674675e-16 1.113755e-24 1.306155e-32
[1] 1.676609e-16 1.113928e-24 1.061404e-29
[1] 1.677920e-16 1.113876e-24 5.143936e-66
[1] 1.684099e-16 1.114553e-24 3.026555e-52
[1] 1.594192e-16 1.109532e-24 1.294297e-32
[1] 1.675796e-16 1.114125e-24 1.124483e-43
[1] 1.526708e-16 1.105541e-24 1.124447e-46
[1] 1.675623e-16 1.114212e-24 9.632884e-31
Algorithm converged after  208  iterations.
[1] 1.268191e-16 3.304989e-23 7.826459e-30
Algorithm converged after  7  iterations.
[1] 1.268191e-16 3.897736e-24 1.088427e-24
Algorithm converged after  6  iterations.
[1] 1.268191e-16 3.897736e-24 3.304989e-23
Algorithm converged after  8  iterations.
[1] 1.268191e-16 1.088427e-24 3.304989e-23
Algorithm converged after  8  iterations.
[1] 1.268191e-16 3.897736e-24 8.525138e-46 1.088427e-24
[1] 2.709020e-16 4.203848e-24 7.266725e-31 1.164971e-24
[1] 2.694029e-16 4.200881e-24 2.698883e-35 1.164229e-24
[1] 2.742246e-16 4.210071e-24 2.497162e-49 1.166490e-24
[1] 2.739412e-16 4.209436e-24 7.240133e-31 1.166333e-24
[1] 2.525235e-16 4.170943e-24 2.740196e-35 1.156650e-24
[1] 3.057668e-16 4.266976e-24 7.335382e-31 1.180647e-24
[1] 2.656577e-16 4.195399e-24 7.273652e-31 1.162739e-24
[1] 3.052470e-16 4.266282e-24 7.293485e-31 1.180438e-24
[1] 3.056716e-16 4.267515e-24 9.507230e-44 1.180699e-24
[1] 2.592241e-16 4.183861e-24 2.682003e-35 1.159787e-24
[1] 2.621872e-16 4.189768e-24 1.305395e-67 1.161233e-24
[1] 2.657204e-16 4.195935e-24 7.234414e-31 1.162779e-24
[1] 3.069749e-16 4.270140e-24 7.305063e-31 1.181289e-24
Algorithm converged after  132  iterations.
[1] 1.268191e-16 3.897736e-24 8.525138e-46 3.304989e-23
[1] 5.809480e-16 4.678059e-24 1.057310e-36 4.456344e-23
[1] 5.263323e-16 4.603536e-24 1.025460e-36 4.344380e-23
[1] 5.747338e-16 4.669894e-24 7.452683e-31 4.444286e-23
[1] 5.248052e-16 4.602085e-24 3.890393e-54 4.342239e-23
[1] 5.046828e-16 4.574447e-24 6.847504e-62 4.300792e-23
[1] 5.228236e-16 4.599675e-24 8.718435e-45 4.338924e-23
[1] 4.679761e-16 4.522082e-24 2.808671e-35 4.222667e-23
[1] 5.747558e-16 4.670230e-24 7.452839e-31 4.445474e-23
[1] 5.081010e-16 4.579208e-24 9.866474e-44 4.308604e-23
[1] 5.210567e-16 4.596934e-24 3.415325e-64 4.335467e-23
[1] 5.295967e-16 4.609099e-24 1.009370e-36 4.353797e-23
[1] 5.726778e-16 4.667871e-24 2.755209e-35 4.442387e-23
[1] 5.747820e-16 4.670591e-24 7.458804e-31 4.446639e-23
[1] 5.806809e-16 4.678234e-24 1.063489e-36 4.458347e-23
[1] 5.213664e-16 4.598005e-24 7.394523e-31 4.337456e-23
[1] 5.231069e-16 4.599994e-24 1.016369e-36 4.340682e-23
[1] 5.314542e-16 4.611563e-24 7.387512e-31 4.358169e-23
[1] 5.316951e-16 4.611982e-24 2.783791e-35 4.358932e-23
[1] 5.249250e-16 4.603038e-24 7.391900e-31 4.345543e-23
[1] 5.302306e-16 4.610356e-24 1.021824e-36 4.356727e-23
[1] 5.266462e-16 4.605384e-24 7.388588e-31 4.349375e-23
[1] 5.168980e-16 4.592245e-24 7.390513e-31 4.329632e-23
[1] 5.242139e-16 4.602243e-24 2.643480e-49 4.344797e-23
