myseed=2247 

Attaching package: ‘pls’

The following object is masked from ‘package:stats’:

    loadings

Loading required package: lattice
Loading required package: ggplot2
Registered S3 methods overwritten by 'ggplot2':
  method         from 
  [.quosures     rlang
  c.quosures     rlang
  print.quosures rlang

Attaching package: ‘caret’

The following object is masked from ‘package:pls’:

    R2

Loading required package: Matrix
Loading required package: foreach
Loaded glmnet 2.0-18

Parsed with column specification:
cols(
  .default = col_double()
)
See spec(...) for full column specifications.
Parsed with column specification:
cols(
  X1 = col_double()
)
Parsed with column specification:
cols(
  X1 = col_double()
)
numeric(0)
Algorithm converged after  1  iterations.
[1] 1.960869e-24
Algorithm converged after  2  iterations.
[1] 1.460019e-24
Algorithm converged after  2  iterations.
[1] 9.416071e-19
Algorithm converged after  2  iterations.
[1] 1.960869e-24 1.698550e-26
Algorithm converged after  2  iterations.
[1] 1.460019e-24 3.259092e-25
Algorithm converged after  2  iterations.
[1] 9.416071e-19 3.118946e-23
Algorithm converged after  2  iterations.
[1] 1.960869e-24 1.460019e-24
Algorithm converged after  2  iterations.
[1] 1.960869e-24 9.416071e-19
Algorithm converged after  2  iterations.
[1] 1.460019e-24 9.416071e-19
Algorithm converged after  2  iterations.
[1] 1.960869e-24 1.698550e-26 1.460019e-24
Algorithm converged after  2  iterations.
[1] 1.960869e-24 1.698550e-26 9.416071e-19
Algorithm converged after  2  iterations.
[1] 1.960869e-24 1.460019e-24 3.259092e-25
Algorithm converged after  2  iterations.
[1] 1.960869e-24 9.416071e-19 3.118946e-23
Algorithm converged after  2  iterations.
[1] 1.460019e-24 3.259092e-25 9.416071e-19
Algorithm converged after  2  iterations.
[1] 1.460019e-24 9.416071e-19 3.118946e-23
Algorithm converged after  2  iterations.
[1] 1.960869e-24 1.460019e-24 9.416071e-19
Algorithm converged after  2  iterations.
[1] 1.960869e-24 1.698550e-26 1.460019e-24 3.259092e-25
Algorithm converged after  2  iterations.
[1] 1.960869e-24 1.698550e-26 9.416071e-19 3.118946e-23
Algorithm converged after  2  iterations.
[1] 1.460019e-24 3.259092e-25 9.416071e-19 3.118946e-23
Algorithm converged after  2  iterations.
[1] 1.960869e-24 1.698550e-26 1.460019e-24 9.416071e-19
Algorithm converged after  2  iterations.
[1] 1.960869e-24 1.460019e-24 3.259092e-25 9.416071e-19
Algorithm converged after  2  iterations.
[1] 1.960869e-24 1.460019e-24 9.416071e-19 3.118946e-23
Algorithm converged after  2  iterations.
[1] 6.716278e-20
Algorithm converged after  2  iterations.
[1] 6.716278e-20 1.004109e-23
Algorithm converged after  6  iterations.
[1] 6.716278e-20 9.599584e-24
Algorithm converged after  5  iterations.
[1] 6.716278e-20 3.306211e-18
Algorithm converged after  5  iterations.
[1] 6.716278e-20 1.004109e-23 2.030488e-48
Algorithm converged after  6  iterations.
[1] 6.716278e-20 9.599584e-24 2.204016e-46
[1] 7.732811e-20 1.008652e-23 3.969669e-43
[1] 7.443089e-20 9.951572e-24 1.315904e-50
[1] 7.443431e-20 9.949172e-24 1.291926e-31
[1] 7.449714e-20 9.955318e-24 4.320648e-31
Algorithm converged after  41  iterations.
[1] 6.716278e-20 3.306211e-18 2.521882e-37
[1] 6.947881e-20 3.379752e-18 5.968123e-57
[1] 6.946005e-20 3.378539e-18 2.136825e-60
[1] 6.949504e-20 3.380856e-18 5.064032e-59
[1] 6.993971e-20 3.394594e-18 2.133782e-33
[1] 7.178897e-20 3.437808e-18 2.327077e-30
[1] 6.993769e-20 3.394101e-18 3.965757e-33
[1] 7.233428e-20 3.453922e-18 2.315909e-30
[1] 7.043273e-20 3.398587e-18 2.353056e-30
[1] 7.712860e-20 3.583464e-18 2.307760e-33
[1] 7.062278e-20 3.402261e-18 1.426558e-30
[1] 6.984461e-20 3.389669e-18 3.974116e-33
[1] 6.939147e-20 3.373768e-18 2.397589e-30
[1] 6.985207e-20 3.389749e-18 9.425551e-53
[1] 6.984464e-20 3.389551e-18 1.414806e-30
[1] 6.943090e-20 3.375292e-18 1.260460e-57
[1] 6.400047e-20 3.217007e-18 3.335915e-29
[1] 7.159067e-20 3.432753e-18 1.416062e-30
[1] 6.947397e-20 3.377157e-18 4.212389e-53
[1] 7.162392e-20 3.432315e-18 2.328713e-30
[1] 6.993963e-20 3.392430e-18 1.083729e-47
[1] 7.387513e-20 3.500410e-18 3.454894e-29
Algorithm converged after  213  iterations.
[1] 6.716278e-20 1.004109e-23 9.599584e-24
Algorithm converged after  6  iterations.
[1] 6.716278e-20 1.004109e-23 3.306211e-18
Algorithm converged after  6  iterations.
[1] 6.716278e-20 9.599584e-24 3.306211e-18
Algorithm converged after  6  iterations.
[1] 6.716278e-20 1.004109e-23 2.030488e-48 9.599584e-24
Algorithm converged after  7  iterations.
[1] 6.716278e-20 1.004109e-23 2.030488e-48 3.306211e-18
Algorithm converged after  7  iterations.
[1] 6.716278e-20 1.004109e-23 9.599584e-24 2.204016e-46
[1] 8.505037e-20 1.159245e-23 1.044298e-23 3.605159e-33
[1] 8.503605e-20 1.159115e-23 1.044217e-23 1.534043e-61
[1] 8.482733e-20 1.157318e-23 1.043196e-23 3.587128e-33
[1] 8.499282e-20 1.158726e-23 1.043979e-23 8.857844e-50
[1] 8.137191e-20 1.128048e-23 1.027353e-23 2.985701e-52
[1] 8.477151e-20 1.156907e-23 1.043038e-23 1.033710e-45
[1] 8.173243e-20 1.131112e-23 1.029000e-23 5.566870e-50
[1] 8.138335e-20 1.128127e-23 1.027405e-23 3.548594e-33
[1] 8.441458e-20 1.153730e-23 1.041109e-23 3.367378e-39
[1] 8.177266e-20 1.130928e-23 1.029184e-23 3.551505e-33
[1] 8.494718e-20 1.158318e-23 1.043752e-23 1.306224e-31
[1] 8.165855e-20 1.130688e-23 1.028891e-23 4.384028e-31
[1] 8.494600e-20 1.158302e-23 1.043744e-23 1.075918e-35
[1] 8.179864e-20 1.131573e-23 1.029456e-23 3.559716e-33
[1] 8.155125e-20 1.129572e-23 1.028221e-23 3.552279e-33
[1] 8.495826e-20 1.158408e-23 1.043807e-23 3.592628e-33
[1] 8.354165e-20 1.146421e-23 1.037185e-23 1.301908e-31
[1] 7.655562e-20 1.086816e-23 1.004687e-23 3.473585e-33
[1] 8.177672e-20 1.131624e-23 1.029417e-23 3.561948e-33
[1] 8.501852e-20 1.158942e-23 1.044135e-23 9.763430e-54
[1] 8.125829e-20 1.127063e-23 1.026820e-23 4.377780e-31
[1] 8.178830e-20 1.131337e-23 1.029352e-23 3.556344e-33
[1] 8.064233e-20 1.121813e-23 1.023950e-23 3.536094e-33
[1] 8.498904e-20 1.158669e-23 1.043971e-23 3.597618e-33
[1] 8.189909e-20 1.132478e-23 1.029739e-23 3.552882e-33
[1] 8.497923e-20 1.158567e-23 1.043896e-23 7.376853e-64
[1] 8.497287e-20 1.158510e-23 1.043861e-23 3.591428e-33
Algorithm converged after  272  iterations.
[1] 6.716278e-20 1.004109e-23 3.306211e-18 2.521882e-37
[1] 7.665726e-20 1.088661e-23 3.578815e-18 2.271486e-30
Algorithm converged after  11  iterations.
[1] 6.716278e-20 9.599584e-24 2.204016e-46 3.306211e-18
[1] 8.011490e-20 1.021547e-23 4.351754e-31 3.668560e-18
[1] 8.255085e-20 1.033041e-23 3.572391e-33 3.734378e-18
[1] 8.235090e-20 1.032122e-23 2.646943e-52 3.728929e-18
[1] 8.183466e-20 1.029564e-23 1.292178e-50 3.714918e-18
[1] 8.267950e-20 1.033591e-23 3.566238e-33 3.737886e-18
Algorithm converged after  54  iterations.
[1] 6.716278e-20 9.599584e-24 3.306211e-18 2.521882e-37
[1] 7.708788e-20 1.007822e-23 3.590441e-18 3.497029e-29
[1] 7.708789e-20 1.007822e-23 3.590434e-18 3.497030e-29
[1] 7.708789e-20 1.007822e-23 3.590426e-18 3.497032e-29
[1] 7.708790e-20 1.007822e-23 3.590418e-18 3.497033e-29
[1] 7.708791e-20 1.007823e-23 3.590411e-18 3.497034e-29
[1] 7.708791e-20 1.007823e-23 3.590403e-18 3.497036e-29
[1] 7.708792e-20 1.007823e-23 3.590395e-18 3.497037e-29
[1] 7.708792e-20 1.007823e-23 3.590387e-18 3.497038e-29
[1] 7.708793e-20 1.007824e-23 3.590380e-18 3.497040e-29
[1] 7.708793e-20 1.007824e-23 3.590372e-18 3.497041e-29
[1] 7.708794e-20 1.007824e-23 3.590364e-18 3.497042e-29
[1] 7.708794e-20 1.007824e-23 3.590357e-18 3.497044e-29
[1] 7.708795e-20 1.007824e-23 3.590349e-18 3.497045e-29
[1] 7.708796e-20 1.007825e-23 3.590341e-18 3.497046e-29
[1] 7.708796e-20 1.007825e-23 3.590333e-18 3.497048e-29
[1] 7.708797e-20 1.007825e-23 3.590326e-18 3.497049e-29
[1] 7.708797e-20 1.007825e-23 3.590318e-18 3.497051e-29
[1] 7.708798e-20 1.007825e-23 3.590310e-18 3.497052e-29
[1] 7.708798e-20 1.007826e-23 3.590302e-18 3.497053e-29
[1] 7.708799e-20 1.007826e-23 3.590295e-18 3.497055e-29
[1] 7.708799e-20 1.007826e-23 3.590287e-18 3.497056e-29
[1] 7.708800e-20 1.007826e-23 3.590279e-18 3.497057e-29
[1] 7.708801e-20 1.007827e-23 3.590272e-18 3.497059e-29
[1] 7.708801e-20 1.007827e-23 3.590264e-18 3.497060e-29
[1] 7.708802e-20 1.007827e-23 3.590256e-18 3.497061e-29
[1] 7.708802e-20 1.007827e-23 3.590248e-18 3.497063e-29
[1] 7.708803e-20 1.007827e-23 3.590241e-18 3.497064e-29
[1] 7.708803e-20 1.007828e-23 3.590233e-18 3.497066e-29
[1] 7.708804e-20 1.007828e-23 3.590225e-18 3.497067e-29
[1] 7.708804e-20 1.007828e-23 3.590218e-18 3.497068e-29
[1] 7.708805e-20 1.007828e-23 3.590210e-18 3.497070e-29
[1] 7.708806e-20 1.007828e-23 3.590202e-18 3.497071e-29
[1] 7.708806e-20 1.007829e-23 3.590194e-18 3.497072e-29
[1] 7.708807e-20 1.007829e-23 3.590187e-18 3.497074e-29
[1] 7.708807e-20 1.007829e-23 3.590179e-18 3.497075e-29
[1] 7.708808e-20 1.007829e-23 3.590171e-18 3.497076e-29
[1] 7.708808e-20 1.007830e-23 3.590164e-18 3.497078e-29
[1] 7.708809e-20 1.007830e-23 3.590156e-18 3.497079e-29
[1] 7.708809e-20 1.007830e-23 3.590148e-18 3.497080e-29
[1] 7.708810e-20 1.007830e-23 3.590140e-18 3.497082e-29
[1] 7.708811e-20 1.007830e-23 3.590133e-18 3.497083e-29
[1] 7.708811e-20 1.007831e-23 3.590125e-18 3.497085e-29
[1] 7.708812e-20 1.007831e-23 3.590117e-18 3.497086e-29
[1] 7.708812e-20 1.007831e-23 3.590110e-18 3.497087e-29
[1] 7.708813e-20 1.007831e-23 3.590102e-18 3.497089e-29
[1] 7.708813e-20 1.007831e-23 3.590094e-18 3.497090e-29
[1] 7.708814e-20 1.007832e-23 3.590086e-18 3.497091e-29
[1] 7.708814e-20 1.007832e-23 3.590079e-18 3.497093e-29
[1] 7.708815e-20 1.007832e-23 3.590071e-18 3.497094e-29
Algorithm did not converge after  500  iterations.
[1] 6.716278e-20 1.004109e-23 9.599584e-24 3.306211e-18
Algorithm converged after  7  iterations.
[1] 6.716278e-20 4.981733e-32
Algorithm converged after  2  iterations.
[1] 6.716278e-20 4.981733e-32 8.398531e-24
[1] 7.442684e-20 5.860860e-28 1.152947e-23
[1] 7.450397e-20 6.804034e-28 1.175253e-23
[1] 7.402584e-20 7.224011e-28 1.178041e-23
Algorithm converged after  34  iterations.
[1] 6.716278e-20 4.981733e-32 8.932203e-24
[1] 7.443278e-20 9.496665e-27 1.038241e-23
[1] 7.425199e-20 5.269608e-42 9.927803e-24
[1] 7.441584e-20 2.602437e-43 1.049576e-23
[1] 7.437614e-20 1.076430e-26 1.027362e-23
[1] 7.442189e-20 1.324531e-35 1.017421e-23
[1] 7.442518e-20 1.371852e-43 1.028096e-23
[1] 7.442177e-20 9.373349e-41 9.948860e-24
[1] 7.442125e-20 9.036785e-27 1.033985e-23
[1] 7.481140e-20 2.583737e-41 1.056592e-23
[1] 7.440389e-20 1.176723e-26 1.031894e-23
[1] 7.443361e-20 1.776664e-60 9.926301e-24
[1] 7.444080e-20 9.893794e-27 1.039618e-23
[1] 7.441593e-20 1.146851e-26 1.052611e-23
[1] 7.443947e-20 9.344138e-43 1.015449e-23
[1] 7.430182e-20 2.473348e-44 1.001580e-23
[1] 7.444701e-20 1.005982e-26 1.041523e-23
[1] 7.443697e-20 2.795010e-44 9.910242e-24
[1] 7.441706e-20 1.263606e-26 1.040191e-23
[1] 7.422416e-20 3.725986e-40 9.939370e-24
[1] 7.442755e-20 1.367973e-43 1.028007e-23
[1] 7.442472e-20 7.022042e-58 1.034081e-23
[1] 7.435873e-20 1.351794e-35 1.005777e-23
[1] 7.445150e-20 9.778686e-27 1.040590e-23
[1] 7.432606e-20 8.950550e-27 1.034163e-23
[1] 7.451043e-20 1.288193e-26 1.057925e-23
[1] 7.427400e-20 2.496831e-43 1.045685e-23
[1] 7.439911e-20 2.694443e-36 9.948263e-24
[1] 7.422348e-20 9.012780e-43 1.014731e-23
[1] 7.430284e-20 9.012230e-27 1.034658e-23
[1] 7.442257e-20 1.122380e-41 9.944472e-24
[1] 7.482386e-20 1.360338e-35 1.011938e-23
[1] 7.442344e-20 1.275566e-26 1.035568e-23
[1] 7.431555e-20 9.573990e-27 1.039064e-23
[1] 7.452343e-20 2.538899e-44 1.004272e-23
[1] 7.430761e-20 8.644255e-27 1.032179e-23
[1] 7.433804e-20 9.570104e-27 1.039128e-23
[1] 7.439385e-20 8.963863e-27 1.033980e-23
[1] 7.422999e-20 2.827779e-44 9.907213e-24
[1] 7.447070e-20 1.042943e-26 1.044761e-23
Algorithm converged after  398  iterations.
[1] 6.716278e-20 4.981733e-32 2.969427e-18
[1] 7.197717e-20 6.271719e-28 5.066143e-18
[1] 7.198115e-20 6.295365e-28 5.077493e-18
[1] 7.198187e-20 6.295582e-28 5.078042e-18
[1] 7.198251e-20 6.295250e-28 5.078340e-18
[1] 7.198316e-20 6.294916e-28 5.078635e-18
[1] 7.198380e-20 6.294573e-28 5.078928e-18
[1] 7.198445e-20 6.294229e-28 5.079220e-18
[1] 7.198509e-20 6.293884e-28 5.079513e-18
[1] 7.198573e-20 6.293539e-28 5.079805e-18
[1] 7.198638e-20 6.293194e-28 5.080097e-18
[1] 7.198702e-20 6.292849e-28 5.080390e-18
[1] 7.198767e-20 6.292503e-28 5.080683e-18
[1] 7.198831e-20 6.292158e-28 5.080976e-18
[1] 7.198896e-20 6.291812e-28 5.081269e-18
[1] 7.198960e-20 6.291467e-28 5.081562e-18
[1] 7.199025e-20 6.291121e-28 5.081856e-18
[1] 7.199090e-20 6.290776e-28 5.082149e-18
[1] 7.199155e-20 6.290430e-28 5.082443e-18
[1] 7.199220e-20 6.290084e-28 5.082737e-18
[1] 7.199284e-20 6.289738e-28 5.083031e-18
[1] 7.199349e-20 6.289392e-28 5.083325e-18
[1] 7.199414e-20 6.289046e-28 5.083620e-18
[1] 7.199479e-20 6.288699e-28 5.083914e-18
[1] 7.199545e-20 6.288353e-28 5.084209e-18
[1] 7.199610e-20 6.288007e-28 5.084504e-18
[1] 7.199675e-20 6.287660e-28 5.084799e-18
[1] 7.199740e-20 6.287313e-28 5.085094e-18
[1] 7.199806e-20 6.286967e-28 5.085390e-18
[1] 7.199871e-20 6.286620e-28 5.085685e-18
[1] 7.199937e-20 6.286273e-28 5.085981e-18
[1] 7.200002e-20 6.285926e-28 5.086276e-18
[1] 7.200068e-20 6.285579e-28 5.086572e-18
[1] 7.200133e-20 6.285232e-28 5.086869e-18
[1] 7.200199e-20 6.284884e-28 5.087165e-18
[1] 7.200265e-20 6.284537e-28 5.087461e-18
[1] 7.200330e-20 6.284189e-28 5.087758e-18
[1] 7.200396e-20 6.283842e-28 5.088055e-18
[1] 7.200462e-20 6.283494e-28 5.088352e-18
[1] 7.200528e-20 6.283146e-28 5.088649e-18
[1] 7.200594e-20 6.282799e-28 5.088946e-18
[1] 7.200660e-20 6.282451e-28 5.089243e-18
[1] 7.200726e-20 6.282103e-28 5.089541e-18
[1] 7.200792e-20 6.281755e-28 5.089839e-18
[1] 7.200858e-20 6.281406e-28 5.090136e-18
[1] 7.200925e-20 6.281058e-28 5.090435e-18
[1] 7.200991e-20 6.280710e-28 5.090733e-18
[1] 7.201057e-20 6.280361e-28 5.091031e-18
[1] 7.201124e-20 6.280013e-28 5.091330e-18
[1] 7.201190e-20 6.279664e-28 5.091628e-18
Algorithm did not converge after  500  iterations.
[1] 6.716278e-20 4.981733e-32 8.398531e-24 1.328266e-31
[1] 7.413695e-20 5.731101e-28 1.150986e-23 1.448651e-31
[1] 7.502247e-20 7.983014e-28 1.185926e-23 1.441423e-31
Algorithm converged after  26  iterations.
[1] 6.716278e-20 4.981733e-32 8.932203e-24 3.809841e-35
[1] 7.566412e-20 8.000329e-27 1.034980e-23 7.675835e-50
[1] 7.688629e-20 5.654272e-27 1.027791e-23 3.543070e-33
[1] 7.466448e-20 9.712852e-27 1.047082e-23 8.833428e-35
[1] 7.792549e-20 6.438416e-27 1.034185e-23 3.634565e-33
[1] 7.909444e-20 2.389914e-42 1.059921e-23 3.940777e-43
[1] 7.718719e-20 1.524171e-35 1.021428e-23 3.589126e-33
[1] 7.469560e-20 3.035037e-26 9.926639e-24 1.905032e-34
[1] 7.461149e-20 2.291524e-44 1.000450e-23 3.301730e-33
[1] 7.449010e-20 8.620580e-29 9.992215e-24 3.187602e-33
[1] 7.236935e-20 2.787464e-44 9.756136e-24 5.339782e-47
[1] 7.383374e-20 8.964211e-27 1.032901e-23 2.015910e-40
[1] 7.913257e-20 1.316792e-26 1.057865e-23 9.417694e-51
[1] 7.759153e-20 2.301093e-42 1.058564e-23 3.808199e-33
[1] 7.115708e-20 1.883846e-42 1.012649e-23 3.870506e-33
[1] 7.458649e-20 3.056951e-26 9.801166e-24 3.357711e-36
[1] 7.420246e-20 2.848149e-41 1.059615e-23 1.235325e-66
[1] 6.900647e-20 8.531285e-27 1.006498e-23 8.550058e-43
[1] 7.467403e-20 2.145622e-41 1.032864e-23 3.324991e-35
[1] 7.923177e-20 6.159870e-47 1.009492e-23 1.086751e-55
[1] 7.773149e-20 3.059354e-26 1.024795e-23 6.420645e-39
[1] 7.696939e-20 5.286232e-27 1.030710e-23 3.662337e-33
[1] 7.315856e-20 1.546337e-41 1.027866e-23 3.536567e-33
[1] 7.746237e-20 2.319532e-37 1.008037e-23 3.502879e-33
[1] 7.399331e-20 4.254344e-33 1.004111e-23 3.285444e-33
[1] 7.345727e-20 1.235832e-26 1.030862e-23 2.529688e-33
[1] 7.442690e-20 3.449943e-28 9.663162e-24 1.167616e-34
[1] 7.489027e-20 4.253408e-42 1.002079e-23 3.529865e-33
[1] 7.631905e-20 2.983851e-26 9.980990e-24 7.337956e-46
[1] 7.426138e-20 9.915515e-27 1.030133e-23 1.705626e-62
[1] 7.432986e-20 1.045153e-26 1.037770e-23 4.280767e-49
[1] 7.432101e-20 2.947975e-28 9.640178e-24 2.618630e-34
[1] 7.823670e-20 1.220650e-59 1.030494e-23 1.086721e-45
[1] 7.653934e-20 3.503678e-47 9.916443e-24 3.406201e-33
[1] 7.915934e-20 9.126397e-27 1.057982e-23 3.212838e-40
[1] 7.926416e-20 2.667077e-44 1.023001e-23 3.351134e-33
[1] 7.450794e-20 1.209895e-26 1.035483e-23 2.630160e-33
[1] 7.249009e-20 1.324561e-26 1.027548e-23 1.801384e-31
[1] 7.918228e-20 2.648101e-26 1.010370e-23 5.942809e-38
[1] 7.650656e-20 1.207219e-41 1.008115e-23 1.479587e-49
[1] 7.481433e-20 1.734295e-41 1.054023e-23 1.363234e-57
[1] 7.702477e-20 8.532858e-42 1.006204e-23 4.319905e-54
[1] 7.927387e-20 4.468829e-42 1.014474e-23 6.467014e-51
[1] 7.924298e-20 9.163044e-27 1.080962e-23 2.556128e-33
[1] 7.924395e-20 2.034846e-60 1.016461e-23 2.124394e-61
[1] 7.606713e-20 4.408390e-27 1.021028e-23 1.925425e-39
[1] 7.913444e-20 8.490921e-27 1.051010e-23 3.148869e-40
[1] 7.155584e-20 1.544167e-27 1.013099e-23 1.058547e-34
[1] 7.534343e-20 9.180083e-27 1.037603e-23 3.738894e-32
[1] 7.453375e-20 8.680810e-29 1.000208e-23 1.367849e-51
Algorithm did not converge after  500  iterations.
[1] 6.716278e-20 4.981733e-32 2.969427e-18 1.330458e-30
Algorithm converged after  7  iterations.
[1] 6.716278e-20 4.981733e-32 8.398531e-24 8.932203e-24
[1] 8.254516e-20 2.600279e-26 1.479731e-23 1.067099e-23
[1] 8.231833e-20 8.109144e-33 1.158215e-23 1.055830e-23
[1] 8.159860e-20 2.512404e-26 1.467106e-23 1.062991e-23
[1] 8.237915e-20 2.236214e-26 1.440130e-23 1.046549e-23
[1] 8.178738e-20 4.628605e-28 1.160684e-23 1.040787e-23
Algorithm converged after  60  iterations.
[1] 6.716278e-20 4.981733e-32 8.398531e-24 2.969427e-18
Algorithm converged after  7  iterations.
[1] 6.716278e-20 4.981733e-32 8.932203e-24 2.969427e-18
Algorithm converged after  6  iterations.
numeric(0)
Algorithm converged after  1  iterations.
[1] 9.25029e-24
Algorithm converged after  2  iterations.
[1] 2.643238e-25
Algorithm converged after  2  iterations.
[1] 1.508511e-18
Algorithm converged after  2  iterations.
[1] 9.25029e-24 1.51924e-27
Algorithm converged after  2  iterations.
[1] 2.643238e-25 4.992914e-32
Algorithm converged after  2  iterations.
[1] 1.508511e-18 3.263562e-23
Algorithm converged after  2  iterations.
[1] 9.250290e-24 2.643238e-25
Algorithm converged after  2  iterations.
[1] 9.250290e-24 1.508511e-18
Algorithm converged after  2  iterations.
[1] 2.643238e-25 1.508511e-18
Algorithm converged after  2  iterations.
[1] 9.250290e-24 1.519240e-27 2.643238e-25
Algorithm converged after  2  iterations.
[1] 9.250290e-24 1.519240e-27 1.508511e-18
Algorithm converged after  2  iterations.
[1] 9.250290e-24 2.643238e-25 4.992914e-32
Algorithm converged after  2  iterations.
[1] 9.250290e-24 1.508511e-18 3.263562e-23
Algorithm converged after  2  iterations.
[1] 2.643238e-25 4.992914e-32 1.508511e-18
Algorithm converged after  2  iterations.
[1] 2.643238e-25 1.508511e-18 3.263562e-23
Algorithm converged after  2  iterations.
[1] 9.250290e-24 2.643238e-25 1.508511e-18
Algorithm converged after  2  iterations.
[1] 9.250290e-24 1.519240e-27 2.643238e-25 4.992914e-32
Algorithm converged after  2  iterations.
[1] 9.250290e-24 1.519240e-27 1.508511e-18 3.263562e-23
Algorithm converged after  2  iterations.
[1] 2.643238e-25 4.992914e-32 1.508511e-18 3.263562e-23
Algorithm converged after  2  iterations.
[1] 9.250290e-24 1.519240e-27 2.643238e-25 1.508511e-18
Algorithm converged after  2  iterations.
[1] 9.250290e-24 2.643238e-25 4.992914e-32 1.508511e-18
Algorithm converged after  2  iterations.
[1] 9.250290e-24 2.643238e-25 1.508511e-18 3.263562e-23
Algorithm converged after  2  iterations.
[1] 3.232682e-17
Algorithm converged after  2  iterations.
[1] 3.232682e-17 1.613985e-27
Algorithm converged after  5  iterations.
[1] 3.232682e-17 2.973967e-25
Algorithm converged after  5  iterations.
[1] 3.232682e-17 2.326488e-20
[1] 2.292601e-16 4.176735e-20
Algorithm converged after  12  iterations.
[1] 3.232682e-17 1.613985e-27 1.460392e-31
Algorithm converged after  5  iterations.
[1] 3.232682e-17 2.973967e-25 5.275388e-32
[1] 4.033075e-17 2.981420e-25 1.077938e-32
[1] 4.325909e-17 2.984148e-25 1.117944e-32
[1] 4.155101e-17 2.982880e-25 1.087302e-32
[1] 4.159251e-17 2.983150e-25 4.559238e-62
[1] 4.322955e-17 2.984651e-25 9.684826e-54
[1] 5.210391e-17 2.991851e-25 4.013107e-50
[1] 5.207023e-17 2.991975e-25 1.242415e-57
[1] 4.145028e-17 2.983469e-25 2.729205e-66
[1] 4.979828e-17 2.990706e-25 9.269772e-33
[1] 5.210887e-17 2.992905e-25 3.916183e-48
[1] 5.232416e-17 2.993233e-25 5.369794e-32
[1] 4.280139e-17 2.985772e-25 1.104385e-32
[1] 4.340750e-17 2.986280e-25 6.624538e-31
[1] 3.956893e-17 2.983208e-25 5.318684e-32
[1] 4.301902e-17 2.986394e-25 1.111487e-32
[1] 5.226307e-17 2.993920e-25 6.819644e-31
[1] 3.766215e-17 2.981942e-25 5.305541e-32
[1] 4.288271e-17 2.986736e-25 2.338500e-61
[1] 3.765896e-17 2.982194e-25 1.067765e-32
[1] 5.207776e-17 2.994523e-25 1.106735e-32
[1] 3.845308e-17 2.983274e-25 1.064953e-32
[1] 5.215380e-17 2.995008e-25 6.813944e-31
[1] 5.154478e-17 2.994659e-25 1.064766e-32
[1] 5.251731e-17 2.995595e-25 1.127545e-32
[1] 4.464135e-17 2.989323e-25 1.346957e-50
[1] 5.251682e-17 2.995894e-25 1.127415e-32
[1] 5.255514e-17 2.996209e-25 6.831222e-31
[1] 5.243058e-17 2.996207e-25 1.128539e-32
[1] 4.154749e-17 2.987405e-25 3.897565e-35
[1] 5.251007e-17 2.996658e-25 1.126454e-32
[1] 4.041010e-17 2.986833e-25 1.075749e-32
[1] 4.288348e-17 2.989292e-25 2.109738e-47
[1] 5.221502e-17 2.996938e-25 1.101461e-32
[1] 4.326594e-17 2.990007e-25 9.477799e-54
[1] 5.160458e-17 2.996819e-25 1.053644e-32
[1] 5.213185e-17 2.997439e-25 1.110150e-32
[1] 5.193220e-17 2.997532e-25 1.988810e-42
[1] 4.495950e-17 2.991916e-25 1.041703e-32
[1] 4.096479e-17 2.988735e-25 5.304762e-32
[1] 4.183385e-17 2.989656e-25 1.041860e-32
[1] 4.503275e-17 2.992506e-25 6.631402e-31
[1] 5.206708e-17 2.998660e-25 1.009775e-53
[1] 4.135123e-17 2.989921e-25 6.613041e-31
[1] 4.343633e-17 2.991961e-25 1.119311e-32
[1] 5.250927e-17 2.999497e-25 1.136910e-32
[1] 5.265733e-17 2.999658e-25 2.069772e-61
[1] 4.312389e-17 2.991985e-25 8.967219e-65
[1] 4.294540e-17 2.992071e-25 1.107728e-53
[1] 5.166463e-17 2.999244e-25 5.334579e-32
Algorithm did not converge after  500  iterations.
[1] 3.232682e-17 2.326488e-20 2.958485e-30
[1] 2.508247e-16 4.331134e-20 9.399437e-34
[1] 2.470160e-16 4.302661e-20 3.690334e-29
[1] 2.269778e-16 4.159019e-20 2.787977e-52
[1] 2.481509e-16 4.313749e-20 3.691400e-29
[1] 2.507073e-16 4.333203e-20 3.697419e-29
Algorithm converged after  54  iterations.
[1] 3.232682e-17 1.613985e-27 2.973967e-25
Algorithm converged after  5  iterations.
[1] 3.232682e-17 1.613985e-27 2.326488e-20
[1] 2.532140e-16 1.728726e-27 4.371010e-20
Algorithm converged after  12  iterations.
[1] 3.232682e-17 2.973967e-25 2.326488e-20
[1] 2.579017e-16 3.093668e-25 4.408699e-20
Algorithm converged after  12  iterations.
[1] 3.232682e-17 1.613985e-27 1.460392e-31 2.973967e-25
Algorithm converged after  5  iterations.
[1] 3.232682e-17 1.613985e-27 1.460392e-31 2.326488e-20
[1] 2.376553e-16 1.723548e-27 1.400015e-31 4.258408e-20
Algorithm converged after  12  iterations.
[1] 3.232682e-17 1.613985e-27 2.973967e-25 5.275388e-32
Algorithm converged after  7  iterations.
[1] 3.232682e-17 1.613985e-27 2.326488e-20 2.958485e-30
[1] 2.696207e-16 1.735075e-27 4.487281e-20 3.746021e-29
[1] 2.662392e-16 1.733702e-27 4.461267e-20 3.731252e-29
[1] 2.661372e-16 1.733748e-27 4.462964e-20 3.733042e-29
[1] 2.618816e-16 1.732248e-27 4.432763e-20 2.140037e-42
[1] 2.765338e-16 1.737477e-27 4.539322e-20 3.762587e-29
[1] 2.516790e-16 1.728646e-27 4.360621e-20 3.695660e-29
[1] 2.801604e-16 1.738770e-27 4.564745e-20 1.331118e-42
[1] 2.656376e-16 1.733589e-27 4.460832e-20 3.729656e-29
[1] 2.624122e-16 1.732539e-27 4.439277e-20 1.675028e-71
[1] 2.680598e-16 1.734613e-27 4.481639e-20 3.741136e-29
[1] 2.760513e-16 1.737346e-27 4.538429e-20 3.760601e-29
[1] 2.604413e-16 1.731816e-27 4.425630e-20 2.592029e-52
[1] 2.657241e-16 1.733692e-27 4.464290e-20 3.728991e-29
[1] 2.636383e-16 1.733024e-27 4.450962e-20 3.725397e-29
[1] 2.479886e-16 1.727395e-27 4.338618e-20 1.350673e-42
[1] 2.541542e-16 1.729713e-27 4.384617e-20 3.702683e-29
[1] 2.616557e-16 1.732406e-27 4.438802e-20 3.046986e-54
[1] 2.423022e-16 1.725369e-27 4.298598e-20 6.067522e-51
[1] 2.745615e-16 1.737058e-27 4.533543e-20 3.758350e-29
[1] 2.627889e-16 1.732839e-27 4.447964e-20 3.723990e-29
[1] 2.687197e-16 1.735023e-27 4.492543e-20 1.357481e-42
[1] 2.614525e-16 1.732405e-27 4.439258e-20 3.720743e-29
[1] 2.737843e-16 1.736771e-27 4.527892e-20 2.139047e-42
[1] 2.734657e-16 1.736686e-27 4.527106e-20 3.754236e-29
[1] 2.728228e-16 1.736456e-27 4.522795e-20 2.720923e-55
[1] 2.754765e-16 1.737380e-27 4.542192e-20 3.759331e-29
[1] 2.630873e-16 1.733049e-27 4.453100e-20 3.724848e-29
[1] 2.564930e-16 1.730708e-27 4.407399e-20 3.927663e-51
[1] 2.658232e-16 1.734159e-27 4.477015e-20 5.799772e-49
[1] 2.656353e-16 1.733935e-27 4.473285e-20 3.729802e-29
[1] 2.520759e-16 1.729185e-27 4.377430e-20 2.843143e-49
[1] 2.763352e-16 1.737795e-27 4.552906e-20 3.836434e-51
[1] 2.763440e-16 1.737913e-27 4.554486e-20 1.165065e-67
[1] 2.641775e-16 1.733599e-27 4.468409e-20 3.492075e-53
[1] 2.304449e-16 1.721261e-27 4.221342e-20 3.637813e-29
[1] 2.560266e-16 1.730838e-27 4.411781e-20 3.047558e-49
[1] 2.720713e-16 1.736602e-27 4.528698e-20 2.326377e-55
[1] 2.719652e-16 1.736513e-27 4.527814e-20 3.750798e-29
[1] 2.604873e-16 1.732441e-27 4.444621e-20 1.542594e-55
[1] 2.519678e-16 1.729380e-27 4.383248e-20 1.351705e-62
[1] 2.705546e-16 1.736098e-27 4.519582e-20 3.747872e-29
[1] 2.583954e-16 1.731715e-27 4.430982e-20 1.930534e-62
[1] 2.718578e-16 1.736574e-27 4.529779e-20 3.751128e-29
[1] 2.557420e-16 1.730812e-27 4.413105e-20 8.814137e-63
[1] 2.498131e-16 1.728665e-27 4.370189e-20 2.127547e-42
[1] 2.590343e-16 1.732025e-27 4.437769e-20 3.715771e-29
[1] 2.708436e-16 1.736288e-27 4.524297e-20 2.112931e-42
[1] 2.475785e-16 1.727822e-27 4.354229e-20 3.684961e-29
[1] 2.573739e-16 1.731419e-27 4.426228e-20 9.319196e-53
Algorithm did not converge after  500  iterations.
[1] 3.232682e-17 2.973967e-25 5.275388e-32 2.326488e-20
[1] 2.654382e-16 3.096576e-25 1.128115e-32 4.467355e-20
[1] 2.842895e-16 3.103326e-25 2.759884e-47 4.602093e-20
[1] 2.672834e-16 3.097358e-25 1.142794e-32 4.482266e-20
[1] 2.659836e-16 3.096784e-25 1.124054e-32 4.472345e-20
[1] 2.703993e-16 3.098395e-25 1.902941e-37 4.504498e-20
[1] 2.912908e-16 3.105793e-25 6.411821e-38 4.652466e-20
[1] 2.631343e-16 3.095883e-25 1.136727e-32 4.453270e-20
[1] 2.608476e-16 3.095078e-25 1.994405e-37 4.437563e-20
[1] 2.712351e-16 3.098730e-25 5.366501e-36 4.511921e-20
[1] 2.612514e-16 3.095167e-25 7.986491e-65 4.440902e-20
[1] 2.689717e-16 3.097922e-25 1.746279e-47 4.496325e-20
[1] 2.834571e-16 3.103189e-25 2.547492e-35 4.600374e-20
[1] 2.643972e-16 3.096300e-25 3.999641e-39 4.464136e-20
[1] 2.838265e-16 3.103330e-25 5.418847e-36 4.603555e-20
[1] 2.591304e-16 3.094427e-25 5.337550e-36 4.427127e-20
[1] 2.615011e-16 3.095427e-25 2.043846e-37 4.445649e-20
[1] 2.895450e-16 3.105318e-25 1.149575e-32 4.644963e-20
[1] 2.635077e-16 3.095966e-25 1.793058e-37 4.459646e-20
[1] 2.896900e-16 3.105370e-25 2.029694e-37 4.646473e-20
[1] 2.711540e-16 3.098827e-25 1.913118e-37 4.515691e-20
[1] 2.827380e-16 3.102979e-25 1.145029e-32 4.598639e-20
[1] 2.618277e-16 3.095509e-25 6.154885e-38 4.449486e-20
[1] 2.672279e-16 3.097421e-25 1.130191e-32 4.488377e-20
[1] 3.112650e-16 3.112366e-25 5.285241e-52 4.797779e-20
[1] 2.733897e-16 3.099772e-25 1.146592e-32 4.535351e-20
[1] 2.909254e-16 3.105861e-25 5.432442e-36 4.659015e-20
[1] 2.665614e-16 3.097309e-25 7.508414e-35 4.486497e-20
[1] 2.748141e-16 3.100194e-25 5.633833e-32 4.545804e-20
[1] 2.580037e-16 3.094107e-25 1.119371e-32 4.424999e-20
[1] 2.604599e-16 3.095139e-25 1.979709e-37 4.443797e-20
[1] 2.860050e-16 3.104216e-25 5.657750e-32 4.626514e-20
[1] 2.836315e-16 3.103437e-25 6.201944e-38 4.610600e-20
[1] 2.815920e-16 3.102676e-25 1.134746e-32 4.596436e-20
[1] 2.716288e-16 3.099103e-25 1.130399e-32 4.525484e-20
[1] 2.698954e-16 3.098508e-25 1.890427e-37 4.513464e-20
[1] 2.863120e-16 3.104362e-25 1.142907e-32 4.630752e-20
[1] 2.817884e-16 3.102799e-25 2.784535e-47 4.599402e-20
[1] 2.649378e-16 3.096744e-25 1.128536e-32 4.478921e-20
[1] 2.616292e-16 3.095630e-25 8.067510e-31 4.455831e-20
[1] 2.856339e-16 3.104157e-25 5.629135e-39 4.627448e-20
[1] 2.890963e-16 3.105375e-25 2.017709e-37 4.652042e-20
[1] 2.600877e-16 3.095012e-25 1.124467e-32 4.445153e-20
[1] 2.733374e-16 3.099960e-25 1.150252e-32 4.541278e-20
[1] 2.921081e-16 3.106495e-25 1.164768e-32 4.674631e-20
Algorithm converged after  441  iterations.
[1] 3.232682e-17 2.973967e-25 2.326488e-20 2.958485e-30
[1] 2.801762e-16 3.101796e-25 4.565591e-20 3.784272e-29
[1] 2.805362e-16 3.101942e-25 4.568656e-20 3.785269e-29
[1] 2.810523e-16 3.102122e-25 4.572226e-20 4.790972e-46
[1] 2.801097e-16 3.101796e-25 4.565889e-20 3.007507e-66
[1] 2.719889e-16 3.098963e-25 4.509403e-20 1.927501e-42
[1] 2.600284e-16 3.094582e-25 4.422786e-20 8.858052e-40
[1] 2.677247e-16 3.097415e-25 4.479106e-20 3.751153e-29
[1] 2.777153e-16 3.101030e-25 4.551020e-20 3.777375e-29
[1] 2.805328e-16 3.102066e-25 4.572104e-20 3.785678e-29
[1] 2.791322e-16 3.101575e-25 4.562084e-20 3.781868e-29
[1] 2.439361e-16 3.088721e-25 4.307243e-20 3.127598e-47
[1] 2.798971e-16 3.101864e-25 4.568243e-20 3.783463e-29
[1] 2.781875e-16 3.101256e-25 4.556065e-20 3.778440e-29
[1] 2.575539e-16 3.093854e-25 4.408946e-20 9.204799e-41
[1] 2.608087e-16 3.095040e-25 4.432638e-20 9.739051e-41
[1] 2.813101e-16 3.102424e-25 4.580101e-20 9.171526e-41
[1] 2.699903e-16 3.098465e-25 4.500865e-20 3.759017e-29
[1] 2.611846e-16 3.095253e-25 4.437311e-20 3.735408e-29
[1] 2.382110e-16 3.086718e-25 4.269245e-20 3.326197e-47
[1] 2.741593e-16 3.099997e-25 4.532037e-20 3.964132e-48
[1] 2.805897e-16 3.102268e-25 4.577583e-20 2.209686e-58
[1] 2.489136e-16 3.090787e-25 4.349505e-20 1.949335e-42
[1] 2.740694e-16 3.100034e-25 4.533427e-20 3.769131e-29
Algorithm converged after  240  iterations.
[1] 3.232682e-17 1.613985e-27 2.973967e-25 2.326488e-20
[1] 2.834768e-16 1.740022e-27 3.103006e-25 4.596244e-20
Algorithm converged after  12  iterations.
[1] 3.232682e-17 9.310346e-20
Algorithm converged after  2  iterations.
[1] 3.232682e-17 9.310346e-20 1.491129e-31
Algorithm converged after  7  iterations.
[1] 3.232682e-17 9.310346e-20 1.397756e-30
[1] 6.829546e-20 1.208051e-28 2.029849e-23
[1] 6.828122e-20 2.025125e-45 2.142489e-23
[1] 6.809945e-20 1.153625e-28 2.013737e-23
[1] 6.829882e-20 1.831305e-44 2.433189e-23
[1] 6.817980e-20 1.172255e-28 2.014453e-23
[1] 6.831106e-20 5.135493e-47 2.035319e-23
[1] 6.827742e-20 5.668254e-53 2.163818e-23
[1] 6.808674e-20 9.930203e-59 2.047731e-23
[1] 6.830126e-20 1.238247e-28 2.028982e-23
Algorithm converged after  100  iterations.
[1] 3.232682e-17 9.310346e-20 4.458870e-29
[1] 6.648074e-20 2.067843e-27 7.924097e-18
Algorithm converged after  12  iterations.
[1] 3.232682e-17 9.310346e-20 1.491129e-31 5.104345e-62
Algorithm converged after  8  iterations.
[1] 3.232682e-17 9.310346e-20 1.397756e-30 3.775549e-32
[1] 7.122286e-20 3.631595e-61 2.061433e-23 1.254536e-34
[1] 6.649074e-20 8.691956e-27 2.136078e-23 9.925566e-31
Algorithm converged after  25  iterations.
[1] 3.232682e-17 9.310346e-20 4.458870e-29 2.386664e-30
[1] 6.596189e-20 1.823298e-27 7.644456e-18 2.525942e-32
Algorithm converged after  13  iterations.
[1] 3.232682e-17 9.310346e-20 1.491129e-31 1.397756e-30
Algorithm converged after  5  iterations.
[1] 3.232682e-17 9.310346e-20 1.491129e-31 4.458870e-29
[1] 6.758001e-20 3.147867e-50 9.953776e-25 2.073947e-18
[1] 6.766607e-20 1.413928e-53 1.184579e-24 2.565452e-18
[1] 6.822843e-20 2.275065e-46 1.055432e-24 2.374256e-18
[1] 6.792423e-20 1.232643e-28 1.044719e-24 2.707627e-18
[1] 6.776880e-20 4.578941e-45 1.606024e-24 4.053859e-18
[1] 6.818407e-20 2.419452e-27 1.330549e-24 2.428176e-18
[1] 6.738634e-20 1.096868e-45 1.304498e-24 3.111242e-18
[1] 6.781248e-20 1.351619e-28 1.046438e-24 2.618850e-18
[1] 6.736698e-20 9.825489e-47 1.006855e-24 2.232697e-18
[1] 6.778156e-20 2.584447e-36 1.463141e-24 2.481908e-18
[1] 6.777617e-20 1.643075e-28 9.901994e-25 2.834633e-18
[1] 6.781172e-20 1.459583e-28 1.032914e-24 2.705895e-18
[1] 6.763556e-20 2.149303e-41 1.170750e-24 2.472944e-18
[1] 6.764604e-20 1.513899e-28 1.017734e-24 2.735538e-18
[1] 6.756842e-20 5.263544e-58 1.610183e-24 2.838244e-18
[1] 6.775625e-20 1.938630e-29 1.014575e-24 2.696412e-18
[1] 6.779062e-20 1.222368e-47 9.870968e-25 2.278992e-18
[1] 6.763790e-20 2.872036e-46 1.164590e-24 2.775982e-18
[1] 6.768363e-20 1.151402e-31 1.040383e-24 2.364267e-18
[1] 6.768709e-20 2.297175e-41 9.262784e-25 2.891852e-18
[1] 6.777506e-20 1.461768e-28 1.017496e-24 2.669760e-18
[1] 6.777506e-20 1.461768e-28 1.017496e-24 2.669760e-18
[1] 6.777505e-20 1.461768e-28 1.017496e-24 2.669768e-18
Algorithm converged after  232  iterations.
[1] 3.232682e-17 9.310346e-20 1.397756e-30 4.458870e-29
[1] 7.129450e-20 1.250401e-46 2.051868e-23 2.461009e-18
[1] 7.118724e-20 2.476555e-26 2.009937e-23 3.415619e-18
[1] 7.091008e-20 2.350581e-41 2.122207e-23 2.714791e-18
[1] 7.079752e-20 1.452075e-46 2.043700e-23 2.448165e-18
[1] 7.129903e-20 5.946147e-30 2.128341e-23 3.177765e-18
[1] 7.082168e-20 1.823705e-55 2.051623e-23 2.421796e-18
Algorithm converged after  66  iterations.
numeric(0)
Algorithm converged after  1  iterations.
[1] 6.466393e-24
Algorithm converged after  2  iterations.
[1] 6.568815e-24
Algorithm converged after  2  iterations.
[1] 7.767717e-24
Algorithm converged after  2  iterations.
[1] 6.466393e-24 8.853868e-27
Algorithm converged after  2  iterations.
[1] 6.568815e-24 7.850890e-25
Algorithm converged after  2  iterations.
[1] 7.767717e-24 8.022745e-44
Algorithm converged after  2  iterations.
[1] 6.466393e-24 6.568815e-24
Algorithm converged after  2  iterations.
[1] 6.466393e-24 7.767717e-24
Algorithm converged after  2  iterations.
[1] 6.568815e-24 7.767717e-24
Algorithm converged after  2  iterations.
[1] 6.466393e-24 8.853868e-27 6.568815e-24
Algorithm converged after  2  iterations.
[1] 6.466393e-24 8.853868e-27 7.767717e-24
Algorithm converged after  2  iterations.
[1] 6.466393e-24 6.568815e-24 7.850890e-25
Algorithm converged after  2  iterations.
[1] 6.466393e-24 7.767717e-24 8.022745e-44
Algorithm converged after  2  iterations.
[1] 6.568815e-24 7.850890e-25 7.767717e-24
Algorithm converged after  2  iterations.
[1] 6.568815e-24 7.767717e-24 8.022745e-44
Algorithm converged after  2  iterations.
[1] 6.466393e-24 6.568815e-24 7.767717e-24
Algorithm converged after  2  iterations.
[1] 6.466393e-24 8.853868e-27 6.568815e-24 7.850890e-25
Algorithm converged after  2  iterations.
[1] 6.466393e-24 8.853868e-27 7.767717e-24 8.022745e-44
Algorithm converged after  2  iterations.
[1] 6.568815e-24 7.850890e-25 7.767717e-24 8.022745e-44
Algorithm converged after  2  iterations.
[1] 6.466393e-24 8.853868e-27 6.568815e-24 7.767717e-24
Algorithm converged after  2  iterations.
[1] 6.466393e-24 6.568815e-24 7.850890e-25 7.767717e-24
Algorithm converged after  2  iterations.
[1] 6.466393e-24 6.568815e-24 7.767717e-24 8.022745e-44
Algorithm converged after  2  iterations.
[1] 1.876631e-17
Algorithm converged after  2  iterations.
[1] 1.876631e-17 1.096796e-26
Algorithm converged after  5  iterations.
[1] 1.876631e-17 5.062253e-25
Algorithm converged after  5  iterations.
[1] 1.876631e-17 6.470902e-21
[1] 1.125341e-16 1.126091e-20
Algorithm converged after  11  iterations.
[1] 1.876631e-17 1.096796e-26 2.346005e-31
Algorithm converged after  6  iterations.
[1] 1.876631e-17 5.062253e-25 1.192039e-34
Algorithm converged after  7  iterations.
[1] 1.876631e-17 6.470902e-21 3.981118e-30
[1] 1.049614e-16 1.095398e-20 4.371077e-30
Algorithm converged after  12  iterations.
[1] 1.876631e-17 1.096796e-26 5.062253e-25
Algorithm converged after  6  iterations.
[1] 1.876631e-17 1.096796e-26 6.470902e-21
[1] 1.379617e-16 1.214155e-26 1.238310e-20
Algorithm converged after  12  iterations.
[1] 1.876631e-17 5.062253e-25 6.470902e-21
[1] 1.355349e-16 5.334055e-25 1.230257e-20
Algorithm converged after  12  iterations.
[1] 1.876631e-17 1.096796e-26 2.346005e-31 5.062253e-25
Algorithm converged after  6  iterations.
[1] 1.876631e-17 1.096796e-26 2.346005e-31 6.470902e-21
[1] 1.385840e-16 1.215373e-26 2.348506e-31 1.243427e-20
Algorithm converged after  12  iterations.
[1] 1.876631e-17 1.096796e-26 5.062253e-25 1.192039e-34
Algorithm converged after  7  iterations.
[1] 1.876631e-17 1.096796e-26 6.470902e-21 3.981118e-30
[1] 1.263719e-16 1.206785e-26 1.190750e-20 6.959357e-30
[1] 1.320549e-16 1.210690e-26 1.212728e-20 2.126599e-29
[1] 1.400448e-16 1.216301e-26 1.244520e-20 4.716155e-30
[1] 1.295232e-16 1.208978e-26 1.203306e-20 4.708292e-30
[1] 1.309189e-16 1.210022e-26 1.209200e-20 4.709088e-30
[1] 1.251228e-16 1.206077e-26 1.187032e-20 4.681356e-30
[1] 1.266111e-16 1.207151e-26 1.193258e-20 7.045374e-30
Algorithm converged after  80  iterations.
[1] 1.876631e-17 5.062253e-25 1.192039e-34 6.470902e-21
[1] 1.416010e-16 5.344158e-25 1.324643e-34 1.254666e-20
Algorithm converged after  13  iterations.
[1] 1.876631e-17 5.062253e-25 6.470902e-21 3.981118e-30
[1] 1.362422e-16 5.335550e-25 1.232220e-20 1.237747e-41
[1] 1.111981e-16 5.293002e-25 1.129842e-20 4.390789e-30
[1] 1.383419e-16 5.339076e-25 1.241232e-20 5.679351e-42
[1] 1.338469e-16 5.331987e-25 1.223980e-20 1.970511e-50
[1] 9.407561e-17 5.261588e-25 1.056488e-20 5.911395e-41
[1] 1.232996e-16 5.315989e-25 1.185960e-20 6.951442e-41
[1] 1.438828e-16 5.349859e-25 1.269048e-20 8.396205e-51
[1] 1.467550e-16 5.354022e-25 1.279579e-20 1.506416e-34
[1] 1.008841e-16 5.275780e-25 1.090632e-20 4.612657e-30
[1] 1.365890e-16 5.338441e-25 1.241401e-20 1.491725e-34
[1] 1.440738e-16 5.350702e-25 1.271874e-20 4.221935e-30
[1] 1.446241e-16 5.351594e-25 1.274259e-20 4.227780e-30
[1] 1.381215e-16 5.341085e-25 1.248311e-20 7.274625e-41
[1] 1.315815e-16 5.330636e-25 1.222671e-20 8.546677e-51
[1] 1.259834e-16 5.321333e-25 1.200095e-20 2.095505e-50
[1] 1.400391e-16 5.344334e-25 1.256671e-20 1.486938e-34
[1] 1.257766e-16 5.321040e-25 1.199522e-20 4.296847e-30
[1] 1.545098e-16 5.366833e-25 1.313355e-20 1.510287e-34
[1] 1.496124e-16 5.359442e-25 1.294988e-20 2.195955e-29
[1] 1.273258e-16 5.324092e-25 1.207715e-20 5.056091e-41
[1] 1.255604e-16 5.320933e-25 1.199941e-20 5.116732e-49
[1] 1.271940e-16 5.323801e-25 1.206996e-20 1.628385e-66
[1] 1.362066e-16 5.338597e-25 1.243391e-20 5.850387e-30
[1] 1.312422e-16 5.330692e-25 1.224201e-20 8.519169e-50
[1] 1.310924e-16 5.330455e-25 1.223604e-20 3.713899e-50
[1] 1.287241e-16 5.326516e-25 1.214105e-20 5.190885e-50
[1] 1.272159e-16 5.324123e-25 1.208377e-20 6.961074e-41
[1] 1.368926e-16 5.339884e-25 1.247183e-20 5.377811e-41
[1] 1.366610e-16 5.339562e-25 1.246458e-20 3.649415e-50
[1] 1.322364e-16 5.332530e-25 1.229295e-20 5.912880e-42
[1] 1.255406e-16 5.321484e-25 1.202292e-20 1.109062e-51
[1] 1.359469e-16 5.338727e-25 1.244779e-20 5.834284e-42
[1] 1.271645e-16 5.324555e-25 1.210302e-20 1.666238e-49
[1] 1.409411e-16 5.347425e-25 1.266821e-20 5.136559e-34
[1] 1.353248e-16 5.338119e-25 1.243824e-20 4.317271e-30
[1] 1.373593e-16 5.341561e-25 1.252447e-20 4.287234e-30
[1] 1.266480e-16 5.324041e-25 1.209395e-20 5.208036e-34
[1] 1.315866e-16 5.332363e-25 1.230013e-20 7.047655e-41
[1] 1.415466e-16 5.348352e-25 1.269803e-20 7.313116e-41
[1] 1.370944e-16 5.341341e-25 1.252477e-20 1.705716e-42
[1] 1.396689e-16 5.345569e-25 1.263130e-20 3.361001e-42
[1] 1.269942e-16 5.324989e-25 1.212446e-20 6.084151e-42
[1] 1.349159e-16 5.338079e-25 1.244869e-20 8.486071e-51
[1] 1.214867e-16 5.315831e-25 1.190649e-20 2.352252e-51
[1] 1.366095e-16 5.341341e-25 1.253562e-20 4.318134e-30
[1] 1.422113e-16 5.350806e-25 1.277461e-20 7.956693e-41
[1] 1.289969e-16 5.329099e-25 1.223634e-20 4.215934e-65
[1] 1.309921e-16 5.332409e-25 1.231779e-20 4.284219e-30
[1] 1.307656e-16 5.332004e-25 1.230920e-20 6.196270e-42
Algorithm did not converge after  500  iterations.
[1] 1.876631e-17 1.096796e-26 5.062253e-25 6.470902e-21
