myseed=2125 

Attaching package: ‘pls’

The following object is masked from ‘package:stats’:

    loadings

Loading required package: lattice
Loading required package: ggplot2
Registered S3 methods overwritten by 'ggplot2':
  method         from 
  [.quosures     rlang
  c.quosures     rlang
  print.quosures rlang

Attaching package: ‘caret’

The following object is masked from ‘package:pls’:

    R2

Loading required package: Matrix
Loading required package: foreach
Loaded glmnet 2.0-18

Parsed with column specification:
cols(
  .default = col_double()
)
See spec(...) for full column specifications.
Parsed with column specification:
cols(
  X1 = col_double()
)
Parsed with column specification:
cols(
  X1 = col_double()
)
numeric(0)
Algorithm converged after  1  iterations.
[1] 1.70626e-23
Algorithm converged after  2  iterations.
[1] 1.729952e-25
Algorithm converged after  2  iterations.
[1] 5.590096e-19
Algorithm converged after  2  iterations.
[1] 1.706260e-23 1.706174e-26
Algorithm converged after  2  iterations.
[1] 1.729952e-25 1.238917e-33
Algorithm converged after  2  iterations.
[1] 5.590096e-19 1.166808e-23
Algorithm converged after  2  iterations.
[1] 1.706260e-23 1.729952e-25
Algorithm converged after  2  iterations.
[1] 1.706260e-23 5.590096e-19
Algorithm converged after  2  iterations.
[1] 1.729952e-25 5.590096e-19
Algorithm converged after  2  iterations.
[1] 1.706260e-23 1.706174e-26 1.729952e-25
Algorithm converged after  2  iterations.
[1] 1.706260e-23 1.706174e-26 5.590096e-19
Algorithm converged after  2  iterations.
[1] 1.706260e-23 1.729952e-25 1.238917e-33
Algorithm converged after  2  iterations.
[1] 1.706260e-23 5.590096e-19 1.166808e-23
Algorithm converged after  2  iterations.
[1] 1.729952e-25 1.238917e-33 5.590096e-19
Algorithm converged after  2  iterations.
[1] 1.729952e-25 5.590096e-19 1.166808e-23
Algorithm converged after  2  iterations.
[1] 1.706260e-23 1.729952e-25 5.590096e-19
Algorithm converged after  2  iterations.
[1] 1.706260e-23 1.706174e-26 1.729952e-25 1.238917e-33
Algorithm converged after  2  iterations.
[1] 1.706260e-23 1.706174e-26 5.590096e-19 1.166808e-23
Algorithm converged after  2  iterations.
[1] 1.729952e-25 1.238917e-33 5.590096e-19 1.166808e-23
Algorithm converged after  2  iterations.
[1] 1.706260e-23 1.706174e-26 1.729952e-25 5.590096e-19
Algorithm converged after  2  iterations.
[1] 1.706260e-23 1.729952e-25 1.238917e-33 5.590096e-19
Algorithm converged after  2  iterations.
[1] 1.706260e-23 1.729952e-25 5.590096e-19 1.166808e-23
Algorithm converged after  2  iterations.
[1] 4.916353e-17
Algorithm converged after  2  iterations.
[1] 4.916353e-17 1.176317e-24
Algorithm converged after  6  iterations.
[1] 4.916353e-17 9.967259e-25
Algorithm converged after  5  iterations.
[1] 4.916353e-17 3.586345e-23
Algorithm converged after  8  iterations.
[1] 4.916353e-17 1.176317e-24 7.432167e-35
Algorithm converged after  6  iterations.
[1] 4.916353e-17 9.967259e-25 6.136681e-29
Algorithm converged after  10  iterations.
[1] 4.916353e-17 3.586345e-23 2.919855e-28
Algorithm converged after  10  iterations.
[1] 4.916353e-17 1.176317e-24 9.967259e-25
Algorithm converged after  6  iterations.
[1] 4.916353e-17 1.176317e-24 3.586345e-23
Algorithm converged after  8  iterations.
[1] 4.916353e-17 9.967259e-25 3.586345e-23
Algorithm converged after  8  iterations.
[1] 4.916353e-17 1.176317e-24 7.432167e-35 9.967259e-25
Algorithm converged after  6  iterations.
[1] 4.916353e-17 1.176317e-24 7.432167e-35 3.586345e-23
Algorithm converged after  7  iterations.
[1] 4.916353e-17 1.176317e-24 9.967259e-25 6.136681e-29
[1] 9.530051e-17 1.301400e-24 1.044717e-24 5.861012e-71
[1] 9.337494e-17 1.299766e-24 1.043492e-24 8.474205e-32
[1] 9.314131e-17 1.299342e-24 1.043320e-24 6.354747e-35
[1] 1.025487e-16 1.321681e-24 1.051723e-24 6.481104e-35
[1] 1.025980e-16 1.321679e-24 1.051671e-24 8.058403e-32
[1] 1.043383e-16 1.325849e-24 1.053207e-24 2.739152e-69
[1] 9.378681e-17 1.301640e-24 1.044065e-24 6.363405e-35
[1] 1.047910e-16 1.327499e-24 1.053751e-24 4.436963e-33
[1] 1.044810e-16 1.326924e-24 1.053475e-24 6.625189e-35
[1] 9.357834e-17 1.301943e-24 1.044016e-24 6.380010e-35
[1] 9.367261e-17 1.302453e-24 1.044173e-24 1.942638e-54
[1] 9.367290e-17 1.302698e-24 1.044224e-24 6.357755e-35
[1] 9.359635e-17 1.302706e-24 1.044181e-24 4.568430e-33
[1] 9.732971e-17 1.311756e-24 1.047573e-24 6.233619e-49
[1] 9.340255e-17 1.302701e-24 1.044085e-24 8.537563e-32
[1] 1.040121e-16 1.327625e-24 1.053447e-24 5.118581e-50
[1] 9.646833e-17 1.310258e-24 1.046890e-24 4.440183e-33
[1] 9.328873e-17 1.303111e-24 1.044156e-24 6.619779e-63
[1] 9.339890e-17 1.303542e-24 1.044270e-24 4.606946e-33
[1] 9.340354e-17 1.303717e-24 1.044310e-24 6.371469e-35
[1] 9.627214e-17 1.310459e-24 1.046847e-24 6.652876e-35
[1] 9.332562e-17 1.303826e-24 1.044302e-24 4.584524e-33
[1] 9.616168e-17 1.310433e-24 1.046795e-24 6.651956e-35
[1] 9.513308e-17 1.308188e-24 1.045936e-24 6.517271e-35
[1] 9.814883e-17 1.315321e-24 1.048568e-24 1.236297e-33
[1] 9.654190e-17 1.311758e-24 1.047142e-24 4.595952e-33
[1] 9.506303e-17 1.308669e-24 1.045998e-24 5.829981e-55
[1] 1.025620e-16 1.326650e-24 1.052727e-24 3.010600e-71
[1] 8.820280e-17 1.291982e-24 1.039519e-24 8.422303e-32
[1] 9.494246e-17 1.309040e-24 1.046004e-24 6.552846e-35
Algorithm converged after  301  iterations.
[1] 4.916353e-17 1.176317e-24 3.586345e-23 2.919855e-28
Algorithm converged after  10  iterations.
[1] 4.916353e-17 9.967259e-25 6.136681e-29 3.586345e-23
[1] 1.707283e-16 1.103176e-24 7.682656e-42 4.360049e-23
[1] 1.608678e-16 1.096442e-24 4.638902e-39 4.310593e-23
[1] 1.712512e-16 1.103726e-24 5.728617e-32 4.364370e-23
[1] 1.703600e-16 1.103196e-24 1.031558e-58 4.361122e-23
[1] 1.726023e-16 1.104589e-24 4.052865e-33 4.371922e-23
[1] 1.780687e-16 1.108389e-24 3.994381e-33 4.399932e-23
[1] 1.712775e-16 1.103867e-24 4.008842e-33 4.366964e-23
[1] 1.740659e-16 1.105620e-24 1.379004e-38 4.380874e-23
[1] 1.608319e-16 1.096567e-24 4.113730e-33 4.314629e-23
[1] 1.721772e-16 1.104525e-24 4.000102e-33 4.373468e-23
[1] 1.718147e-16 1.104341e-24 6.675569e-29 4.374015e-23
[1] 1.598329e-16 1.095967e-24 4.163932e-33 4.312963e-23
[1] 1.607810e-16 1.096509e-24 5.900852e-32 4.317599e-23
[1] 1.705104e-16 1.103560e-24 5.730161e-32 4.369168e-23
[1] 1.589364e-16 1.095344e-24 4.235604e-33 4.309435e-23
[1] 1.609225e-16 1.096828e-24 2.145594e-51 4.320611e-23
[1] 1.599975e-16 1.096198e-24 6.284935e-51 4.316286e-23
[1] 1.600489e-16 1.096253e-24 1.025250e-51 4.317196e-23
[1] 1.712677e-16 1.104139e-24 4.020247e-33 4.375629e-23
[1] 1.740902e-16 1.105966e-24 4.048998e-33 4.389815e-23
[1] 1.704959e-16 1.103553e-24 6.667481e-29 4.372331e-23
[1] 1.727904e-16 1.105262e-24 4.010405e-33 4.385367e-23
[1] 1.599369e-16 1.096275e-24 6.620039e-29 4.319366e-23
[1] 1.598517e-16 1.096218e-24 4.159785e-33 4.319261e-23
[1] 1.600522e-16 1.096397e-24 4.074968e-33 4.320950e-23
Algorithm converged after  254  iterations.
[1] 4.916353e-17 9.967259e-25 3.586345e-23 2.919855e-28
Algorithm converged after  9  iterations.
[1] 4.916353e-17 1.176317e-24 9.967259e-25 3.586345e-23
Algorithm converged after  7  iterations.
[1] 4.916353e-17 5.121011e-20
Algorithm converged after  2  iterations.
[1] 4.916353e-17 5.121011e-20 2.530025e-31
Algorithm converged after  5  iterations.
[1] 4.916353e-17 5.121011e-20 9.185012e-29
Algorithm converged after  4  iterations.
[1] 4.916353e-17 5.121011e-20 4.261577e-28
Algorithm converged after  7  iterations.
[1] 4.916353e-17 5.121011e-20 2.530025e-31 3.479811e-36
Algorithm converged after  7  iterations.
[1] 4.916353e-17 5.121011e-20 9.185012e-29 1.004904e-62
[1] 4.849398e-17 5.034176e-20 9.213519e-29 5.287532e-35
[1] 4.817786e-17 5.169112e-20 9.183562e-29 5.175473e-35
[1] 4.311781e-17 4.968100e-20 9.248837e-29 4.061245e-33
Algorithm converged after  33  iterations.
[1] 4.916353e-17 5.121011e-20 4.261577e-28 4.990504e-30
Algorithm converged after  8  iterations.
[1] 4.916353e-17 5.121011e-20 2.530025e-31 9.185012e-29
Algorithm converged after  5  iterations.
[1] 4.916353e-17 5.121011e-20 2.530025e-31 4.261577e-28
Algorithm converged after  7  iterations.
[1] 4.916353e-17 5.121011e-20 9.185012e-29 4.261577e-28
Algorithm converged after  7  iterations.
numeric(0)
Algorithm converged after  1  iterations.
[1] 3.939998e-26
Algorithm converged after  2  iterations.
[1] 2.027014e-23
Algorithm converged after  2  iterations.
[1] 1.119561e-18
Algorithm converged after  2  iterations.
[1] 3.939998e-26 6.100923e-41
Algorithm converged after  2  iterations.
[1] 2.027014e-23 3.260536e-25
Algorithm converged after  2  iterations.
[1] 1.119561e-18 1.550366e-23
Algorithm converged after  2  iterations.
[1] 3.939998e-26 2.027014e-23
Algorithm converged after  2  iterations.
[1] 3.939998e-26 1.119561e-18
Algorithm converged after  2  iterations.
[1] 2.027014e-23 1.119561e-18
Algorithm converged after  2  iterations.
[1] 3.939998e-26 6.100923e-41 2.027014e-23
Algorithm converged after  2  iterations.
[1] 3.939998e-26 6.100923e-41 1.119561e-18
Algorithm converged after  2  iterations.
[1] 3.939998e-26 2.027014e-23 3.260536e-25
Algorithm converged after  2  iterations.
[1] 3.939998e-26 1.119561e-18 1.550366e-23
Algorithm converged after  2  iterations.
[1] 2.027014e-23 3.260536e-25 1.119561e-18
Algorithm converged after  2  iterations.
[1] 2.027014e-23 1.119561e-18 1.550366e-23
Algorithm converged after  2  iterations.
[1] 3.939998e-26 2.027014e-23 1.119561e-18
Algorithm converged after  2  iterations.
[1] 3.939998e-26 6.100923e-41 2.027014e-23 3.260536e-25
Algorithm converged after  2  iterations.
[1] 3.939998e-26 6.100923e-41 1.119561e-18 1.550366e-23
Algorithm converged after  2  iterations.
[1] 2.027014e-23 3.260536e-25 1.119561e-18 1.550366e-23
Algorithm converged after  2  iterations.
[1] 3.939998e-26 6.100923e-41 2.027014e-23 1.119561e-18
Algorithm converged after  2  iterations.
[1] 3.939998e-26 2.027014e-23 3.260536e-25 1.119561e-18
Algorithm converged after  2  iterations.
[1] 3.939998e-26 2.027014e-23 1.119561e-18 1.550366e-23
Algorithm converged after  2  iterations.
[1] 1.60814e-16
Algorithm converged after  2  iterations.
[1] 1.608140e-16 7.249632e-25
Algorithm converged after  6  iterations.
[1] 1.608140e-16 1.628894e-24
Algorithm converged after  6  iterations.
[1] 1.608140e-16 2.672907e-23
Algorithm converged after  6  iterations.
[1] 1.608140e-16 7.249632e-25 1.574988e-33
Algorithm converged after  6  iterations.
[1] 1.608140e-16 1.628894e-24 3.109540e-31
Algorithm converged after  6  iterations.
[1] 1.608140e-16 2.672907e-23 2.714437e-28
[1] 3.749264e-16 2.925669e-23 2.883608e-28
[1] 3.272049e-16 2.876328e-23 2.784578e-28
Algorithm converged after  27  iterations.
[1] 1.608140e-16 7.249632e-25 1.628894e-24
Algorithm converged after  7  iterations.
[1] 1.608140e-16 7.249632e-25 2.672907e-23
Algorithm converged after  6  iterations.
[1] 1.608140e-16 1.628894e-24 2.672907e-23
Algorithm converged after  6  iterations.
[1] 1.608140e-16 7.249632e-25 1.574988e-33 1.628894e-24
Algorithm converged after  7  iterations.
[1] 1.608140e-16 7.249632e-25 1.574988e-33 2.672907e-23
Algorithm converged after  7  iterations.
[1] 1.608140e-16 7.249632e-25 1.628894e-24 3.109540e-31
Algorithm converged after  7  iterations.
[1] 1.608140e-16 7.249632e-25 2.672907e-23 2.714437e-28
[1] 4.922176e-16 9.108301e-25 3.039132e-23 5.066651e-36
[1] 4.825921e-16 9.057069e-25 3.029454e-23 6.883619e-51
[1] 4.179821e-16 8.748725e-25 2.970305e-23 4.088730e-29
[1] 4.763274e-16 9.031064e-25 3.024915e-23 2.543072e-44
[1] 4.894965e-16 9.096807e-25 3.037575e-23 3.047860e-28
[1] 4.886494e-16 9.092498e-25 3.036794e-23 2.605125e-54
[1] 4.911488e-16 9.106450e-25 3.039485e-23 3.072455e-28
[1] 4.038283e-16 8.680410e-25 2.957962e-23 2.912890e-28
[1] 4.866233e-16 9.087218e-25 3.036214e-23 2.989635e-61
[1] 4.168378e-16 8.750175e-25 2.971660e-23 2.040075e-30
[1] 4.861573e-16 9.086864e-25 3.036389e-23 2.854882e-44
[1] 4.399012e-16 8.862540e-25 2.993452e-23 2.978249e-28
Algorithm converged after  127  iterations.
[1] 1.608140e-16 1.628894e-24 3.109540e-31 2.672907e-23
Algorithm converged after  7  iterations.
[1] 1.608140e-16 1.628894e-24 2.672907e-23 2.714437e-28
Algorithm converged after  8  iterations.
[1] 1.608140e-16 7.249632e-25 1.628894e-24 2.672907e-23
Algorithm converged after  7  iterations.
[1] 1.608140e-16 6.784715e-20
Algorithm converged after  2  iterations.
[1] 1.608140e-16 6.784715e-20 4.047378e-31
Algorithm converged after  5  iterations.
[1] 1.608140e-16 6.784715e-20 7.276308e-29
Algorithm converged after  4  iterations.
[1] 1.608140e-16 6.784715e-20 3.340295e-28
Algorithm converged after  6  iterations.
[1] 1.608140e-16 6.784715e-20 4.047378e-31 4.035870e-34
Algorithm converged after  5  iterations.
[1] 1.608140e-16 6.784715e-20 7.276308e-29 4.250772e-33
[1] 1.403528e-16 6.394932e-20 7.340509e-29 1.148197e-49
Algorithm converged after  20  iterations.
[1] 1.608140e-16 6.784715e-20 3.340295e-28 4.342142e-30
Algorithm converged after  7  iterations.
[1] 1.608140e-16 6.784715e-20 4.047378e-31 7.276308e-29
Algorithm converged after  5  iterations.
[1] 1.608140e-16 6.784715e-20 4.047378e-31 3.340295e-28
Algorithm converged after  7  iterations.
[1] 1.608140e-16 6.784715e-20 7.276308e-29 3.340295e-28
Algorithm converged after  6  iterations.
numeric(0)
Algorithm converged after  1  iterations.
[1] 1.719523e-23
Algorithm converged after  2  iterations.
[1] 3.557428e-24
Algorithm converged after  2  iterations.
[1] 7.325285e-19
Algorithm converged after  2  iterations.
[1] 1.719523e-23 1.061326e-26
Algorithm converged after  2  iterations.
[1] 3.557428e-24 3.871312e-25
Algorithm converged after  2  iterations.
[1] 7.325285e-19 2.558576e-23
Algorithm converged after  2  iterations.
[1] 1.719523e-23 3.557428e-24
Algorithm converged after  2  iterations.
[1] 1.719523e-23 7.325285e-19
Algorithm converged after  2  iterations.
[1] 3.557428e-24 7.325285e-19
Algorithm converged after  2  iterations.
[1] 1.719523e-23 1.061326e-26 3.557428e-24
Algorithm converged after  2  iterations.
[1] 1.719523e-23 1.061326e-26 7.325285e-19
Algorithm converged after  2  iterations.
[1] 1.719523e-23 3.557428e-24 3.871312e-25
Algorithm converged after  2  iterations.
[1] 1.719523e-23 7.325285e-19 2.558576e-23
Algorithm converged after  2  iterations.
[1] 3.557428e-24 3.871312e-25 7.325285e-19
Algorithm converged after  2  iterations.
[1] 3.557428e-24 7.325285e-19 2.558576e-23
Algorithm converged after  2  iterations.
[1] 1.719523e-23 3.557428e-24 7.325285e-19
Algorithm converged after  2  iterations.
[1] 1.719523e-23 1.061326e-26 3.557428e-24 3.871312e-25
Algorithm converged after  2  iterations.
[1] 1.719523e-23 1.061326e-26 7.325285e-19 2.558576e-23
Algorithm converged after  2  iterations.
[1] 3.557428e-24 3.871312e-25 7.325285e-19 2.558576e-23
Algorithm converged after  2  iterations.
[1] 1.719523e-23 1.061326e-26 3.557428e-24 7.325285e-19
Algorithm converged after  2  iterations.
[1] 1.719523e-23 3.557428e-24 3.871312e-25 7.325285e-19
Algorithm converged after  2  iterations.
[1] 1.719523e-23 3.557428e-24 7.325285e-19 2.558576e-23
Algorithm converged after  2  iterations.
[1] 7.03979e-17
Algorithm converged after  2  iterations.
[1] 7.03979e-17 1.41056e-24
Algorithm converged after  6  iterations.
[1] 7.039790e-17 1.595408e-24
Algorithm converged after  6  iterations.
[1] 7.039790e-17 5.611495e-23
Algorithm converged after  7  iterations.
[1] 7.039790e-17 1.410560e-24 9.693603e-39
[1] 1.298784e-16 1.553662e-24 8.084270e-31
[1] 1.298833e-16 1.553812e-24 8.089056e-31
[1] 1.291735e-16 1.552098e-24 7.969896e-31
[1] 1.126801e-16 1.515306e-24 6.699155e-39
[1] 1.298319e-16 1.554188e-24 8.071099e-31
Algorithm converged after  58  iterations.
[1] 7.039790e-17 1.595408e-24 5.381010e-31
Algorithm converged after  6  iterations.
[1] 7.039790e-17 5.611495e-23 3.848060e-30
Algorithm converged after  8  iterations.
[1] 7.039790e-17 1.410560e-24 1.595408e-24
Algorithm converged after  7  iterations.
[1] 7.039790e-17 1.410560e-24 5.611495e-23
Algorithm converged after  8  iterations.
[1] 7.039790e-17 1.595408e-24 5.611495e-23
Algorithm converged after  6  iterations.
[1] 7.039790e-17 1.410560e-24 9.693603e-39 1.595408e-24
[1] 1.568403e-16 1.609227e-24 8.085097e-31 1.728089e-24
[1] 1.782047e-16 1.651332e-24 7.735215e-47 1.755693e-24
[1] 1.631600e-16 1.621958e-24 8.096560e-31 1.736428e-24
[1] 1.589699e-16 1.613972e-24 8.106309e-31 1.731133e-24
[1] 1.613607e-16 1.618520e-24 3.250855e-56 1.734152e-24
[1] 1.791934e-16 1.653093e-24 8.061905e-31 1.756854e-24
Algorithm converged after  65  iterations.
[1] 7.039790e-17 1.410560e-24 9.693603e-39 5.611495e-23
Algorithm converged after  8  iterations.
[1] 7.039790e-17 1.410560e-24 1.595408e-24 5.381010e-31
Algorithm converged after  7  iterations.
[1] 7.039790e-17 1.410560e-24 5.611495e-23 3.848060e-30
Algorithm converged after  8  iterations.
[1] 7.039790e-17 1.595408e-24 5.381010e-31 5.611495e-23
Algorithm converged after  9  iterations.
[1] 7.039790e-17 1.595408e-24 5.611495e-23 3.848060e-30
Algorithm converged after  8  iterations.
[1] 7.039790e-17 1.410560e-24 1.595408e-24 5.611495e-23
Algorithm converged after  7  iterations.
[1] 7.03979e-17 8.27871e-20
Algorithm converged after  2  iterations.
[1] 7.039790e-17 8.278710e-20 9.393304e-31
Algorithm converged after  5  iterations.
[1] 7.03979e-17 8.27871e-20 5.68040e-29
Algorithm converged after  4  iterations.
[1] 7.039790e-17 8.278710e-20 6.186461e-28
Algorithm converged after  7  iterations.
[1] 7.039790e-17 8.278710e-20 9.393304e-31 2.028584e-34
Algorithm converged after  5  iterations.
[1] 7.039790e-17 8.278710e-20 5.680400e-29 1.379829e-33
[1] 7.489947e-20 7.684660e-25 2.318151e-23 3.764641e-33
[1] 8.113244e-20 6.119264e-25 2.311385e-23 3.246638e-47
[1] 7.914913e-20 5.730394e-25 2.303256e-23 7.607712e-54
[1] 8.191054e-20 6.806422e-25 2.476869e-23 4.713903e-33
[1] 7.530290e-20 8.738379e-25 2.435684e-23 3.127282e-53
[1] 7.654015e-20 6.567197e-25 2.407726e-23 1.424134e-53
[1] 7.949849e-20 7.737034e-43 2.255040e-23 2.911589e-32
[1] 7.560024e-20 8.695600e-25 2.442937e-23 6.488006e-33
[1] 8.136098e-20 6.115841e-25 2.320155e-23 7.077267e-54
[1] 7.565553e-20 8.587723e-25 2.434223e-23 8.883411e-55
[1] 7.497685e-20 7.520131e-25 2.282451e-23 3.852390e-33
Algorithm converged after  114  iterations.
[1] 7.039790e-17 8.278710e-20 6.186461e-28 5.493773e-30
Algorithm converged after  8  iterations.
[1] 7.039790e-17 8.278710e-20 9.393304e-31 5.680400e-29
Algorithm converged after  5  iterations.
[1] 7.039790e-17 8.278710e-20 9.393304e-31 6.186461e-28
Algorithm converged after  7  iterations.
[1] 7.039790e-17 8.278710e-20 5.680400e-29 6.186461e-28
Algorithm converged after  7  iterations.
numeric(0)
Algorithm converged after  1  iterations.
[1] 1.288563e-26
Algorithm converged after  2  iterations.
[1] 4.721929e-26
Algorithm converged after  2  iterations.
[1] 1.455935e-18
Algorithm converged after  2  iterations.
[1] 1.288563e-26 3.463170e-31
Algorithm converged after  2  iterations.
[1] 4.721929e-26 3.532461e-29
Algorithm converged after  2  iterations.
[1] 1.455935e-18 1.635295e-23
Algorithm converged after  2  iterations.
[1] 1.288563e-26 4.721929e-26
Algorithm converged after  2  iterations.
[1] 1.288563e-26 1.455935e-18
Algorithm converged after  2  iterations.
[1] 4.721929e-26 1.455935e-18
Algorithm converged after  2  iterations.
[1] 1.288563e-26 3.463170e-31 4.721929e-26
Algorithm converged after  2  iterations.
[1] 1.288563e-26 3.463170e-31 1.455935e-18
Algorithm converged after  2  iterations.
[1] 1.288563e-26 4.721929e-26 3.532461e-29
Algorithm converged after  2  iterations.
[1] 1.288563e-26 1.455935e-18 1.635295e-23
Algorithm converged after  2  iterations.
[1] 4.721929e-26 3.532461e-29 1.455935e-18
Algorithm converged after  2  iterations.
[1] 4.721929e-26 1.455935e-18 1.635295e-23
Algorithm converged after  2  iterations.
[1] 1.288563e-26 4.721929e-26 1.455935e-18
Algorithm converged after  2  iterations.
[1] 1.288563e-26 3.463170e-31 4.721929e-26 3.532461e-29
Algorithm converged after  2  iterations.
[1] 1.288563e-26 3.463170e-31 1.455935e-18 1.635295e-23
Algorithm converged after  2  iterations.
[1] 4.721929e-26 3.532461e-29 1.455935e-18 1.635295e-23
Algorithm converged after  2  iterations.
[1] 1.288563e-26 3.463170e-31 4.721929e-26 1.455935e-18
Algorithm converged after  2  iterations.
[1] 1.288563e-26 4.721929e-26 3.532461e-29 1.455935e-18
Algorithm converged after  2  iterations.
[1] 1.288563e-26 4.721929e-26 1.455935e-18 1.635295e-23
Algorithm converged after  2  iterations.
[1] 1.024537e-16
Algorithm converged after  2  iterations.
[1] 1.024537e-16 2.610074e-25
Algorithm converged after  6  iterations.
[1] 1.024537e-16 5.124219e-25
Algorithm converged after  6  iterations.
[1] 1.024537e-16 2.855896e-23
Algorithm converged after  7  iterations.
[1] 1.024537e-16 2.610074e-25 8.021532e-48
[1] 1.387552e-16 2.757640e-25 1.263881e-47
[1] 1.402355e-16 2.763716e-25 1.444991e-33
[1] 1.397157e-16 2.762374e-25 2.885069e-66
[1] 1.656618e-16 2.858821e-25 1.065193e-34
[1] 1.663441e-16 2.861224e-25 1.603230e-36
[1] 1.656481e-16 2.859289e-25 2.407932e-51
[1] 1.335857e-16 2.740446e-25 4.632917e-31
[1] 1.398913e-16 2.764489e-25 2.468181e-51
[1] 1.316124e-16 2.732959e-25 7.369834e-36
[1] 1.327463e-16 2.737591e-25 2.105169e-34
[1] 1.336450e-16 2.741963e-25 4.629041e-31
[1] 1.380555e-16 2.759058e-25 6.716247e-37
[1] 1.336206e-16 2.743004e-25 1.026379e-34
[1] 1.231699e-16 2.701520e-25 1.019844e-34
[1] 1.414200e-16 2.772905e-25 4.255880e-48
[1] 1.230665e-16 2.701815e-25 3.699173e-49
[1] 1.409220e-16 2.771697e-25 2.451057e-33
[1] 1.656037e-16 2.863734e-25 2.410370e-34
[1] 1.337008e-16 2.745257e-25 1.189416e-38
[1] 1.337523e-16 2.746038e-25 1.027889e-63
[1] 1.523968e-16 2.815609e-25 3.692013e-48
[1] 1.375590e-16 2.760285e-25 2.470269e-51
[1] 1.377967e-16 2.762248e-25 8.761108e-64
[1] 1.342178e-16 2.751504e-25 1.088347e-34
[1] 1.402016e-16 2.770415e-25 4.345003e-31
[1] 1.380506e-16 2.768280e-25 1.446556e-33
[1] 1.427517e-16 2.786082e-25 4.066412e-52
[1] 1.523991e-16 2.821913e-25 1.123376e-36
[1] 1.379785e-16 2.768682e-25 4.716656e-52
[1] 1.272783e-16 2.726596e-25 8.596555e-48
[1] 1.430805e-16 2.787894e-25 5.355582e-39
[1] 1.415125e-16 2.782628e-25 4.061764e-52
[1] 1.232554e-16 2.711810e-25 2.490564e-38
[1] 1.378297e-16 2.769622e-25 8.859161e-69
[1] 1.649962e-16 2.871045e-25 1.027540e-34
[1] 1.380596e-16 2.771554e-25 1.273587e-49
[1] 1.424613e-16 2.788001e-25 5.204944e-39
[1] 1.323387e-16 2.749460e-25 3.346732e-35
[1] 1.650682e-16 2.873882e-25 1.506056e-36
[1] 1.444405e-16 2.797409e-25 7.329639e-36
[1] 1.515263e-16 2.823728e-25 9.449087e-40
[1] 1.440181e-16 2.796221e-25 5.179079e-39
[1] 1.421174e-16 2.789538e-25 4.629979e-52
[1] 1.317751e-16 2.749123e-25 4.545910e-31
[1] 1.188096e-16 2.696394e-25 4.012767e-49
[1] 1.375897e-16 2.773800e-25 4.616234e-31
[1] 1.385341e-16 2.777910e-25 1.113112e-38
[1] 1.652421e-16 2.877348e-25 7.481137e-50
[1] 1.412298e-16 2.787892e-25 7.341924e-36
Algorithm did not converge after  500  iterations.
[1] 1.024537e-16 5.124219e-25 9.076973e-34
[1] 1.412716e-16 5.294857e-25 7.414629e-36
[1] 1.410835e-16 5.294342e-25 7.991442e-34
Algorithm converged after  23  iterations.
[1] 1.024537e-16 2.855896e-23 3.312287e-28
[1] 2.474026e-16 3.132611e-23 1.610652e-44
[1] 2.448945e-16 3.129390e-23 3.391291e-28
[1] 2.138278e-16 3.078524e-23 1.666875e-32
[1] 2.497536e-16 3.139126e-23 3.436679e-28
[1] 2.326801e-16 3.110567e-23 3.342837e-28
Algorithm converged after  57  iterations.
[1] 1.024537e-16 2.610074e-25 5.124219e-25
Algorithm converged after  7  iterations.
[1] 1.024537e-16 2.610074e-25 2.855896e-23
Algorithm converged after  7  iterations.
[1] 1.024537e-16 5.124219e-25 2.855896e-23
Algorithm converged after  6  iterations.
[1] 1.024537e-16 2.610074e-25 8.021532e-48 5.124219e-25
[1] 1.977961e-16 2.968230e-25 4.623018e-31 5.509693e-25
[1] 1.955475e-16 2.960833e-25 3.248569e-58 5.501910e-25
[1] 2.135242e-16 3.019348e-25 3.705521e-61 5.564263e-25
[1] 1.856934e-16 2.927696e-25 4.598728e-31 5.466920e-25
[1] 2.013101e-16 2.980343e-25 2.535238e-35 5.522836e-25
[1] 2.029246e-16 2.985889e-25 1.082067e-34 5.528644e-25
[1] 2.041995e-16 2.989955e-25 5.481869e-36 5.533093e-25
[1] 1.886138e-16 2.939596e-25 1.502884e-33 5.479691e-25
[1] 1.894025e-16 2.943377e-25 4.554235e-52 5.483464e-25
[1] 1.956149e-16 2.964599e-25 2.403166e-65 5.506064e-25
[1] 2.276405e-16 3.068893e-25 2.446762e-60 5.616372e-25
[1] 1.874218e-16 2.936373e-25 6.516875e-50 5.476467e-25
[1] 1.876869e-16 2.937562e-25 4.217845e-36 5.477949e-25
[1] 2.291227e-16 3.075230e-25 4.694542e-31 5.622985e-25
[1] 2.027000e-16 2.988054e-25 4.601851e-31 5.531657e-25
[1] 1.952154e-16 2.962999e-25 4.783867e-52 5.505245e-25
[1] 1.894168e-16 2.944973e-25 1.061598e-34 5.485701e-25
[1] 1.889424e-16 2.943719e-25 4.891880e-61 5.484356e-25
[1] 1.988511e-16 2.976535e-25 8.704194e-48 5.519433e-25
[1] 1.950681e-16 2.964354e-25 3.878323e-49 5.506468e-25
[1] 2.027674e-16 2.988755e-25 4.580174e-31 5.532817e-25
[1] 1.891779e-16 2.944756e-25 2.872542e-35 5.485736e-25
[1] 1.893195e-16 2.945423e-25 1.071698e-34 5.486509e-25
[1] 1.989464e-16 2.977713e-25 4.247686e-33 5.520957e-25
[1] 2.272227e-16 3.070849e-25 8.941845e-48 5.619011e-25
[1] 1.889480e-16 2.945238e-25 4.650129e-65 5.486231e-25
[1] 1.934047e-16 2.959643e-25 8.653538e-48 5.501830e-25
[1] 2.011241e-16 2.985225e-25 4.590775e-31 5.529206e-25
[1] 2.270298e-16 3.071709e-25 4.692213e-31 5.619827e-25
[1] 1.978429e-16 2.975455e-25 6.511951e-71 5.518678e-25
[1] 2.008394e-16 2.984862e-25 1.606039e-47 5.528931e-25
[1] 2.287817e-16 3.077542e-25 8.952027e-52 5.626158e-25
[1] 1.897934e-16 2.949242e-25 4.264143e-33 5.490822e-25
[1] 1.991221e-16 2.980892e-25 2.591142e-35 5.524479e-25
[1] 1.961239e-16 2.971539e-25 2.866381e-48 5.514529e-25
[1] 1.965096e-16 2.972726e-25 8.842328e-48 5.515931e-25
[1] 1.894538e-16 2.949339e-25 2.845445e-35 5.491041e-25
[1] 2.008270e-16 2.986596e-25 4.587426e-31 5.530954e-25
[1] 2.261707e-16 3.071562e-25 1.054034e-34 5.620083e-25
[1] 1.991119e-16 2.982309e-25 1.928900e-33 5.526256e-25
[1] 1.965167e-16 2.974294e-25 1.473434e-33 5.517691e-25
[1] 1.676552e-16 2.873991e-25 4.565272e-31 5.411313e-25
[1] 1.776547e-16 2.910136e-25 1.525752e-33 5.449775e-25
[1] 1.893040e-16 2.951196e-25 5.164588e-33 5.493144e-25
[1] 1.891409e-16 2.950817e-25 1.085553e-34 5.492761e-25
[1] 1.979581e-16 2.980315e-25 1.522764e-33 5.524226e-25
[1] 2.020600e-16 2.993783e-25 4.604370e-31 5.538756e-25
[1] 1.966849e-16 2.976883e-25 2.696930e-35 5.520981e-25
[1] 2.264119e-16 3.075213e-25 1.066153e-34 5.624490e-25
Algorithm did not converge after  500  iterations.
[1] 1.024537e-16 2.610074e-25 8.021532e-48 2.855896e-23
[1] 2.919470e-16 3.258866e-25 4.234435e-49 3.203101e-23
[1] 2.621794e-16 3.172289e-25 6.826602e-48 3.158058e-23
[1] 2.734403e-16 3.205945e-25 2.724963e-61 3.175648e-23
[1] 2.707440e-16 3.197274e-25 2.103384e-48 3.171264e-23
[1] 2.580750e-16 3.159825e-25 6.780817e-48 3.151742e-23
[1] 2.625149e-16 3.173315e-25 4.587051e-31 3.158886e-23
[1] 2.927802e-16 3.262464e-25 1.047056e-48 3.205308e-23
[1] 2.605860e-16 3.167994e-25 1.217886e-43 3.156196e-23
[1] 2.877883e-16 3.248582e-25 4.608597e-31 3.198214e-23
[1] 3.079362e-16 3.307755e-25 2.233362e-47 3.228769e-23
[1] 2.510892e-16 3.140080e-25 2.044106e-47 3.141799e-23
[1] 2.717935e-16 3.202043e-25 7.585980e-69 3.174275e-23
[1] 2.617580e-16 3.172725e-25 4.228827e-33 3.158949e-23
[1] 2.755962e-16 3.213977e-25 1.379769e-48 3.180495e-23
[1] 3.084059e-16 3.309999e-25 1.051851e-34 3.230205e-23
[1] 2.758936e-16 3.215053e-25 4.628828e-61 3.181175e-23
[1] 2.880873e-16 3.251050e-25 2.372069e-49 3.199984e-23
[1] 2.723343e-16 3.205218e-25 8.760855e-44 3.176174e-23
[1] 2.704649e-16 3.199606e-25 4.597719e-31 3.173312e-23
[1] 2.808678e-16 3.230116e-25 9.483925e-44 3.189331e-23
[1] 2.793168e-16 3.225966e-25 2.232065e-47 3.187255e-23
[1] 2.682326e-16 3.192752e-25 3.333397e-48 3.170167e-23
[1] 2.784142e-16 3.223366e-25 9.250475e-44 3.186100e-23
[1] 2.643590e-16 3.182299e-25 1.214441e-43 3.164662e-23
[1] 2.748487e-16 3.213448e-25 1.198229e-43 3.181056e-23
[1] 2.595705e-16 3.167971e-25 5.987764e-68 3.157398e-23
[1] 2.519740e-16 3.145198e-25 2.046806e-47 3.145594e-23
[1] 2.706427e-16 3.201448e-25 1.450417e-48 3.175408e-23
[1] 2.550283e-16 3.154944e-25 7.335785e-52 3.151129e-23
[1] 3.110566e-16 3.320673e-25 3.557015e-33 3.237139e-23
[1] 2.718649e-16 3.205436e-25 5.059524e-49 3.177676e-23
[1] 2.653913e-16 3.185280e-25 1.206291e-63 3.167328e-23
[1] 2.899637e-16 3.258732e-25 1.541132e-35 3.205537e-23
[1] 2.720020e-16 3.206839e-25 4.352729e-49 3.178511e-23
[1] 2.600184e-16 3.170643e-25 3.741885e-67 3.159710e-23
[1] 2.775976e-16 3.222840e-25 3.764709e-67 3.187309e-23
[1] 2.596564e-16 3.169403e-25 3.927809e-52 3.159460e-23
[1] 3.081042e-16 3.313166e-25 4.642799e-31 3.234053e-23
[1] 2.745712e-16 3.215557e-25 2.303605e-59 3.183486e-23
[1] 3.079899e-16 3.313558e-25 1.534243e-35 3.234258e-23
[1] 2.809031e-16 3.233410e-25 9.471234e-44 3.192986e-23
[1] 2.714513e-16 3.205808e-25 2.207568e-47 3.178630e-23
[1] 2.531294e-16 3.151260e-25 7.076750e-48 3.150125e-23
[1] 2.647305e-16 3.186875e-25 8.120831e-44 3.168743e-23
[1] 2.765823e-16 3.221788e-25 9.060771e-44 3.187087e-23
[1] 2.898329e-16 3.260409e-25 1.995499e-48 3.207225e-23
[1] 2.653685e-16 3.188863e-25 1.723744e-47 3.170010e-23
[1] 2.786148e-16 3.227480e-25 8.065651e-49 3.190320e-23
[1] 2.932391e-16 3.270551e-25 4.604505e-31 3.212757e-23
Algorithm did not converge after  500  iterations.
[1] 1.024537e-16 2.610074e-25 5.124219e-25 9.076973e-34
Algorithm converged after  7  iterations.
[1] 1.024537e-16 2.610074e-25 2.855896e-23 3.312287e-28
[1] 2.763021e-16 3.213221e-25 3.180629e-23 1.058578e-44
[1] 2.855594e-16 3.240821e-25 3.194968e-23 8.227558e-33
[1] 3.218839e-16 3.343429e-25 3.248213e-23 3.547684e-28
[1] 3.187125e-16 3.337562e-25 3.245436e-23 3.626545e-28
Algorithm converged after  44  iterations.
[1] 1.024537e-16 5.124219e-25 9.076973e-34 2.855896e-23
[1] 2.829034e-16 5.785806e-25 3.207867e-49 3.189860e-23
[1] 2.761977e-16 5.765609e-25 1.452192e-34 3.179926e-23
[1] 2.908900e-16 5.809779e-25 9.172549e-34 3.202254e-23
[1] 2.824574e-16 5.784603e-25 1.458168e-34 3.189772e-23
[1] 2.933516e-16 5.817646e-25 7.502230e-33 3.206474e-23
[1] 2.486500e-16 5.680812e-25 3.663165e-48 3.138005e-23
[1] 2.744404e-16 5.762134e-25 1.433607e-34 3.178930e-23
[1] 2.488099e-16 5.681859e-25 1.981422e-54 3.138834e-23
[1] 2.484956e-16 5.681261e-25 6.686383e-37 3.138637e-23
[1] 2.744127e-16 5.763042e-25 1.428182e-34 3.179880e-23
[1] 2.886559e-16 5.805695e-25 9.179824e-34 3.201543e-23
[1] 2.479835e-16 5.680577e-25 2.054773e-48 3.138854e-23
[1] 2.482192e-16 5.681198e-25 7.589676e-46 3.139419e-23
[1] 2.947474e-16 5.826929e-25 7.423399e-33 3.212549e-23
[1] 2.750512e-16 5.766764e-25 1.435590e-34 3.182640e-23
[1] 2.746669e-16 5.765733e-25 1.440557e-34 3.182278e-23
[1] 2.810114e-16 5.785704e-25 7.937922e-34 3.192340e-23
[1] 2.488566e-16 5.685372e-25 1.450541e-34 3.142137e-23
[1] 2.771777e-16 5.774663e-25 1.535530e-34 3.187072e-23
Algorithm converged after  192  iterations.
[1] 1.024537e-16 5.124219e-25 2.855896e-23 3.312287e-28
[1] 3.284240e-16 5.920411e-25 3.257635e-23 3.519222e-28
[1] 3.291945e-16 5.924029e-25 3.260545e-23 3.524737e-28
[1] 3.257409e-16 5.914349e-25 3.255866e-23 3.519829e-28
Algorithm converged after  36  iterations.
[1] 1.024537e-16 2.610074e-25 5.124219e-25 2.855896e-23
Algorithm converged after  7  iterations.
[1] 1.024537e-16 3.821201e-20
Algorithm converged after  2  iterations.
[1] 1.024537e-16 3.821201e-20 5.225568e-31
Algorithm converged after  5  iterations.
[1] 1.024537e-16 3.821201e-20 2.197838e-29
Algorithm converged after  4  iterations.
[1] 1.024537e-16 3.821201e-20 3.991298e-28
Algorithm converged after  6  iterations.
[1] 1.024537e-16 3.821201e-20 5.225568e-31 1.801809e-34
[1] 1.287547e-16 3.808238e-20 5.303736e-31 2.085405e-34
Algorithm converged after  12  iterations.
[1] 1.024537e-16 3.821201e-20 2.197838e-29 1.163819e-34
Algorithm converged after  6  iterations.
[1] 1.024537e-16 3.821201e-20 3.991298e-28 9.167008e-30
Algorithm converged after  7  iterations.
[1] 1.024537e-16 3.821201e-20 5.225568e-31 2.197838e-29
Algorithm converged after  5  iterations.
[1] 1.024537e-16 3.821201e-20 5.225568e-31 3.991298e-28
Algorithm converged after  6  iterations.
[1] 1.024537e-16 3.821201e-20 2.197838e-29 3.991298e-28
Algorithm converged after  6  iterations.
numeric(0)
Algorithm converged after  1  iterations.
[1] 1.433863e-23
Algorithm converged after  2  iterations.
[1] 1.543324e-23
Algorithm converged after  2  iterations.
[1] 1.735077e-18
Algorithm converged after  2  iterations.
[1] 1.433863e-23 5.803535e-26
Algorithm converged after  2  iterations.
[1] 1.543324e-23 2.909625e-25
Algorithm converged after  2  iterations.
[1] 1.735077e-18 8.085836e-24
Algorithm converged after  2  iterations.
[1] 1.433863e-23 1.543324e-23
Algorithm converged after  2  iterations.
[1] 1.433863e-23 1.735077e-18
Algorithm converged after  2  iterations.
[1] 1.543324e-23 1.735077e-18
Algorithm converged after  2  iterations.
[1] 1.433863e-23 5.803535e-26 1.543324e-23
Algorithm converged after  2  iterations.
[1] 1.433863e-23 5.803535e-26 1.735077e-18
Algorithm converged after  2  iterations.
[1] 1.433863e-23 1.543324e-23 2.909625e-25
Algorithm converged after  2  iterations.
[1] 1.433863e-23 1.735077e-18 8.085836e-24
Algorithm converged after  2  iterations.
[1] 1.543324e-23 2.909625e-25 1.735077e-18
Algorithm converged after  2  iterations.
[1] 1.543324e-23 1.735077e-18 8.085836e-24
Algorithm converged after  2  iterations.
[1] 1.433863e-23 1.543324e-23 1.735077e-18
Algorithm converged after  2  iterations.
[1] 1.433863e-23 5.803535e-26 1.543324e-23 2.909625e-25
Algorithm converged after  2  iterations.
[1] 1.433863e-23 5.803535e-26 1.735077e-18 8.085836e-24
Algorithm converged after  2  iterations.
[1] 1.543324e-23 2.909625e-25 1.735077e-18 8.085836e-24
Algorithm converged after  2  iterations.
[1] 1.433863e-23 5.803535e-26 1.543324e-23 1.735077e-18
Algorithm converged after  2  iterations.
[1] 1.433863e-23 1.543324e-23 2.909625e-25 1.735077e-18
Algorithm converged after  2  iterations.
[1] 1.433863e-23 1.543324e-23 1.735077e-18 8.085836e-24
Algorithm converged after  2  iterations.
[1] 1.78099e-16
Algorithm converged after  2  iterations.
[1] 1.780990e-16 8.003189e-25
Algorithm converged after  6  iterations.
[1] 1.780990e-16 1.489154e-24
Algorithm converged after  6  iterations.
[1] 1.780990e-16 1.470516e-23
Algorithm converged after  6  iterations.
[1] 1.780990e-16 8.003189e-25 2.978253e-34
Algorithm converged after  6  iterations.
[1] 1.780990e-16 1.489154e-24 1.234960e-33
[1] 2.358169e-16 1.528901e-24 1.361267e-37
[1] 2.348296e-16 1.528338e-24 1.216251e-33
[1] 2.522046e-16 1.539488e-24 1.763301e-35
[1] 2.494078e-16 1.538013e-24 1.838080e-35
[1] 2.490498e-16 1.537756e-24 1.421240e-35
[1] 2.410507e-16 1.532561e-24 5.866198e-33
[1] 2.522009e-16 1.539675e-24 7.721666e-48
[1] 2.358884e-16 1.529386e-24 6.511199e-36
[1] 2.499037e-16 1.538531e-24 1.848767e-35
[1] 2.354593e-16 1.529175e-24 1.205084e-37
[1] 2.404372e-16 1.532456e-24 4.573189e-47
[1] 2.619373e-16 1.545970e-24 1.905402e-35
[1] 2.315603e-16 1.526938e-24 1.472943e-33
[1] 2.467878e-16 1.536554e-24 1.417255e-35
[1] 2.491324e-16 1.538313e-24 1.519456e-35
[1] 2.393112e-16 1.532006e-24 1.211266e-33
[1] 2.526135e-16 1.540460e-24 1.472844e-33
[1] 2.326936e-16 1.528019e-24 2.598547e-29
[1] 2.358766e-16 1.529981e-24 4.653518e-61
[1] 2.493903e-16 1.538884e-24 1.838609e-35
[1] 2.489592e-16 1.538566e-24 1.404642e-35
[1] 2.391628e-16 1.532238e-24 8.290808e-31
[1] 2.489815e-16 1.538705e-24 1.560960e-35
[1] 2.227634e-16 1.521807e-24 1.363603e-33
Algorithm converged after  246  iterations.
[1] 1.780990e-16 1.470516e-23 1.856558e-33
[1] 3.989801e-16 1.618904e-23 2.679697e-32
[1] 3.475515e-16 1.589244e-23 2.428390e-32
[1] 3.248072e-16 1.575436e-23 2.325576e-49
[1] 3.494824e-16 1.590739e-23 3.483835e-42
[1] 3.809712e-16 1.609911e-23 3.372194e-53
[1] 3.330375e-16 1.580969e-23 3.503945e-28
[1] 4.026387e-16 1.623009e-23 3.637001e-28
[1] 4.046703e-16 1.624188e-23 2.662417e-42
[1] 3.482830e-16 1.590993e-23 7.659123e-59
[1] 3.503272e-16 1.592450e-23 3.447498e-44
[1] 3.208248e-16 1.573806e-23 3.406196e-28
[1] 3.792912e-16 1.610608e-23 1.139774e-57
[1] 4.068585e-16 1.627004e-23 3.656707e-28
[1] 3.461373e-16 1.590875e-23 3.541084e-28
[1] 3.836489e-16 1.614285e-23 2.578687e-32
[1] 3.460176e-16 1.591816e-23 2.411339e-32
[1] 3.469583e-16 1.592739e-23 3.525890e-28
[1] 4.011648e-16 1.625346e-23 3.561017e-46
[1] 4.027004e-16 1.626664e-23 2.265959e-43
[1] 3.749432e-16 1.610486e-23 3.174058e-33
[1] 3.495816e-16 1.595761e-23 2.445129e-32
[1] 3.327698e-16 1.585691e-23 3.787749e-44
[1] 3.408487e-16 1.590666e-23 2.386012e-32
[1] 4.023801e-16 1.627974e-23 3.309613e-42
[1] 3.369211e-16 1.588745e-23 2.369208e-32
[1] 3.792694e-16 1.614830e-23 3.845288e-44
[1] 3.806157e-16 1.615806e-23 2.557363e-32
[1] 2.826819e-16 1.554479e-23 2.157991e-34
[1] 3.302090e-16 1.585002e-23 2.332258e-32
[1] 4.025910e-16 1.629505e-23 1.099003e-52
[1] 4.068943e-16 1.632255e-23 4.136705e-33
[1] 3.378880e-16 1.590751e-23 3.797891e-44
[1] 3.487923e-16 1.597950e-23 2.432886e-32
[1] 4.056053e-16 1.631947e-23 2.930629e-44
[1] 4.046741e-16 1.631611e-23 2.930356e-44
[1] 3.476497e-16 1.597578e-23 2.618305e-42
[1] 4.025748e-16 1.631178e-23 3.710962e-28
[1] 3.727558e-16 1.613068e-23 3.561139e-28
[1] 3.405867e-16 1.593551e-23 3.516527e-42
[1] 3.844985e-16 1.620554e-23 3.319203e-33
[1] 3.481498e-16 1.598919e-23 1.236091e-52
[1] 3.828805e-16 1.620050e-23 3.588595e-28
[1] 3.577934e-16 1.604865e-23 3.512998e-28
[1] 4.029497e-16 1.632004e-23 3.303972e-42
[1] 3.471947e-16 1.599131e-23 4.178337e-33
[1] 4.016618e-16 1.632105e-23 3.626317e-28
[1] 3.481268e-16 1.600163e-23 3.534946e-28
[1] 3.729269e-16 1.615535e-23 3.560731e-28
[1] 4.072993e-16 1.636225e-23 4.048612e-44
Algorithm did not converge after  500  iterations.
[1] 1.780990e-16 8.003189e-25 1.489154e-24
Algorithm converged after  7  iterations.
[1] 1.780990e-16 8.003189e-25 1.470516e-23
Algorithm converged after  7  iterations.
[1] 1.780990e-16 1.489154e-24 1.470516e-23
Algorithm converged after  7  iterations.
[1] 1.780990e-16 8.003189e-25 2.978253e-34 1.489154e-24
Algorithm converged after  7  iterations.
[1] 1.780990e-16 8.003189e-25 2.978253e-34 1.470516e-23
Algorithm converged after  7  iterations.
[1] 1.780990e-16 8.003189e-25 1.489154e-24 1.234960e-33
[1] 3.406525e-16 8.870131e-25 1.591901e-24 1.451337e-33
Algorithm converged after  19  iterations.
[1] 1.780990e-16 8.003189e-25 1.470516e-23 1.856558e-33
[1] 4.674934e-16 9.433539e-25 1.658193e-23 1.087123e-35
[1] 5.204704e-16 9.649320e-25 1.686082e-23 4.096746e-44
[1] 4.670644e-16 9.432622e-25 1.658077e-23 3.662627e-28
[1] 5.138196e-16 9.624778e-25 1.682997e-23 3.016912e-42
[1] 5.056947e-16 9.592190e-25 1.678809e-23 3.711901e-28
[1] 4.970761e-16 9.556578e-25 1.674220e-23 5.741537e-55
[1] 5.100195e-16 9.610088e-25 1.681166e-23 3.714376e-28
[1] 5.337493e-16 9.706295e-25 1.693613e-23 3.755715e-28
Algorithm converged after  82  iterations.
[1] 1.780990e-16 1.489154e-24 1.234960e-33 1.470516e-23
[1] 4.562044e-16 1.652262e-24 2.875934e-39 1.652100e-23
[1] 4.604258e-16 1.654179e-24 1.217749e-33 1.654338e-23
[1] 4.600005e-16 1.654023e-24 1.484191e-33 1.654227e-23
[1] 4.644363e-16 1.656207e-24 1.215963e-33 1.656672e-23
[1] 4.251490e-16 1.636973e-24 1.234407e-33 1.635402e-23
Algorithm converged after  57  iterations.
[1] 1.780990e-16 1.489154e-24 1.470516e-23 1.856558e-33
[1] 5.279074e-16 1.686247e-24 1.689805e-23 3.124985e-44
[1] 4.946295e-16 1.670741e-24 1.672729e-23 3.197501e-42
[1] 4.512475e-16 1.649751e-24 1.649366e-23 1.153409e-52
[1] 5.280164e-16 1.686599e-24 1.690476e-23 4.600871e-59
[1] 5.907167e-16 1.714541e-24 1.721770e-23 3.157148e-32
[1] 5.226994e-16 1.684210e-24 1.688206e-23 6.459153e-40
[1] 4.590160e-16 1.654116e-24 1.654737e-23 3.083253e-42
[1] 4.078558e-16 1.628365e-24 1.626042e-23 2.127642e-33
[1] 4.619518e-16 1.655675e-24 1.656558e-23 4.191308e-44
