myseed=7447 

Attaching package: ‘pls’

The following object is masked from ‘package:stats’:

    loadings

Loading required package: lattice
Loading required package: ggplot2
Registered S3 methods overwritten by 'ggplot2':
  method         from 
  [.quosures     rlang
  c.quosures     rlang
  print.quosures rlang

Attaching package: ‘caret’

The following object is masked from ‘package:pls’:

    R2

Loading required package: Matrix
Loading required package: foreach
Loaded glmnet 2.0-18

Parsed with column specification:
cols(
  .default = col_double()
)
See spec(...) for full column specifications.
Parsed with column specification:
cols(
  X1 = col_double()
)
Parsed with column specification:
cols(
  X1 = col_double()
)
numeric(0)
Algorithm converged after  1  iterations.
[1] 5.812186e-23
Algorithm converged after  2  iterations.
[1] 1.057862e-25
Algorithm converged after  2  iterations.
[1] 1.015666e-17
Algorithm converged after  2  iterations.
[1] 5.812186e-23 8.840735e-26
Algorithm converged after  2  iterations.
[1] 1.057862e-25 5.100208e-40
Algorithm converged after  2  iterations.
[1] 1.015666e-17 1.562707e-23
Algorithm converged after  2  iterations.
[1] 5.812186e-23 1.057862e-25
Algorithm converged after  2  iterations.
[1] 5.812186e-23 1.015666e-17
Algorithm converged after  2  iterations.
[1] 1.057862e-25 1.015666e-17
Algorithm converged after  2  iterations.
[1] 5.812186e-23 8.840735e-26 1.057862e-25
Algorithm converged after  2  iterations.
[1] 5.812186e-23 8.840735e-26 1.015666e-17
Algorithm converged after  2  iterations.
[1] 5.812186e-23 1.057862e-25 5.100208e-40
Algorithm converged after  2  iterations.
[1] 5.812186e-23 1.015666e-17 1.562707e-23
Algorithm converged after  2  iterations.
[1] 1.057862e-25 5.100208e-40 1.015666e-17
Algorithm converged after  2  iterations.
[1] 1.057862e-25 1.015666e-17 1.562707e-23
Algorithm converged after  2  iterations.
[1] 5.812186e-23 1.057862e-25 1.015666e-17
Algorithm converged after  2  iterations.
[1] 5.812186e-23 8.840735e-26 1.057862e-25 5.100208e-40
Algorithm converged after  2  iterations.
[1] 5.812186e-23 8.840735e-26 1.015666e-17 1.562707e-23
Algorithm converged after  2  iterations.
[1] 1.057862e-25 5.100208e-40 1.015666e-17 1.562707e-23
Algorithm converged after  2  iterations.
[1] 5.812186e-23 8.840735e-26 1.057862e-25 1.015666e-17
Algorithm converged after  2  iterations.
[1] 5.812186e-23 1.057862e-25 5.100208e-40 1.015666e-17
Algorithm converged after  2  iterations.
[1] 5.812186e-23 1.057862e-25 1.015666e-17 1.562707e-23
Algorithm converged after  2  iterations.
[1] 3.175773e-16
Algorithm converged after  2  iterations.
[1] 3.175773e-16 3.045009e-24
Algorithm converged after  6  iterations.
[1] 3.175773e-16 4.380931e-24
Algorithm converged after  6  iterations.
[1] 3.175773e-16 2.436009e-23
Algorithm converged after  6  iterations.
[1] 3.175773e-16 3.045009e-24 3.774829e-31
[1] 5.101435e-16 3.216794e-24 3.969563e-31
[1] 6.033394e-16 3.289514e-24 1.889018e-32
[1] 5.108954e-16 3.217770e-24 3.960324e-31
[1] 5.104979e-16 3.217782e-24 5.839330e-47
[1] 6.040941e-16 3.291349e-24 2.596659e-32
[1] 5.059014e-16 3.214751e-24 3.920476e-31
[1] 6.027122e-16 3.290585e-24 1.878129e-32
[1] 5.146827e-16 3.222634e-24 4.669058e-58
[1] 5.204530e-16 3.227464e-24 6.551165e-62
[1] 5.281346e-16 3.233517e-24 3.941525e-31
[1] 5.999505e-16 3.289359e-24 2.703840e-32
[1] 5.149613e-16 3.224044e-24 3.971246e-31
[1] 4.782838e-16 3.194201e-24 3.924287e-31
[1] 6.041485e-16 3.293813e-24 2.564080e-32
[1] 5.084060e-16 3.219352e-24 3.970774e-31
[1] 6.041142e-16 3.294176e-24 2.582411e-32
[1] 6.041395e-16 3.294371e-24 2.606447e-32
[1] 5.093665e-16 3.220932e-24 3.970236e-31
[1] 5.100944e-16 3.221800e-24 3.972790e-31
[1] 5.173300e-16 3.227797e-24 3.967569e-31
[1] 6.040888e-16 3.295469e-24 1.961974e-32
[1] 6.039671e-16 3.295746e-24 2.359009e-32
[1] 5.229203e-16 3.233067e-24 2.484190e-32
[1] 6.040581e-16 3.296474e-24 1.888575e-32
[1] 5.483527e-16 3.253508e-24 2.350579e-32
[1] 6.040598e-16 3.296896e-24 2.645214e-32
[1] 6.010515e-16 3.294589e-24 2.405909e-32
[1] 5.515214e-16 3.256719e-24 2.641701e-32
[1] 5.212219e-16 3.233146e-24 1.864063e-32
[1] 5.139007e-16 3.227546e-24 2.230573e-36
[1] 5.091819e-16 3.223987e-24 3.972855e-31
[1] 6.025855e-16 3.297006e-24 2.423468e-32
[1] 4.778402e-16 3.198544e-24 3.923884e-31
[1] 6.033190e-16 3.298421e-24 1.860894e-32
[1] 5.119143e-16 3.227360e-24 3.968478e-31
[1] 5.160950e-16 3.230926e-24 3.968862e-31
[1] 5.054063e-16 3.222360e-24 3.934413e-31
[1] 6.030697e-16 3.299135e-24 1.871981e-32
[1] 5.234560e-16 3.237531e-24 2.390400e-32
[1] 6.039578e-16 3.300288e-24 2.214438e-32
[1] 5.252204e-16 3.239236e-24 3.964720e-31
[1] 5.343365e-16 3.246689e-24 2.007772e-32
[1] 5.112641e-16 3.228609e-24 3.972067e-31
[1] 5.118937e-16 3.229359e-24 2.328738e-49
[1] 6.039769e-16 3.301538e-24 1.871477e-32
[1] 6.036275e-16 3.301327e-24 2.041381e-32
[1] 5.366811e-16 3.250030e-24 1.848214e-32
[1] 5.096080e-16 3.229083e-24 2.674909e-49
[1] 5.083940e-16 3.228349e-24 3.968611e-31
Algorithm did not converge after  500  iterations.
[1] 3.175773e-16 4.380931e-24 1.349452e-31
Algorithm converged after  6  iterations.
[1] 3.175773e-16 2.436009e-23 3.575361e-30
Algorithm converged after  7  iterations.
[1] 3.175773e-16 3.045009e-24 4.380931e-24
Algorithm converged after  7  iterations.
[1] 3.175773e-16 3.045009e-24 2.436009e-23
Algorithm converged after  7  iterations.
[1] 3.175773e-16 4.380931e-24 2.436009e-23
Algorithm converged after  7  iterations.
[1] 3.175773e-16 3.045009e-24 3.774829e-31 4.380931e-24
[1] 6.809195e-16 3.345935e-24 2.569438e-32 4.947763e-24
[1] 6.712791e-16 3.339154e-24 2.597972e-32 4.934830e-24
[1] 6.766360e-16 3.343010e-24 1.952768e-32 4.942112e-24
[1] 6.676611e-16 3.336653e-24 2.219911e-32 4.930008e-24
[1] 6.704096e-16 3.338629e-24 2.690151e-32 4.933741e-24
[1] 6.798007e-16 3.345335e-24 1.962998e-32 4.946451e-24
[1] 6.798870e-16 3.345412e-24 2.284881e-32 4.946581e-24
[1] 6.565677e-16 3.328805e-24 1.929293e-32 4.915005e-24
[1] 6.573999e-16 3.329414e-24 2.017471e-32 4.916148e-24
[1] 6.563764e-16 3.328694e-24 1.865436e-32 4.914762e-24
[1] 6.811508e-16 3.346376e-24 2.214091e-32 4.948327e-24
[1] 6.797879e-16 3.345452e-24 1.895306e-32 4.946549e-24
[1] 6.665766e-16 3.336092e-24 1.918067e-32 4.928735e-24
[1] 7.008287e-16 3.360252e-24 2.407611e-32 4.974652e-24
[1] 6.794263e-16 3.345254e-24 2.634101e-32 4.946113e-24
[1] 6.613703e-16 3.332459e-24 2.227037e-32 4.921755e-24
[1] 6.612465e-16 3.332391e-24 2.523419e-32 4.921593e-24
[1] 6.577667e-16 3.329928e-24 2.066767e-32 4.916886e-24
[1] 6.601549e-16 3.331653e-24 2.062011e-32 4.920157e-24
[1] 6.679563e-16 3.337244e-24 2.646246e-32 4.930773e-24
[1] 6.985295e-16 3.358821e-24 1.896405e-32 4.971771e-24
[1] 6.562312e-16 3.328913e-24 2.231376e-32 4.914880e-24
[1] 6.633786e-16 3.334065e-24 1.905081e-32 4.924648e-24
[1] 6.624207e-16 3.333382e-24 2.271251e-32 4.923344e-24
[1] 6.820482e-16 3.347359e-24 1.864238e-32 4.949868e-24
[1] 6.559174e-16 3.328792e-24 2.229757e-32 4.914557e-24
[1] 6.977032e-16 3.358423e-24 1.957509e-32 4.970854e-24
[1] 6.728720e-16 3.340963e-24 2.491369e-32 4.937628e-24
[1] 6.682701e-16 3.337713e-24 2.367592e-32 4.931436e-24
[1] 6.641240e-16 3.334786e-24 1.865150e-32 4.925834e-24
[1] 7.039024e-16 3.362826e-24 1.924500e-32 4.979133e-24
[1] 6.619256e-16 3.333260e-24 1.943983e-32 4.922900e-24
[1] 6.690476e-16 3.338358e-24 1.971375e-32 4.932571e-24
[1] 6.601495e-16 3.332040e-24 2.330414e-32 4.920537e-24
[1] 6.592721e-16 3.331440e-24 2.201005e-32 4.919362e-24
[1] 6.769080e-16 3.344057e-24 2.143791e-32 4.943308e-24
[1] 6.957061e-16 3.357314e-24 1.888020e-32 4.968484e-24
[1] 6.809388e-16 3.346968e-24 1.865377e-32 4.948764e-24
[1] 6.566126e-16 3.329697e-24 2.683846e-32 4.915906e-24
[1] 6.595571e-16 3.331856e-24 1.950885e-32 4.919961e-24
[1] 6.715768e-16 3.340462e-24 2.039004e-32 4.936300e-24
[1] 6.730713e-16 3.341536e-24 1.904721e-32 4.938310e-24
[1] 6.672739e-16 3.337466e-24 1.906064e-32 4.930545e-24
[1] 6.567712e-16 3.329955e-24 2.098291e-32 4.916258e-24
[1] 6.616012e-16 3.333449e-24 1.977150e-32 4.922867e-24
[1] 7.012083e-16 3.361434e-24 2.080221e-32 4.976050e-24
[1] 6.594129e-16 3.331944e-24 2.681599e-32 4.919954e-24
[1] 6.596369e-16 3.332157e-24 1.922022e-32 4.920314e-24
[1] 6.662496e-16 3.336923e-24 2.087276e-32 4.929337e-24
Algorithm did not converge after  500  iterations.
[1] 3.175773e-16 3.045009e-24 3.774829e-31 2.436009e-23
[1] 8.742794e-16 3.477064e-24 2.200427e-32 2.734786e-23
[1] 9.105807e-16 3.500000e-24 2.647956e-32 2.750606e-23
[1] 8.745456e-16 3.477224e-24 1.940615e-32 2.734907e-23
[1] 8.736506e-16 3.476670e-24 2.374898e-32 2.734528e-23
[1] 8.848152e-16 3.483780e-24 2.148439e-32 2.739434e-23
[1] 8.753210e-16 3.477730e-24 2.466679e-32 2.735268e-23
[1] 8.789795e-16 3.480079e-24 1.928786e-32 2.736897e-23
[1] 8.874216e-16 3.485438e-24 1.934037e-32 2.740597e-23
[1] 9.118605e-16 3.500821e-24 2.117698e-32 2.751209e-23
[1] 8.721605e-16 3.475745e-24 2.225295e-32 2.733925e-23
[1] 8.707304e-16 3.474839e-24 2.419864e-32 2.733304e-23
[1] 8.946838e-16 3.490065e-24 1.945750e-32 2.743804e-23
[1] 9.079868e-16 3.498429e-24 2.186454e-32 2.749575e-23
[1] 8.719761e-16 3.475664e-24 1.959792e-32 2.733883e-23
[1] 9.034555e-16 3.495599e-24 2.634723e-32 2.747629e-23
[1] 8.724345e-16 3.475977e-24 1.938531e-32 2.734106e-23
[1] 8.981335e-16 3.492270e-24 2.147467e-32 2.745343e-23
[1] 8.791193e-16 3.480258e-24 1.940941e-32 2.737064e-23
[1] 8.950495e-16 3.490345e-24 2.477816e-32 2.744019e-23
[1] 8.938080e-16 3.489573e-24 1.954089e-32 2.743487e-23
[1] 8.699567e-16 3.474431e-24 1.993335e-32 2.733050e-23
[1] 8.839152e-16 3.483334e-24 2.617546e-32 2.739190e-23
[1] 8.855862e-16 3.484410e-24 1.940756e-32 2.739935e-23
[1] 8.957120e-16 3.490811e-24 2.271429e-32 2.744348e-23
[1] 8.728033e-16 3.476282e-24 2.003949e-32 2.734336e-23
[1] 8.832647e-16 3.482967e-24 1.933755e-32 2.738946e-23
[1] 8.786700e-16 3.480048e-24 2.729657e-32 2.736935e-23
[1] 8.963885e-16 3.491291e-24 2.077771e-32 2.744689e-23
[1] 8.744973e-16 3.477425e-24 1.952369e-32 2.735131e-23
[1] 9.021164e-16 3.494906e-24 2.777126e-32 2.747183e-23
[1] 8.727224e-16 3.476308e-24 2.039909e-32 2.734364e-23
[1] 8.696294e-16 3.474342e-24 1.965454e-32 2.733009e-23
[1] 8.856112e-16 3.484527e-24 1.987325e-32 2.740031e-23
[1] 9.043126e-16 3.496333e-24 2.536197e-32 2.748173e-23
[1] 8.706749e-16 3.475047e-24 2.290420e-32 2.733499e-23
[1] 8.713762e-16 3.475503e-24 2.292678e-32 2.733815e-23
[1] 8.732922e-16 3.476739e-24 1.929399e-32 2.734667e-23
[1] 8.778323e-16 3.479648e-24 2.030928e-32 2.736675e-23
[1] 9.075642e-16 3.498422e-24 2.017214e-32 2.749621e-23
[1] 8.704813e-16 3.474996e-24 2.591102e-32 2.733473e-23
[1] 8.756685e-16 3.478333e-24 2.783634e-32 2.735776e-23
[1] 8.760931e-16 3.478616e-24 1.935955e-32 2.735977e-23
[1] 8.902318e-16 3.487609e-24 2.253101e-32 2.742179e-23
[1] 8.905605e-16 3.487852e-24 2.250772e-32 2.742347e-23
[1] 8.728452e-16 3.476601e-24 1.980560e-32 2.734591e-23
[1] 8.745575e-16 3.477708e-24 1.976106e-32 2.735358e-23
[1] 8.702656e-16 3.475010e-24 2.801915e-32 2.733500e-23
[1] 8.709443e-16 3.475465e-24 2.081825e-32 2.733817e-23
[1] 9.162975e-16 3.504094e-24 2.462788e-32 2.753555e-23
Algorithm did not converge after  500  iterations.
[1] 3.175773e-16 3.045009e-24 4.380931e-24 1.349452e-31
Algorithm converged after  7  iterations.
[1] 3.175773e-16 3.045009e-24 2.436009e-23 3.575361e-30
Algorithm converged after  8  iterations.
[1] 3.175773e-16 4.380931e-24 1.349452e-31 2.436009e-23
Algorithm converged after  7  iterations.
[1] 3.175773e-16 4.380931e-24 2.436009e-23 3.575361e-30
Algorithm converged after  7  iterations.
[1] 3.175773e-16 3.045009e-24 4.380931e-24 2.436009e-23
Algorithm converged after  8  iterations.
[1] 3.175773e-16 1.321223e-19
Algorithm converged after  2  iterations.
[1] 3.175773e-16 1.321223e-19 6.136990e-31
Algorithm converged after  6  iterations.
[1] 3.175773e-16 1.321223e-19 5.666826e-29
Algorithm converged after  4  iterations.
[1] 3.175773e-16 1.321223e-19 1.655503e-28
Algorithm converged after  6  iterations.
[1] 3.175773e-16 1.321223e-19 6.136990e-31 2.963352e-32
Algorithm converged after  6  iterations.
[1] 3.175773e-16 1.321223e-19 5.666826e-29 6.881753e-34
[1] 2.750826e-16 1.260898e-19 5.760227e-29 3.285490e-33
Algorithm converged after  15  iterations.
[1] 3.175773e-16 1.321223e-19 1.655503e-28 6.835599e-30
Algorithm converged after  7  iterations.
[1] 3.175773e-16 1.321223e-19 6.136990e-31 5.666826e-29
Algorithm converged after  6  iterations.
[1] 3.175773e-16 1.321223e-19 6.136990e-31 1.655503e-28
Algorithm converged after  6  iterations.
[1] 3.175773e-16 1.321223e-19 5.666826e-29 1.655503e-28
Algorithm converged after  6  iterations.
numeric(0)
Algorithm converged after  1  iterations.
[1] 6.119551e-23
Algorithm converged after  2  iterations.
[1] 1.760147e-23
Algorithm converged after  2  iterations.
[1] 2.025005e-18
Algorithm converged after  2  iterations.
[1] 6.119551e-23 5.665141e-26
Algorithm converged after  2  iterations.
[1] 1.760147e-23 7.028920e-26
Algorithm converged after  2  iterations.
[1] 2.025005e-18 2.579060e-23
Algorithm converged after  2  iterations.
[1] 6.119551e-23 1.760147e-23
Algorithm converged after  2  iterations.
[1] 6.119551e-23 2.025005e-18
Algorithm converged after  2  iterations.
[1] 1.760147e-23 2.025005e-18
Algorithm converged after  2  iterations.
[1] 6.119551e-23 5.665141e-26 1.760147e-23
Algorithm converged after  2  iterations.
[1] 6.119551e-23 5.665141e-26 2.025005e-18
Algorithm converged after  2  iterations.
[1] 6.119551e-23 1.760147e-23 7.028920e-26
Algorithm converged after  2  iterations.
[1] 6.119551e-23 2.025005e-18 2.579060e-23
Algorithm converged after  2  iterations.
[1] 1.760147e-23 7.028920e-26 2.025005e-18
Algorithm converged after  2  iterations.
[1] 1.760147e-23 2.025005e-18 2.579060e-23
Algorithm converged after  2  iterations.
[1] 6.119551e-23 1.760147e-23 2.025005e-18
Algorithm converged after  2  iterations.
[1] 6.119551e-23 5.665141e-26 1.760147e-23 7.028920e-26
Algorithm converged after  2  iterations.
[1] 6.119551e-23 5.665141e-26 2.025005e-18 2.579060e-23
Algorithm converged after  2  iterations.
[1] 1.760147e-23 7.028920e-26 2.025005e-18 2.579060e-23
Algorithm converged after  2  iterations.
[1] 6.119551e-23 5.665141e-26 1.760147e-23 2.025005e-18
Algorithm converged after  2  iterations.
[1] 6.119551e-23 1.760147e-23 7.028920e-26 2.025005e-18
Algorithm converged after  2  iterations.
[1] 6.119551e-23 1.760147e-23 2.025005e-18 2.579060e-23
Algorithm converged after  2  iterations.
[1] 7.521493e-17
Algorithm converged after  2  iterations.
[1] 7.521493e-17 3.244620e-24
Algorithm converged after  6  iterations.
[1] 7.521493e-17 4.672899e-24
Algorithm converged after  6  iterations.
[1] 7.521493e-17 6.388332e-23
Algorithm converged after  7  iterations.
[1] 7.521493e-17 3.244620e-24 1.734631e-32
Algorithm converged after  6  iterations.
[1] 7.521493e-17 4.672899e-24 1.754931e-31
Algorithm converged after  6  iterations.
[1] 7.521493e-17 6.388332e-23 1.650566e-30
Algorithm converged after  7  iterations.
[1] 7.521493e-17 3.244620e-24 4.672899e-24
Algorithm converged after  7  iterations.
[1] 7.521493e-17 3.244620e-24 6.388332e-23
Algorithm converged after  7  iterations.
[1] 7.521493e-17 4.672899e-24 6.388332e-23
Algorithm converged after  7  iterations.
[1] 7.521493e-17 3.244620e-24 1.734631e-32 4.672899e-24
Algorithm converged after  8  iterations.
[1] 7.521493e-17 3.244620e-24 1.734631e-32 6.388332e-23
Algorithm converged after  9  iterations.
[1] 7.521493e-17 3.244620e-24 4.672899e-24 1.754931e-31
Algorithm converged after  7  iterations.
[1] 7.521493e-17 3.244620e-24 6.388332e-23 1.650566e-30
Algorithm converged after  9  iterations.
[1] 7.521493e-17 4.672899e-24 1.754931e-31 6.388332e-23
Algorithm converged after  8  iterations.
[1] 7.521493e-17 4.672899e-24 6.388332e-23 1.650566e-30
Algorithm converged after  8  iterations.
[1] 7.521493e-17 3.244620e-24 4.672899e-24 6.388332e-23
Algorithm converged after  8  iterations.
[1] 7.521493e-17 1.234437e-19
Algorithm converged after  2  iterations.
[1] 7.521493e-17 1.234437e-19 4.497531e-31
Algorithm converged after  6  iterations.
[1] 7.521493e-17 1.234437e-19 5.783959e-29
Algorithm converged after  4  iterations.
[1] 7.521493e-17 1.234437e-19 1.924936e-28
Algorithm converged after  6  iterations.
[1] 7.521493e-17 1.234437e-19 4.497531e-31 1.476344e-32
Algorithm converged after  6  iterations.
[1] 7.521493e-17 1.234437e-19 5.783959e-29 8.045078e-33
[1] 1.158814e-19 8.261299e-25 9.508982e-24 1.222316e-33
[1] 1.147763e-19 7.417044e-25 9.427711e-24 1.351506e-33
[1] 1.177643e-19 7.874741e-25 9.607511e-24 2.849634e-61
[1] 1.082530e-19 1.118081e-24 9.261046e-24 1.810159e-33
[1] 1.136207e-19 8.201757e-25 9.389049e-24 1.635872e-33
[1] 1.121701e-19 9.869311e-25 9.416377e-24 2.502152e-33
[1] 1.079114e-19 1.100685e-24 9.214368e-24 5.250597e-38
[1] 1.143978e-19 8.737328e-25 9.463450e-24 2.386946e-33
[1] 1.093525e-19 1.012136e-24 9.264013e-24 1.108645e-32
[1] 1.079488e-19 1.139206e-24 9.257431e-24 1.085738e-32
[1] 1.144472e-19 8.682280e-25 9.459122e-24 1.152626e-32
[1] 1.138968e-19 8.354992e-25 9.416905e-24 1.639408e-33
[1] 1.077767e-19 1.096671e-24 9.208872e-24 1.090083e-32
[1] 1.148513e-19 7.489143e-25 9.449897e-24 3.597030e-38
[1] 1.156943e-19 8.280012e-25 9.514841e-24 6.312134e-59
[1] 1.066082e-19 1.025773e-24 9.096592e-24 1.097846e-32
[1] 1.075732e-19 1.091882e-24 9.196628e-24 4.953558e-50
[1] 1.137476e-19 8.386522e-25 9.420633e-24 1.381235e-49
[1] 1.174632e-19 7.876123e-25 9.599191e-24 1.240675e-33
[1] 1.064089e-19 1.030757e-24 9.096722e-24 1.093847e-32
[1] 1.091551e-19 1.019173e-24 9.262713e-24 1.321292e-33
[1] 1.077149e-19 1.128091e-24 9.239061e-24 3.139101e-49
[1] 1.078310e-19 1.097984e-24 9.219101e-24 1.092356e-32
[1] 1.142136e-19 8.274343e-25 9.437873e-24 3.561520e-38
[1] 1.177657e-19 7.985076e-25 9.634625e-24 1.179774e-32
[1] 1.177865e-19 7.993278e-25 9.637587e-24 1.264039e-33
[1] 1.091178e-19 1.028594e-24 9.274415e-24 3.484944e-38
[1] 1.064342e-19 1.067715e-24 9.141072e-24 2.803989e-33
[1] 1.126445e-19 8.599047e-25 9.364621e-24 2.403837e-33
[1] 1.068771e-19 1.068960e-24 9.179375e-24 1.527450e-33
[1] 1.091524e-19 1.035210e-24 9.286963e-24 1.364838e-33
[1] 1.143807e-19 8.850564e-25 9.490663e-24 2.391909e-33
[1] 1.091040e-19 1.028930e-24 9.276221e-24 2.551908e-33
[1] 1.080757e-19 1.135212e-24 9.278035e-24 1.086051e-32
[1] 1.128064e-19 8.349468e-25 9.370365e-24 2.430422e-33
[1] 1.122566e-19 1.005339e-24 9.459945e-24 1.712172e-33
[1] 1.177811e-19 8.048738e-25 9.650531e-24 5.944701e-51
[1] 1.177675e-19 8.054342e-25 9.651208e-24 1.265697e-33
[1] 1.078925e-19 1.120168e-24 9.253550e-24 1.359255e-33
[1] 1.077419e-19 1.104943e-24 9.226077e-24 1.318379e-33
[1] 1.144316e-19 8.914363e-25 9.505968e-24 3.569842e-38
[1] 1.122025e-19 1.014844e-24 9.471632e-24 7.193181e-50
[1] 1.150202e-19 7.438844e-25 9.458550e-24 2.653953e-56
[1] 1.062909e-19 1.046445e-24 9.111242e-24 2.638693e-33
[1] 1.080660e-19 1.138772e-24 9.285873e-24 7.038076e-47
[1] 1.121883e-19 1.005100e-24 9.459131e-24 5.955953e-68
[1] 1.094517e-19 1.033610e-24 9.310795e-24 1.365927e-33
[1] 1.077569e-19 1.145855e-24 9.267963e-24 3.119592e-49
[1] 1.063286e-19 1.055830e-24 9.125855e-24 3.447158e-38
Algorithm did not converge after  500  iterations.
[1] 7.521493e-17 1.234437e-19 1.924936e-28 3.794374e-30
Algorithm converged after  7  iterations.
[1] 7.521493e-17 1.234437e-19 4.497531e-31 5.783959e-29
Algorithm converged after  6  iterations.
[1] 7.521493e-17 1.234437e-19 4.497531e-31 1.924936e-28
Algorithm converged after  7  iterations.
[1] 7.521493e-17 1.234437e-19 5.783959e-29 1.924936e-28
Algorithm converged after  6  iterations.
numeric(0)
Algorithm converged after  1  iterations.
[1] 6.220237e-23
Algorithm converged after  2  iterations.
[1] 5.176629e-26
Algorithm converged after  2  iterations.
[1] 1.070405e-17
Algorithm converged after  2  iterations.
[1] 6.220237e-23 9.341173e-26
Algorithm converged after  2  iterations.
[1] 5.176629e-26 1.723547e-65
Algorithm converged after  2  iterations.
[1] 1.070405e-17 4.859173e-23
Algorithm converged after  2  iterations.
[1] 6.220237e-23 5.176629e-26
Algorithm converged after  2  iterations.
[1] 6.220237e-23 1.070405e-17
Algorithm converged after  2  iterations.
[1] 5.176629e-26 1.070405e-17
Algorithm converged after  2  iterations.
[1] 6.220237e-23 9.341173e-26 5.176629e-26
Algorithm converged after  2  iterations.
[1] 6.220237e-23 9.341173e-26 1.070405e-17
Algorithm converged after  2  iterations.
[1] 6.220237e-23 5.176629e-26 1.723547e-65
Algorithm converged after  2  iterations.
[1] 6.220237e-23 1.070405e-17 4.859173e-23
Algorithm converged after  2  iterations.
[1] 5.176629e-26 1.723547e-65 1.070405e-17
Algorithm converged after  2  iterations.
[1] 5.176629e-26 1.070405e-17 4.859173e-23
Algorithm converged after  2  iterations.
[1] 6.220237e-23 5.176629e-26 1.070405e-17
Algorithm converged after  2  iterations.
[1] 6.220237e-23 9.341173e-26 5.176629e-26 1.723547e-65
Algorithm converged after  2  iterations.
[1] 6.220237e-23 9.341173e-26 1.070405e-17 4.859173e-23
Algorithm converged after  2  iterations.
[1] 5.176629e-26 1.723547e-65 1.070405e-17 4.859173e-23
Algorithm converged after  2  iterations.
[1] 6.220237e-23 9.341173e-26 5.176629e-26 1.070405e-17
Algorithm converged after  2  iterations.
[1] 6.220237e-23 5.176629e-26 1.723547e-65 1.070405e-17
Algorithm converged after  2  iterations.
[1] 6.220237e-23 5.176629e-26 1.070405e-17 4.859173e-23
Algorithm converged after  2  iterations.
[1] 2.420957e-16
Algorithm converged after  2  iterations.
[1] 2.420957e-16 6.719061e-24
Algorithm converged after  6  iterations.
[1] 2.420957e-16 2.225429e-24
Algorithm converged after  6  iterations.
[1] 2.420957e-16 6.569833e-23
Algorithm converged after  6  iterations.
[1] 2.420957e-16 6.719061e-24 2.997763e-31
[1] 3.878841e-16 7.100130e-24 3.069226e-31
[1] 3.615228e-16 7.037822e-24 3.083802e-31
[1] 3.710537e-16 7.062136e-24 3.068276e-31
[1] 3.874401e-16 7.101883e-24 3.073667e-31
[1] 4.320700e-16 7.208233e-24 3.235998e-46
[1] 3.609824e-16 7.038823e-24 4.325327e-33
[1] 4.285423e-16 7.199810e-24 1.631918e-36
[1] 4.279476e-16 7.200065e-24 3.113304e-31
[1] 3.618875e-16 7.043752e-24 3.061599e-31
[1] 4.282353e-16 7.201115e-24 7.957229e-53
[1] 4.272946e-16 7.198832e-24 1.953210e-45
[1] 4.279708e-16 7.201056e-24 1.054709e-73
[1] 3.547134e-16 7.027745e-24 1.839534e-40
[1] 3.535970e-16 7.025376e-24 9.549237e-51
[1] 3.708340e-16 7.068053e-24 3.073672e-31
[1] 4.282003e-16 7.203614e-24 6.999248e-52
[1] 3.546398e-16 7.029328e-24 9.262706e-54
[1] 3.879552e-16 7.110154e-24 3.077545e-31
[1] 3.564158e-16 7.033803e-24 1.825749e-65
[1] 4.276922e-16 7.203335e-24 7.386217e-47
[1] 4.283462e-16 7.205925e-24 2.820371e-46
[1] 3.787860e-16 7.088948e-24 3.040329e-31
[1] 3.607911e-16 7.047150e-24 3.084493e-31
[1] 3.544464e-16 7.031363e-24 3.064003e-31
[1] 4.318716e-16 7.217278e-24 1.390154e-44
[1] 4.293424e-16 7.210316e-24 8.270101e-66
[1] 4.281849e-16 7.208886e-24 9.205641e-45
[1] 4.280309e-16 7.208982e-24 1.383103e-44
[1] 4.298116e-16 7.212881e-24 3.091271e-31
[1] 3.448942e-16 7.012815e-24 3.129206e-31
[1] 3.608954e-16 7.050892e-24 3.038479e-31
[1] 3.610000e-16 7.051475e-24 2.860901e-57
[1] 4.280427e-16 7.211370e-24 2.669698e-45
[1] 4.278477e-16 7.211693e-24 4.701143e-51
[1] 4.271679e-16 7.209925e-24 3.066930e-31
[1] 4.289498e-16 7.217105e-24 3.193995e-31
[1] 4.276363e-16 7.212681e-24 2.989204e-31
[1] 3.744293e-16 7.088019e-24 1.954841e-65
[1] 4.270379e-16 7.213243e-24 3.060745e-31
[1] 3.785396e-16 7.099026e-24 2.275262e-45
[1] 4.279775e-16 7.216528e-24 3.088758e-31
[1] 3.640184e-16 7.064222e-24 3.015071e-31
[1] 3.708589e-16 7.082731e-24 3.069721e-31
[1] 4.288014e-16 7.219994e-24 2.244346e-46
[1] 3.702707e-16 7.081705e-24 7.926591e-45
[1] 3.650623e-16 7.070121e-24 5.630795e-47
[1] 4.281260e-16 7.219952e-24 9.178866e-47
[1] 3.699732e-16 7.081437e-24 3.023120e-31
[1] 3.409268e-16 7.013688e-24 4.379398e-33
Algorithm did not converge after  500  iterations.
[1] 2.420957e-16 2.225429e-24 1.465960e-31
Algorithm converged after  6  iterations.
[1] 2.420957e-16 6.569833e-23 1.502682e-30
Algorithm converged after  7  iterations.
[1] 2.420957e-16 6.719061e-24 2.225429e-24
Algorithm converged after  7  iterations.
[1] 2.420957e-16 6.719061e-24 6.569833e-23
Algorithm converged after  7  iterations.
[1] 2.420957e-16 2.225429e-24 6.569833e-23
Algorithm converged after  7  iterations.
[1] 2.420957e-16 6.719061e-24 2.997763e-31 2.225429e-24
Algorithm converged after  7  iterations.
[1] 2.420957e-16 6.719061e-24 2.997763e-31 6.569833e-23
Algorithm converged after  7  iterations.
[1] 2.420957e-16 6.719061e-24 2.225429e-24 1.465960e-31
Algorithm converged after  7  iterations.
[1] 2.420957e-16 6.719061e-24 6.569833e-23 1.502682e-30
[1] 6.179686e-16 7.591847e-24 7.228037e-23 1.113884e-39
[1] 6.439422e-16 7.643958e-24 7.267343e-23 3.411561e-28
[1] 6.490082e-16 7.653998e-24 7.274880e-23 3.238145e-50
[1] 6.455623e-16 7.647456e-24 7.269981e-23 5.374383e-47
[1] 6.343880e-16 7.622055e-24 7.250970e-23 3.195450e-28
Algorithm converged after  54  iterations.
[1] 2.420957e-16 2.225429e-24 1.465960e-31 6.569833e-23
Algorithm converged after  7  iterations.
[1] 2.420957e-16 2.225429e-24 6.569833e-23 1.502682e-30
[1] 6.033471e-16 2.634495e-24 7.210284e-23 3.510653e-28
Algorithm converged after  13  iterations.
[1] 2.420957e-16 6.719061e-24 2.225429e-24 6.569833e-23
Algorithm converged after  7  iterations.
[1] 2.420957e-16 2.232251e-19
Algorithm converged after  2  iterations.
[1] 2.420957e-16 2.232251e-19 4.089251e-31
Algorithm converged after  5  iterations.
[1] 2.420957e-16 2.232251e-19 6.183421e-29
Algorithm converged after  4  iterations.
[1] 2.420957e-16 2.232251e-19 3.314525e-28
Algorithm converged after  6  iterations.
[1] 2.420957e-16 2.232251e-19 4.089251e-31 3.221496e-32
Algorithm converged after  6  iterations.
[1] 2.420957e-16 2.232251e-19 6.183421e-29 1.145037e-33
Algorithm converged after  8  iterations.
[1] 2.420957e-16 2.232251e-19 3.314525e-28 3.092021e-30
Algorithm converged after  7  iterations.
[1] 2.420957e-16 2.232251e-19 4.089251e-31 6.183421e-29
Algorithm converged after  5  iterations.
[1] 2.420957e-16 2.232251e-19 4.089251e-31 3.314525e-28
Algorithm converged after  6  iterations.
[1] 2.420957e-16 2.232251e-19 6.183421e-29 3.314525e-28
Algorithm converged after  6  iterations.
numeric(0)
Algorithm converged after  1  iterations.
[1] 5.162099e-23
Algorithm converged after  2  iterations.
[1] 1.43035e-23
Algorithm converged after  2  iterations.
[1] 4.472545e-18
Algorithm converged after  2  iterations.
[1] 5.162099e-23 8.368880e-26
Algorithm converged after  2  iterations.
[1] 1.430350e-23 9.536917e-26
Algorithm converged after  2  iterations.
[1] 4.472545e-18 5.607932e-23
Algorithm converged after  2  iterations.
[1] 5.162099e-23 1.430350e-23
Algorithm converged after  2  iterations.
[1] 5.162099e-23 4.472545e-18
Algorithm converged after  2  iterations.
[1] 1.430350e-23 4.472545e-18
Algorithm converged after  2  iterations.
[1] 5.162099e-23 8.368880e-26 1.430350e-23
Algorithm converged after  2  iterations.
[1] 5.162099e-23 8.368880e-26 4.472545e-18
Algorithm converged after  2  iterations.
[1] 5.162099e-23 1.430350e-23 9.536917e-26
Algorithm converged after  2  iterations.
[1] 5.162099e-23 4.472545e-18 5.607932e-23
Algorithm converged after  2  iterations.
[1] 1.430350e-23 9.536917e-26 4.472545e-18
Algorithm converged after  2  iterations.
[1] 1.430350e-23 4.472545e-18 5.607932e-23
Algorithm converged after  2  iterations.
[1] 5.162099e-23 1.430350e-23 4.472545e-18
Algorithm converged after  2  iterations.
[1] 5.162099e-23 8.368880e-26 1.430350e-23 9.536917e-26
Algorithm converged after  2  iterations.
[1] 5.162099e-23 8.368880e-26 4.472545e-18 5.607932e-23
Algorithm converged after  2  iterations.
[1] 1.430350e-23 9.536917e-26 4.472545e-18 5.607932e-23
Algorithm converged after  2  iterations.
[1] 5.162099e-23 8.368880e-26 1.430350e-23 4.472545e-18
Algorithm converged after  2  iterations.
[1] 5.162099e-23 1.430350e-23 9.536917e-26 4.472545e-18
Algorithm converged after  2  iterations.
[1] 5.162099e-23 1.430350e-23 4.472545e-18 5.607932e-23
Algorithm converged after  2  iterations.
[1] 1.376729e-16
Algorithm converged after  2  iterations.
[1] 1.376729e-16 2.970304e-24
Algorithm converged after  6  iterations.
[1] 1.376729e-16 5.080550e-24
Algorithm converged after  6  iterations.
[1] 1.376729e-16 1.151201e-22
Algorithm converged after  6  iterations.
[1] 1.376729e-16 2.970304e-24 3.563159e-31
Algorithm converged after  6  iterations.
[1] 1.376729e-16 5.080550e-24 5.137518e-32
Algorithm converged after  6  iterations.
[1] 1.376729e-16 1.151201e-22 1.983631e-32
Algorithm converged after  8  iterations.
[1] 1.376729e-16 2.970304e-24 5.080550e-24
Algorithm converged after  7  iterations.
[1] 1.376729e-16 2.970304e-24 1.151201e-22
Algorithm converged after  7  iterations.
[1] 1.376729e-16 5.080550e-24 1.151201e-22
Algorithm converged after  7  iterations.
[1] 1.376729e-16 2.970304e-24 3.563159e-31 5.080550e-24
Algorithm converged after  7  iterations.
[1] 1.376729e-16 2.970304e-24 3.563159e-31 1.151201e-22
Algorithm converged after  8  iterations.
[1] 1.376729e-16 2.970304e-24 5.080550e-24 5.137518e-32
Algorithm converged after  7  iterations.
[1] 1.376729e-16 2.970304e-24 1.151201e-22 1.983631e-32
Algorithm converged after  8  iterations.
[1] 1.376729e-16 5.080550e-24 5.137518e-32 1.151201e-22
Algorithm converged after  7  iterations.
[1] 1.376729e-16 5.080550e-24 1.151201e-22 1.983631e-32
Algorithm converged after  8  iterations.
[1] 1.376729e-16 2.970304e-24 5.080550e-24 1.151201e-22
Algorithm converged after  8  iterations.
[1] 1.376729e-16 1.977929e-19
Algorithm converged after  2  iterations.
[1] 1.376729e-16 1.977929e-19 4.824507e-31
Algorithm converged after  6  iterations.
[1] 1.376729e-16 1.977929e-19 6.230084e-29
Algorithm converged after  4  iterations.
[1] 1.376729e-16 1.977929e-19 1.779355e-28
Algorithm converged after  6  iterations.
[1] 1.376729e-16 1.977929e-19 4.824507e-31 9.768437e-33
Algorithm converged after  6  iterations.
[1] 1.376729e-16 1.977929e-19 6.230084e-29 1.108680e-37
[1] 1.184076e-16 1.884778e-19 6.352626e-29 1.108558e-37
[1] 1.230196e-16 1.990195e-19 6.268527e-29 5.456825e-34
[1] 1.181627e-16 1.884532e-19 6.354051e-29 1.697389e-33
[1] 1.322708e-16 1.838190e-19 6.345721e-29 2.897702e-33
[1] 1.183426e-16 1.884441e-19 6.354181e-29 5.529499e-34
[1] 1.384528e-16 1.923320e-19 6.271543e-29 1.592555e-55
Algorithm converged after  68  iterations.
[1] 1.376729e-16 1.977929e-19 1.779355e-28 2.832069e-30
Algorithm converged after  7  iterations.
[1] 1.376729e-16 1.977929e-19 4.824507e-31 6.230084e-29
Algorithm converged after  6  iterations.
[1] 1.376729e-16 1.977929e-19 4.824507e-31 1.779355e-28
Algorithm converged after  7  iterations.
[1] 1.376729e-16 1.977929e-19 6.230084e-29 1.779355e-28
Algorithm converged after  6  iterations.
numeric(0)
Algorithm converged after  1  iterations.
[1] 4.136345e-23
Algorithm converged after  2  iterations.
[1] 1.086053e-23
Algorithm converged after  2  iterations.
[1] 2.189789e-18
Algorithm converged after  2  iterations.
[1] 4.136345e-23 1.129467e-25
Algorithm converged after  2  iterations.
[1] 1.086053e-23 2.294054e-27
Algorithm converged after  2  iterations.
[1] 2.189789e-18 1.137820e-23
Algorithm converged after  2  iterations.
[1] 4.136345e-23 1.086053e-23
Algorithm converged after  2  iterations.
[1] 4.136345e-23 2.189789e-18
Algorithm converged after  2  iterations.
[1] 1.086053e-23 2.189789e-18
Algorithm converged after  2  iterations.
[1] 4.136345e-23 1.129467e-25 1.086053e-23
Algorithm converged after  2  iterations.
[1] 4.136345e-23 1.129467e-25 2.189789e-18
Algorithm converged after  2  iterations.
[1] 4.136345e-23 1.086053e-23 2.294054e-27
Algorithm converged after  2  iterations.
[1] 4.136345e-23 2.189789e-18 1.137820e-23
Algorithm converged after  2  iterations.
[1] 1.086053e-23 2.294054e-27 2.189789e-18
Algorithm converged after  2  iterations.
[1] 1.086053e-23 2.189789e-18 1.137820e-23
Algorithm converged after  2  iterations.
[1] 4.136345e-23 1.086053e-23 2.189789e-18
Algorithm converged after  2  iterations.
[1] 4.136345e-23 1.129467e-25 1.086053e-23 2.294054e-27
Algorithm converged after  2  iterations.
[1] 4.136345e-23 1.129467e-25 2.189789e-18 1.137820e-23
Algorithm converged after  2  iterations.
[1] 1.086053e-23 2.294054e-27 2.189789e-18 1.137820e-23
Algorithm converged after  2  iterations.
[1] 4.136345e-23 1.129467e-25 1.086053e-23 2.189789e-18
Algorithm converged after  2  iterations.
[1] 4.136345e-23 1.086053e-23 2.294054e-27 2.189789e-18
Algorithm converged after  2  iterations.
[1] 4.136345e-23 1.086053e-23 2.189789e-18 1.137820e-23
Algorithm converged after  2  iterations.
[1] 5.56251e-32
Algorithm converged after  2  iterations.
[1] 5.562510e-32 4.042428e-23
Algorithm converged after  6  iterations.
[1] 5.562510e-32 1.075347e-23
Algorithm converged after  5  iterations.
[1] 5.562510e-32 2.307942e-18
Algorithm converged after  7  iterations.
[1] 5.562510e-32 4.042428e-23 1.019842e-25
Algorithm converged after  6  iterations.
[1] 5.562510e-32 1.075347e-23 1.861032e-27
Algorithm converged after  5  iterations.
[1] 5.562510e-32 2.307942e-18 1.124865e-23
Algorithm converged after  5  iterations.
[1] 5.562510e-32 4.042428e-23 1.075347e-23
Algorithm converged after  8  iterations.
[1] 5.562510e-32 4.042428e-23 2.307942e-18
Algorithm converged after  7  iterations.
[1] 5.562510e-32 1.075347e-23 2.307942e-18
Algorithm converged after  6  iterations.
[1] 5.562510e-32 4.042428e-23 1.019842e-25 1.075347e-23
Algorithm converged after  6  iterations.
[1] 5.562510e-32 4.042428e-23 1.019842e-25 2.307942e-18
Algorithm converged after  7  iterations.
[1] 5.562510e-32 4.042428e-23 1.075347e-23 1.861032e-27
Algorithm converged after  6  iterations.
[1] 5.562510e-32 4.042428e-23 2.307942e-18 1.124865e-23
Algorithm converged after  7  iterations.
[1] 5.562510e-32 1.075347e-23 1.861032e-27 2.307942e-18
Algorithm converged after  6  iterations.
[1] 5.562510e-32 1.075347e-23 2.307942e-18 1.124865e-23
Algorithm converged after  6  iterations.
[1] 5.562510e-32 4.042428e-23 1.075347e-23 2.307942e-18
[1] 3.136256e-28 5.371048e-23 1.215768e-23 4.922048e-18
Algorithm converged after  13  iterations.
[1] 5.562510e-32 7.561405e-44
Algorithm converged after  2  iterations.
[1] 5.562510e-32 7.561405e-44 3.858996e-23
[1] 2.135576e-18 3.600363e-28 7.794714e-23
Algorithm converged after  12  iterations.
[1] 5.562510e-32 7.561405e-44 1.127414e-23
Algorithm converged after  7  iterations.
[1] 5.562510e-32 7.561405e-44 2.230688e-18
Algorithm converged after  8  iterations.
[1] 5.562510e-32 7.561405e-44 3.858996e-23 9.995143e-26
[1] 9.186490e-26 2.488890e-28 5.912135e-23 1.227906e-25
Algorithm converged after  14  iterations.
[1] 5.562510e-32 7.561405e-44 1.127414e-23 1.892291e-27
[1] 1.849977e-25 5.442651e-29 9.810106e-24 2.059237e-27
Algorithm converged after  11  iterations.
[1] 5.562510e-32 7.561405e-44 2.230688e-18 1.072078e-23
Algorithm converged after  6  iterations.
[1] 5.562510e-32 7.561405e-44 3.858996e-23 1.127414e-23
[1] 2.823504e-19 3.357798e-28 7.877846e-23 1.457389e-23
Algorithm converged after  19  iterations.
[1] 5.562510e-32 7.561405e-44 3.858996e-23 2.230688e-18
Algorithm converged after  10  iterations.
[1] 5.562510e-32 7.561405e-44 1.127414e-23 2.230688e-18
Algorithm converged after  8  iterations.
numeric(0)
Algorithm converged after  1  iterations.
[1] 1.11752e-22
Algorithm converged after  2  iterations.
[1] 7.421089e-24
Algorithm converged after  2  iterations.
[1] 1.131589e-18
Algorithm converged after  2  iterations.
[1] 1.117520e-22 5.076638e-26
Algorithm converged after  2  iterations.
[1] 7.421089e-24 8.443161e-26
Algorithm converged after  2  iterations.
[1] 1.131589e-18 2.992074e-23
Algorithm converged after  2  iterations.
[1] 1.117520e-22 7.421089e-24
Algorithm converged after  2  iterations.
[1] 1.117520e-22 1.131589e-18
Algorithm converged after  2  iterations.
[1] 7.421089e-24 1.131589e-18
Algorithm converged after  2  iterations.
[1] 1.117520e-22 5.076638e-26 7.421089e-24
Algorithm converged after  2  iterations.
[1] 1.117520e-22 5.076638e-26 1.131589e-18
Algorithm converged after  2  iterations.
[1] 1.117520e-22 7.421089e-24 8.443161e-26
Algorithm converged after  2  iterations.
[1] 1.117520e-22 1.131589e-18 2.992074e-23
Algorithm converged after  2  iterations.
[1] 7.421089e-24 8.443161e-26 1.131589e-18
Algorithm converged after  2  iterations.
[1] 7.421089e-24 1.131589e-18 2.992074e-23
Algorithm converged after  2  iterations.
[1] 1.117520e-22 7.421089e-24 1.131589e-18
Algorithm converged after  2  iterations.
[1] 1.117520e-22 5.076638e-26 7.421089e-24 8.443161e-26
Algorithm converged after  2  iterations.
[1] 1.117520e-22 5.076638e-26 1.131589e-18 2.992074e-23
Algorithm converged after  2  iterations.
[1] 7.421089e-24 8.443161e-26 1.131589e-18 2.992074e-23
Algorithm converged after  2  iterations.
[1] 1.117520e-22 5.076638e-26 7.421089e-24 1.131589e-18
Algorithm converged after  2  iterations.
[1] 1.117520e-22 7.421089e-24 8.443161e-26 1.131589e-18
Algorithm converged after  2  iterations.
[1] 1.117520e-22 7.421089e-24 1.131589e-18 2.992074e-23
Algorithm converged after  2  iterations.
[1] 1.270628e-19
Algorithm converged after  2  iterations.
[1] 1.270628e-19 3.162314e-24
Algorithm converged after  5  iterations.
[1] 1.270628e-19 1.053520e-23
Algorithm converged after  6  iterations.
[1] 1.270628e-19 1.716535e-19
Algorithm converged after  5  iterations.
[1] 1.270628e-19 3.162314e-24 3.261854e-31
Algorithm converged after  5  iterations.
[1] 1.270628e-19 1.053520e-23 3.402139e-32
Algorithm converged after  6  iterations.
[1] 1.270628e-19 1.716535e-19 1.540912e-32
Algorithm converged after  5  iterations.
[1] 1.270628e-19 3.162314e-24 1.053520e-23
Algorithm converged after  6  iterations.
[1] 1.270628e-19 3.162314e-24 1.716535e-19
Algorithm converged after  5  iterations.
[1] 1.270628e-19 1.053520e-23 1.716535e-19
Algorithm converged after  7  iterations.
[1] 1.270628e-19 3.162314e-24 3.261854e-31 1.053520e-23
Algorithm converged after  9  iterations.
[1] 1.270628e-19 3.162314e-24 3.261854e-31 1.716535e-19
Algorithm converged after  9  iterations.
[1] 1.270628e-19 3.162314e-24 1.053520e-23 3.402139e-32
Algorithm converged after  6  iterations.
[1] 1.270628e-19 3.162314e-24 1.716535e-19 1.540912e-32
Algorithm converged after  5  iterations.
[1] 1.270628e-19 1.053520e-23 3.402139e-32 1.716535e-19
Algorithm converged after  7  iterations.
[1] 1.270628e-19 1.053520e-23 1.716535e-19 1.540912e-32
Algorithm converged after  7  iterations.
[1] 1.270628e-19 3.162314e-24 1.053520e-23 1.716535e-19
Algorithm converged after  7  iterations.
[1] 1.270628e-19 4.936336e-50
Algorithm converged after  2  iterations.
[1] 1.270628e-19 4.936336e-50 3.049463e-24
Algorithm converged after  9  iterations.
[1] 1.270628e-19 4.936336e-50 1.055932e-23
Algorithm converged after  7  iterations.
[1] 1.270628e-19 4.936336e-50 1.771158e-19
[1] 1.336864e-19 3.092089e-27 4.953652e-19
Algorithm converged after  16  iterations.
[1] 1.270628e-19 4.936336e-50 3.049463e-24 3.284049e-31
[1] 1.174859e-19 2.118674e-23 1.048158e-23 4.463407e-35
Algorithm converged after  12  iterations.
[1] 1.270628e-19 4.936336e-50 1.055932e-23 3.541320e-32
[1] 1.398048e-19 8.452126e-25 1.212039e-23 3.421906e-38
[1] 1.398047e-19 8.452187e-25 1.212039e-23 3.421907e-38
[1] 1.398047e-19 8.452159e-25 1.212039e-23 3.421907e-38
[1] 1.398049e-19 8.452103e-25 1.212039e-23 3.421905e-38
[1] 1.398047e-19 8.452187e-25 1.212039e-23 3.421907e-38
[1] 1.398047e-19 8.452159e-25 1.212039e-23 3.421907e-38
[1] 1.398049e-19 8.452103e-25 1.212039e-23 3.421905e-38
[1] 1.398047e-19 8.452187e-25 1.212039e-23 3.421907e-38
[1] 1.398047e-19 8.452159e-25 1.212039e-23 3.421907e-38
[1] 1.398049e-19 8.452103e-25 1.212039e-23 3.421905e-38
[1] 1.398047e-19 8.452187e-25 1.212039e-23 3.421907e-38
[1] 1.398047e-19 8.452159e-25 1.212039e-23 3.421907e-38
