myseed=1602 

Attaching package: ‘pls’

The following object is masked from ‘package:stats’:

    loadings

Loading required package: lattice
Loading required package: ggplot2
Registered S3 methods overwritten by 'ggplot2':
  method         from 
  [.quosures     rlang
  c.quosures     rlang
  print.quosures rlang

Attaching package: ‘caret’

The following object is masked from ‘package:pls’:

    R2

Loading required package: Matrix
Loading required package: foreach
Loaded glmnet 2.0-18

Parsed with column specification:
cols(
  .default = col_double()
)
See spec(...) for full column specifications.
Parsed with column specification:
cols(
  X1 = col_double()
)
Parsed with column specification:
cols(
  X1 = col_double()
)
numeric(0)
Algorithm converged after  1  iterations.
[1] 3.871971e-23
Algorithm converged after  2  iterations.
[1] 4.094549e-24
Algorithm converged after  2  iterations.
[1] 3.669548e-18
Algorithm converged after  2  iterations.
[1] 3.871971e-23 7.243221e-26
Algorithm converged after  2  iterations.
[1] 4.094549e-24 3.180432e-25
Algorithm converged after  2  iterations.
[1] 3.669548e-18 1.534673e-23
Algorithm converged after  2  iterations.
[1] 3.871971e-23 4.094549e-24
Algorithm converged after  2  iterations.
[1] 3.871971e-23 3.669548e-18
Algorithm converged after  2  iterations.
[1] 4.094549e-24 3.669548e-18
Algorithm converged after  2  iterations.
[1] 3.871971e-23 7.243221e-26 4.094549e-24
Algorithm converged after  2  iterations.
[1] 3.871971e-23 7.243221e-26 3.669548e-18
Algorithm converged after  2  iterations.
[1] 3.871971e-23 4.094549e-24 3.180432e-25
Algorithm converged after  2  iterations.
[1] 3.871971e-23 3.669548e-18 1.534673e-23
Algorithm converged after  2  iterations.
[1] 4.094549e-24 3.180432e-25 3.669548e-18
Algorithm converged after  2  iterations.
[1] 4.094549e-24 3.669548e-18 1.534673e-23
Algorithm converged after  2  iterations.
[1] 3.871971e-23 4.094549e-24 3.669548e-18
Algorithm converged after  2  iterations.
[1] 3.871971e-23 7.243221e-26 4.094549e-24 3.180432e-25
Algorithm converged after  2  iterations.
[1] 3.871971e-23 7.243221e-26 3.669548e-18 1.534673e-23
Algorithm converged after  2  iterations.
[1] 4.094549e-24 3.180432e-25 3.669548e-18 1.534673e-23
Algorithm converged after  2  iterations.
[1] 3.871971e-23 7.243221e-26 4.094549e-24 3.669548e-18
Algorithm converged after  2  iterations.
[1] 3.871971e-23 4.094549e-24 3.180432e-25 3.669548e-18
Algorithm converged after  2  iterations.
[1] 3.871971e-23 4.094549e-24 3.669548e-18 1.534673e-23
Algorithm converged after  2  iterations.
[1] 1.079217e-16
Algorithm converged after  2  iterations.
[1] 1.079217e-16 4.228076e-24
Algorithm converged after  6  iterations.
[1] 1.079217e-16 4.581571e-24
Algorithm converged after  6  iterations.
[1] 1.079217e-16 3.458125e-23
Algorithm converged after  7  iterations.
[1] 1.079217e-16 4.228076e-24 8.064201e-33
[1] 1.639140e-16 4.393473e-24 1.284196e-31
[1] 1.580371e-16 4.377628e-24 7.594166e-33
[1] 1.638507e-16 4.394098e-24 7.561727e-33
[1] 1.637817e-16 4.394068e-24 1.283704e-31
[1] 1.599562e-16 4.384059e-24 1.282958e-31
Algorithm converged after  58  iterations.
[1] 1.079217e-16 4.581571e-24 4.260356e-39
Algorithm converged after  7  iterations.
[1] 1.079217e-16 3.458125e-23 2.951987e-30
Algorithm converged after  8  iterations.
[1] 1.079217e-16 4.228076e-24 4.581571e-24
Algorithm converged after  7  iterations.
[1] 1.079217e-16 4.228076e-24 3.458125e-23
Algorithm converged after  7  iterations.
[1] 1.079217e-16 4.581571e-24 3.458125e-23
Algorithm converged after  7  iterations.
[1] 1.079217e-16 4.228076e-24 8.064201e-33 4.581571e-24
[1] 2.196276e-16 4.533491e-24 1.109853e-53 4.991417e-24
[1] 2.429478e-16 4.588225e-24 2.824947e-41 5.064931e-24
[1] 2.157669e-16 4.525481e-24 2.798702e-41 4.980003e-24
[1] 2.173281e-16 4.529545e-24 7.764208e-33 4.985278e-24
[1] 2.141667e-16 4.521479e-24 7.579177e-33 4.974591e-24
[1] 2.238939e-16 4.546178e-24 7.939149e-33 5.006918e-24
[1] 2.182416e-16 4.535854e-24 7.551027e-33 4.991228e-24
Algorithm converged after  78  iterations.
[1] 1.079217e-16 4.228076e-24 8.064201e-33 3.458125e-23
[1] 3.126333e-16 4.738090e-24 9.975916e-52 4.101117e-23
[1] 3.539272e-16 4.820098e-24 1.366145e-31 4.205952e-23
[1] 3.341251e-16 4.780964e-24 7.476294e-33 4.156123e-23
[1] 3.340989e-16 4.781085e-24 7.482183e-33 4.156386e-23
[1] 3.537042e-16 4.819718e-24 1.355425e-31 4.205813e-23
[1] 3.211872e-16 4.755864e-24 7.504861e-33 4.124122e-23
[1] 3.286989e-16 4.770549e-24 1.785127e-49 4.143055e-23
[1] 3.224674e-16 4.758568e-24 9.410946e-53 4.127670e-23
[1] 3.265424e-16 4.766192e-24 2.025666e-51 4.137696e-23
[1] 3.224954e-16 4.758836e-24 1.346027e-31 4.128148e-23
[1] 3.224929e-16 4.758906e-24 5.143741e-54 4.128288e-23
[1] 3.226089e-16 4.759260e-24 4.327324e-41 4.128801e-23
[1] 3.506486e-16 4.814785e-24 1.362498e-31 4.199976e-23
[1] 3.517227e-16 4.816751e-24 1.356152e-31 4.202639e-23
[1] 3.225078e-16 4.759365e-24 1.346091e-31 4.129239e-23
[1] 3.204855e-16 4.755358e-24 1.346232e-31 4.124176e-23
[1] 3.205866e-16 4.755713e-24 7.500490e-33 4.124745e-23
[1] 3.234932e-16 4.762826e-24 2.591254e-64 4.135031e-23
[1] 3.208615e-16 4.757240e-24 7.496597e-33 4.128156e-23
[1] 3.208124e-16 4.757880e-24 7.493970e-33 4.128892e-23
[1] 3.525105e-16 4.820277e-24 7.438412e-33 4.208921e-23
[1] 3.540002e-16 4.823437e-24 2.014115e-39 4.212914e-23
[1] 3.522770e-16 4.819979e-24 1.354716e-31 4.208632e-23
[1] 3.229044e-16 4.762251e-24 7.502342e-33 4.134735e-23
[1] 3.463267e-16 4.807617e-24 7.492661e-33 4.193358e-23
[1] 3.228561e-16 4.762874e-24 7.505027e-33 4.135953e-23
[1] 3.311510e-16 4.779059e-24 7.479995e-33 4.156839e-23
[1] 3.542657e-16 4.824816e-24 3.139639e-52 4.215895e-23
[1] 3.386819e-16 4.794332e-24 1.343359e-31 4.176892e-23
[1] 3.239461e-16 4.765940e-24 7.441433e-40 4.140481e-23
[1] 3.300324e-16 4.777781e-24 1.341525e-31 4.155875e-23
[1] 3.319076e-16 4.781254e-24 1.051267e-53 4.160436e-23
[1] 3.304814e-16 4.778489e-24 7.497024e-33 4.156929e-23
[1] 3.270090e-16 4.772106e-24 1.240142e-66 4.148722e-23
[1] 3.287469e-16 4.775533e-24 1.339674e-31 4.153297e-23
[1] 3.306472e-16 4.779506e-24 1.378466e-54 4.158419e-23
[1] 3.234962e-16 4.765686e-24 1.344539e-31 4.140783e-23
[1] 3.244179e-16 4.767768e-24 1.343917e-31 4.143493e-23
[1] 3.386888e-16 4.795326e-24 1.340467e-31 4.179136e-23
[1] 3.231909e-16 4.765465e-24 7.485338e-33 4.140689e-23
[1] 3.181941e-16 4.754749e-24 7.528900e-33 4.127472e-23
[1] 3.392668e-16 4.797182e-24 4.029201e-52 4.181932e-23
[1] 3.229272e-16 4.765525e-24 7.504813e-33 4.141267e-23
[1] 3.518140e-16 4.822607e-24 9.823214e-52 4.214656e-23
[1] 3.397138e-16 4.798558e-24 7.477055e-33 4.183948e-23
[1] 3.302849e-16 4.780213e-24 7.495025e-33 4.160666e-23
[1] 3.369559e-16 4.793579e-24 7.481940e-33 4.177848e-23
[1] 3.334385e-16 4.786724e-24 7.485885e-33 4.169083e-23
[1] 3.226582e-16 4.765770e-24 1.344509e-31 4.142162e-23
Algorithm did not converge after  500  iterations.
[1] 1.079217e-16 4.228076e-24 4.581571e-24 4.260356e-39
Algorithm converged after  7  iterations.
[1] 1.079217e-16 4.228076e-24 3.458125e-23 2.951987e-30
Algorithm converged after  9  iterations.
[1] 1.079217e-16 4.581571e-24 4.260356e-39 3.458125e-23
Algorithm converged after  8  iterations.
[1] 1.079217e-16 4.581571e-24 3.458125e-23 2.951987e-30
Algorithm converged after  9  iterations.
[1] 1.079217e-16 4.228076e-24 4.581571e-24 3.458125e-23
Algorithm converged after  8  iterations.
[1] 1.079217e-16 1.350544e-19
Algorithm converged after  2  iterations.
[1] 1.079217e-16 1.350544e-19 2.015597e-31
Algorithm converged after  5  iterations.
[1] 1.079217e-16 1.350544e-19 3.971177e-29
Algorithm converged after  4  iterations.
[1] 1.079217e-16 1.350544e-19 2.428900e-28
Algorithm converged after  6  iterations.
[1] 1.079217e-16 1.350544e-19 2.015597e-31 9.177185e-33
Algorithm converged after  6  iterations.
[1] 1.079217e-16 1.350544e-19 3.971177e-29 4.097047e-36
[1] 1.064627e-16 1.334521e-19 3.995999e-29 2.924988e-37
[1] 1.064681e-16 1.334749e-19 3.995789e-29 1.011680e-36
[1] 1.064733e-16 1.334962e-19 3.995592e-29 6.894392e-38
[1] 1.063353e-16 1.326847e-19 4.002915e-29 2.330499e-37
[1] 1.064632e-16 1.334531e-19 3.995989e-29 6.794993e-38
[1] 1.064435e-16 1.333861e-19 3.996610e-29 6.617407e-38
[1] 1.063364e-16 1.328246e-19 4.001695e-29 2.626336e-37
[1] 1.064545e-16 1.334281e-19 3.996222e-29 4.408241e-37
[1] 1.063353e-16 1.327924e-19 4.001980e-29 1.439792e-37
[1] 1.063506e-16 1.329632e-19 4.000467e-29 8.995072e-38
[1] 1.063479e-16 1.329471e-19 4.000611e-29 2.289330e-37
[1] 1.063530e-16 1.329821e-19 4.000298e-29 1.515384e-37
[1] 1.063898e-16 1.331794e-19 3.998511e-29 3.170720e-37
[1] 1.063445e-16 1.329137e-19 4.000909e-29 2.021148e-37
[1] 1.063985e-16 1.332223e-19 3.998119e-29 3.239512e-37
[1] 1.063902e-16 1.331829e-19 3.998479e-29 9.836018e-37
[1] 1.063342e-16 1.327330e-19 4.002500e-29 1.671776e-37
[1] 1.063834e-16 1.331634e-19 3.998658e-29 2.225995e-37
[1] 1.063342e-16 1.327374e-19 4.002462e-29 2.737348e-37
[1] 1.064271e-16 1.333369e-19 3.997064e-29 1.413816e-37
[1] 1.063352e-16 1.326853e-19 4.002914e-29 4.890468e-37
[1] 1.064205e-16 1.333038e-19 3.997368e-29 3.218774e-37
[1] 1.063710e-16 1.330886e-19 3.999337e-29 1.650126e-37
[1] 1.063383e-16 1.328488e-19 4.001485e-29 2.091297e-37
[1] 1.064547e-16 1.334256e-19 3.996241e-29 4.154530e-37
[1] 1.063529e-16 1.329822e-19 4.000297e-29 8.537946e-38
[1] 1.063342e-16 1.327230e-19 4.002586e-29 9.407326e-37
[1] 1.063551e-16 1.330046e-19 4.000095e-29 9.690912e-37
[1] 1.063424e-16 1.328946e-19 4.001080e-29 9.332395e-38
[1] 1.063341e-16 1.327695e-19 4.002178e-29 8.056442e-38
[1] 1.064639e-16 1.334690e-19 3.995841e-29 2.037815e-37
[1] 1.063999e-16 1.332379e-19 3.997975e-29 3.274033e-37
[1] 1.064385e-16 1.333710e-19 3.996746e-29 1.195541e-37
[1] 1.064660e-16 1.334698e-19 3.995831e-29 4.628856e-37
[1] 1.063889e-16 1.331863e-19 3.998446e-29 9.951004e-37
[1] 1.063598e-16 1.330302e-19 3.999864e-29 2.708722e-37
[1] 1.063375e-16 1.328522e-19 4.001453e-29 2.853308e-37
[1] 1.063532e-16 1.329950e-19 4.000181e-29 7.471116e-38
[1] 1.064723e-16 1.334957e-19 3.995590e-29 1.032840e-36
[1] 1.063426e-16 1.329013e-19 4.001019e-29 7.041211e-38
[1] 1.063385e-16 1.328548e-19 4.001432e-29 9.591880e-37
[1] 1.064724e-16 1.334950e-19 3.995594e-29 5.060639e-37
[1] 1.063343e-16 1.327581e-19 4.002282e-29 8.841289e-38
[1] 1.064599e-16 1.334444e-19 3.996062e-29 7.334790e-37
[1] 1.064667e-16 1.334712e-19 3.995813e-29 7.424110e-38
[1] 1.063343e-16 1.327635e-19 4.002234e-29 4.102730e-37
[1] 1.063348e-16 1.326929e-19 4.002847e-29 6.824118e-37
[1] 1.063873e-16 1.331739e-19 3.998556e-29 3.260920e-37
[1] 1.063351e-16 1.326842e-19 4.002922e-29 2.850703e-36
Algorithm did not converge after  500  iterations.
[1] 1.079217e-16 1.350544e-19 2.428900e-28 7.651881e-30
Algorithm converged after  7  iterations.
[1] 1.079217e-16 1.350544e-19 2.015597e-31 3.971177e-29
Algorithm converged after  5  iterations.
[1] 1.079217e-16 1.350544e-19 2.015597e-31 2.428900e-28
Algorithm converged after  6  iterations.
[1] 1.079217e-16 1.350544e-19 3.971177e-29 2.428900e-28
Algorithm converged after  6  iterations.
numeric(0)
Algorithm converged after  1  iterations.
[1] 1.391989e-23
Algorithm converged after  2  iterations.
[1] 1.015706e-23
Algorithm converged after  2  iterations.
[1] 7.12537e-24
Algorithm converged after  2  iterations.
[1] 1.391989e-23 4.256649e-26
Algorithm converged after  2  iterations.
[1] 1.015706e-23 8.913061e-26
Algorithm converged after  2  iterations.
[1] 7.12537e-24 2.06750e-28
Algorithm converged after  2  iterations.
[1] 1.391989e-23 1.015706e-23
Algorithm converged after  2  iterations.
[1] 1.391989e-23 7.125370e-24
Algorithm converged after  2  iterations.
[1] 1.015706e-23 7.125370e-24
Algorithm converged after  2  iterations.
[1] 1.391989e-23 4.256649e-26 1.015706e-23
Algorithm converged after  2  iterations.
[1] 1.391989e-23 4.256649e-26 7.125370e-24
Algorithm converged after  2  iterations.
[1] 1.391989e-23 1.015706e-23 8.913061e-26
Algorithm converged after  2  iterations.
[1] 1.391989e-23 7.125370e-24 2.067500e-28
Algorithm converged after  2  iterations.
[1] 1.015706e-23 8.913061e-26 7.125370e-24
Algorithm converged after  2  iterations.
[1] 1.015706e-23 7.125370e-24 2.067500e-28
Algorithm converged after  2  iterations.
[1] 1.391989e-23 1.015706e-23 7.125370e-24
Algorithm converged after  2  iterations.
[1] 1.391989e-23 4.256649e-26 1.015706e-23 8.913061e-26
Algorithm converged after  2  iterations.
[1] 1.391989e-23 4.256649e-26 7.125370e-24 2.067500e-28
Algorithm converged after  2  iterations.
[1] 1.015706e-23 8.913061e-26 7.125370e-24 2.067500e-28
Algorithm converged after  2  iterations.
[1] 1.391989e-23 4.256649e-26 1.015706e-23 7.125370e-24
Algorithm converged after  2  iterations.
[1] 1.391989e-23 1.015706e-23 8.913061e-26 7.125370e-24
Algorithm converged after  2  iterations.
[1] 1.391989e-23 1.015706e-23 7.125370e-24 2.067500e-28
Algorithm converged after  2  iterations.
[1] 3.573354e-20
Algorithm converged after  2  iterations.
[1] 3.573354e-20 1.508288e-24
Algorithm converged after  4  iterations.
[1] 3.573354e-20 1.157411e-23
Algorithm converged after  6  iterations.
[1] 3.573354e-20 1.805733e-18
Algorithm converged after  5  iterations.
[1] 3.573354e-20 1.508288e-24 1.066541e-68
[1] 3.707491e-20 1.574708e-24 1.527798e-42
[1] 3.478428e-20 1.483077e-24 7.423952e-35
[1] 3.667343e-20 1.557079e-24 1.515663e-42
[1] 3.594780e-20 1.560328e-24 5.522096e-35
[1] 3.504779e-20 1.520769e-24 5.569039e-35
[1] 3.704688e-20 1.576449e-24 3.935386e-62
[1] 3.705785e-20 1.577424e-24 3.717847e-61
[1] 3.603132e-20 1.536245e-24 1.519486e-42
[1] 3.594143e-20 1.561807e-24 4.231047e-41
[1] 3.604489e-20 1.537376e-24 1.662031e-31
[1] 3.600637e-20 1.543729e-24 5.863062e-42
[1] 3.566969e-20 1.522996e-24 1.660818e-31
[1] 3.639576e-20 1.552802e-24 4.342449e-54
[1] 3.561866e-20 1.520856e-24 1.641535e-56
[1] 3.594480e-20 1.565619e-24 1.494059e-55
[1] 3.615352e-20 1.552885e-24 1.546070e-42
[1] 3.556528e-20 1.527930e-24 1.445059e-42
[1] 3.636495e-20 1.555919e-24 2.184436e-36
[1] 3.607736e-20 1.548775e-24 1.469982e-42
[1] 3.505984e-20 1.528630e-24 1.658039e-31
[1] 3.601989e-20 1.550080e-24 7.395257e-35
[1] 3.509010e-20 1.534122e-24 5.525728e-35
[1] 3.682893e-20 1.605453e-24 1.664246e-31
[1] 3.681044e-20 1.597028e-24 8.779303e-48
[1] 3.679774e-20 1.596034e-24 2.165021e-42
[1] 3.595189e-20 1.576044e-24 5.502013e-35
[1] 3.635870e-20 1.561653e-24 5.921871e-41
[1] 3.636614e-20 1.562502e-24 9.623164e-46
[1] 3.507383e-20 1.537298e-24 5.546516e-35
[1] 3.678652e-20 1.590618e-24 7.350889e-35
[1] 3.618604e-20 1.566237e-24 7.394404e-35
[1] 3.614804e-20 1.562793e-24 1.549768e-42
[1] 3.736596e-20 1.596785e-24 9.617685e-57
[1] 3.509068e-20 1.540243e-24 1.658130e-31
[1] 3.595289e-20 1.577528e-24 7.421619e-35
Algorithm converged after  356  iterations.
[1] 3.573354e-20 1.157411e-23 1.369198e-31
Algorithm converged after  6  iterations.
[1] 3.573354e-20 1.805733e-18 2.068599e-29
[1] 3.772050e-20 1.885258e-18 2.593696e-37
[1] 3.761699e-20 1.881135e-18 1.340331e-31
Algorithm converged after  29  iterations.
[1] 3.573354e-20 1.508288e-24 1.157411e-23
Algorithm converged after  6  iterations.
[1] 3.573354e-20 1.508288e-24 1.805733e-18
Algorithm converged after  5  iterations.
[1] 3.573354e-20 1.157411e-23 1.805733e-18
Algorithm converged after  7  iterations.
[1] 3.573354e-20 1.508288e-24 1.066541e-68 1.157411e-23
[1] 4.220806e-20 1.778304e-24 2.188366e-42 1.284106e-23
[1] 4.065126e-20 1.734754e-24 5.683448e-53 1.255854e-23
[1] 4.071633e-20 1.736651e-24 5.393957e-35 1.257112e-23
[1] 4.178612e-20 1.764606e-24 1.393304e-44 1.276328e-23
[1] 3.988017e-20 1.682560e-24 1.673908e-31 1.239349e-23
[1] 4.072219e-20 1.736365e-24 1.591445e-42 1.257200e-23
[1] 3.973140e-20 1.695015e-24 2.205777e-36 1.238015e-23
[1] 4.182247e-20 1.764765e-24 5.396458e-35 1.277009e-23
[1] 4.066699e-20 1.720300e-24 5.107729e-46 1.255077e-23
[1] 4.181605e-20 1.763523e-24 7.278795e-35 1.276847e-23
[1] 4.155432e-20 1.770928e-24 1.610373e-42 1.273302e-23
[1] 4.155443e-20 1.770492e-24 1.679708e-31 1.273280e-23
[1] 3.973500e-20 1.693897e-24 5.508290e-41 1.238096e-23
[1] 4.111359e-20 1.732984e-24 7.292272e-35 1.263367e-23
[1] 4.116907e-20 1.734918e-24 5.413272e-35 1.264410e-23
[1] 4.155367e-20 1.768984e-24 7.312928e-35 1.273255e-23
[1] 4.101986e-20 1.739563e-24 6.807709e-68 1.262386e-23
[1] 3.970724e-20 1.690671e-24 2.178246e-42 1.237495e-23
[1] 4.178226e-20 1.759931e-24 1.679753e-31 1.276221e-23
[1] 4.001468e-20 1.687417e-24 1.590733e-42 1.242234e-23
[1] 4.162715e-20 1.767288e-24 5.621456e-42 1.274400e-23
[1] 4.101586e-20 1.737123e-24 5.482917e-41 1.262283e-23
[1] 4.087623e-20 1.727742e-24 1.677232e-31 1.259297e-23
[1] 3.971619e-20 1.689345e-24 1.787401e-42 1.237684e-23
[1] 4.070773e-20 1.729786e-24 5.688778e-42 1.256893e-23
[1] 4.215843e-20 1.768191e-24 1.680778e-31 1.283117e-23
[1] 4.070918e-20 1.728823e-24 7.298332e-35 1.256916e-23
[1] 4.025943e-20 1.692063e-24 5.514099e-41 1.246737e-23
[1] 4.102078e-20 1.735632e-24 2.210482e-36 1.262363e-23
[1] 3.968819e-20 1.687440e-24 7.344161e-35 1.237241e-23
[1] 4.069808e-20 1.728655e-24 1.838691e-42 1.256691e-23
[1] 4.101645e-20 1.734769e-24 2.321931e-36 1.262276e-23
[1] 4.219996e-20 1.768562e-24 5.391999e-35 1.283882e-23
[1] 4.085626e-20 1.718144e-24 5.422793e-35 1.258423e-23
[1] 4.180052e-20 1.755908e-24 7.279847e-35 1.276507e-23
[1] 4.074714e-20 1.712532e-24 5.425838e-35 1.256267e-23
[1] 4.066571e-20 1.725510e-24 5.413562e-35 1.256067e-23
[1] 4.156899e-20 1.753545e-24 5.393793e-35 1.272710e-23
[1] 3.976402e-20 1.687772e-24 7.347202e-35 1.238631e-23
[1] 4.219984e-20 1.766164e-24 1.680956e-31 1.283865e-23
[1] 4.074800e-20 1.710722e-24 7.302067e-35 1.256266e-23
[1] 3.972843e-20 1.685877e-24 2.309786e-36 1.237985e-23
[1] 4.090786e-20 1.723438e-24 5.418990e-35 1.259851e-23
[1] 4.050865e-20 1.693348e-24 7.298835e-35 1.251082e-23
[1] 4.221832e-20 1.769845e-24 5.390990e-35 1.284463e-23
[1] 4.070479e-20 1.723989e-24 5.481970e-41 1.256794e-23
[1] 4.179119e-20 1.751843e-24 7.280241e-35 1.276294e-23
[1] 4.065670e-20 1.721897e-24 7.319912e-35 1.255855e-23
[1] 4.215438e-20 1.762067e-24 5.394513e-35 1.282997e-23
Algorithm did not converge after  500  iterations.
[1] 3.573354e-20 1.508288e-24 1.066541e-68 1.805733e-18
[1] 3.792791e-20 1.600637e-24 5.692886e-41 1.892031e-18
[1] 3.687048e-20 1.564151e-24 4.844749e-54 1.851047e-18
[1] 3.945190e-20 1.664258e-24 5.461363e-35 1.950115e-18
[1] 3.779540e-20 1.602459e-24 1.121546e-55 1.886369e-18
[1] 3.819704e-20 1.611289e-24 5.498651e-35 1.902449e-18
[1] 3.887677e-20 1.640471e-24 2.623206e-44 1.928331e-18
[1] 3.697159e-20 1.559543e-24 3.327321e-61 1.855634e-18
[1] 3.685888e-20 1.563359e-24 1.992205e-42 1.850724e-18
[1] 3.745737e-20 1.579477e-24 2.167251e-42 1.874222e-18
[1] 3.705749e-20 1.561425e-24 9.534838e-46 1.859010e-18
[1] 3.865092e-20 1.633202e-24 1.568825e-42 1.919410e-18
[1] 3.782306e-20 1.603437e-24 1.492806e-42 1.887490e-18
[1] 3.852739e-20 1.624275e-24 2.304877e-36 1.915087e-18
[1] 3.868620e-20 1.640120e-24 2.141124e-42 1.920854e-18
[1] 3.793218e-20 1.603412e-24 1.548232e-42 1.892210e-18
[1] 3.657027e-20 1.542997e-24 7.395565e-35 1.840261e-18
[1] 3.823161e-20 1.612625e-24 5.719753e-42 1.903818e-18
[1] 3.781103e-20 1.597139e-24 1.540502e-42 1.887699e-18
[1] 3.831961e-20 1.616477e-24 5.494327e-35 1.907180e-18
[1] 3.745500e-20 1.579265e-24 5.039801e-46 1.874190e-18
[1] 3.698730e-20 1.560095e-24 2.265538e-66 1.856281e-18
[1] 3.800602e-20 1.603943e-24 3.171085e-61 1.895179e-18
[1] 3.808025e-20 1.608536e-24 5.676415e-41 1.897993e-18
[1] 3.745688e-20 1.581348e-24 9.516327e-46 1.874250e-18
[1] 3.790287e-20 1.601579e-24 6.774442e-60 1.891175e-18
[1] 3.781389e-20 1.595865e-24 5.050049e-46 1.887786e-18
[1] 3.783290e-20 1.603386e-24 3.714707e-52 1.887798e-18
[1] 3.894370e-20 1.643049e-24 2.257981e-42 1.930951e-18
[1] 3.691764e-20 1.565715e-24 2.187131e-36 1.852936e-18
[1] 3.656759e-20 1.542830e-24 5.831445e-42 1.840185e-18
[1] 3.899135e-20 1.642071e-24 5.469477e-35 1.932946e-18
[1] 3.690544e-20 1.565217e-24 5.641959e-41 1.852593e-18
[1] 3.863859e-20 1.637847e-24 1.481485e-42 1.919140e-18
[1] 3.777341e-20 1.601101e-24 5.063239e-46 1.885801e-18
[1] 3.790136e-20 1.600984e-24 1.541908e-42 1.891244e-18
[1] 3.765438e-20 1.588937e-24 5.757301e-42 1.881902e-18
[1] 3.656887e-20 1.542673e-24 5.832698e-42 1.840349e-18
[1] 3.856339e-20 1.627214e-24 4.492393e-46 1.916662e-18
[1] 3.690672e-20 1.564962e-24 1.997790e-42 1.852842e-18
[1] 3.809106e-20 1.609374e-24 5.503642e-35 1.898618e-18
[1] 3.819735e-20 1.610617e-24 5.696398e-41 1.902883e-18
[1] 3.927252e-20 1.653790e-24 5.077197e-46 1.944024e-18
[1] 3.926646e-20 1.653496e-24 7.323916e-35 1.943862e-18
[1] 3.905715e-20 1.647456e-24 2.198291e-36 1.935769e-18
[1] 3.731965e-20 1.575484e-24 3.739942e-52 1.869387e-18
[1] 3.809965e-20 1.609499e-24 5.731590e-42 1.899150e-18
[1] 3.781819e-20 1.596664e-24 1.505628e-42 1.888467e-18
[1] 3.788887e-20 1.597683e-24 2.188228e-42 1.891304e-18
[1] 3.779847e-20 1.601448e-24 3.819549e-53 1.887225e-18
Algorithm did not converge after  500  iterations.
[1] 3.573354e-20 1.508288e-24 1.157411e-23 1.369198e-31
Algorithm converged after  6  iterations.
[1] 3.573354e-20 1.508288e-24 1.805733e-18 2.068599e-29
Algorithm converged after  8  iterations.
[1] 3.573354e-20 1.157411e-23 1.369198e-31 1.805733e-18
Algorithm converged after  7  iterations.
[1] 3.573354e-20 1.157411e-23 1.805733e-18 2.068599e-29
Algorithm converged after  7  iterations.
[1] 3.573354e-20 1.508288e-24 1.157411e-23 1.805733e-18
Algorithm converged after  7  iterations.
[1] 3.573354e-20 1.249537e-27
Algorithm converged after  2  iterations.
[1] 3.573354e-20 1.249537e-27 1.054639e-24
[1] 3.666392e-20 1.235638e-23 7.092490e-24
Algorithm converged after  15  iterations.
[1] 3.573354e-20 1.249537e-27 1.065253e-23
Algorithm converged after  9  iterations.
[1] 3.573354e-20 1.249537e-27 1.562961e-18
Algorithm converged after  6  iterations.
[1] 3.573354e-20 1.249537e-27 1.054639e-24 1.527083e-37
[1] 3.790241e-20 1.187381e-23 7.123261e-24 2.594834e-35
[1] 3.685504e-20 1.188096e-23 7.052785e-24 1.137993e-34
[1] 3.669984e-20 1.316243e-23 7.486361e-24 6.477935e-37
[1] 3.687185e-20 1.088685e-23 6.714902e-24 1.673257e-37
[1] 3.658837e-20 1.247059e-23 7.239700e-24 1.111892e-37
[1] 3.554148e-20 1.131886e-23 6.740776e-24 2.619700e-35
[1] 3.659244e-20 1.247865e-23 7.236013e-24 2.601643e-35
[1] 3.620103e-20 1.236891e-23 7.182247e-24 5.336095e-48
[1] 3.697669e-20 1.191079e-23 7.072009e-24 5.496351e-48
[1] 3.657826e-20 1.244319e-23 7.229055e-24 2.593488e-35
[1] 3.660457e-20 1.195160e-23 7.062319e-24 3.005970e-34
[1] 3.660467e-20 1.194788e-23 7.061631e-24 2.593452e-35
[1] 3.657870e-20 1.190168e-23 7.045949e-24 7.431125e-38
[1] 3.660428e-20 1.194589e-23 7.059236e-24 2.595330e-35
[1] 3.616194e-20 1.228730e-23 7.162671e-24 1.148397e-34
[1] 3.615628e-20 1.282324e-23 7.342084e-24 1.959903e-33
[1] 3.663509e-20 1.206248e-23 7.100472e-24 2.597174e-35
[1] 3.662038e-20 1.199152e-23 7.067599e-24 6.787299e-38
[1] 3.653496e-20 1.180558e-23 7.012311e-24 2.587658e-35
[1] 3.659431e-20 1.245913e-23 7.238982e-24 1.306027e-43
[1] 3.659517e-20 1.192600e-23 7.059245e-24 8.938169e-38
[1] 3.616288e-20 1.286698e-23 7.347497e-24 1.841479e-66
[1] 3.685512e-20 1.083971e-23 6.704927e-24 7.984837e-38
[1] 3.658337e-20 1.190517e-23 7.049916e-24 7.911498e-38
[1] 3.618716e-20 1.236740e-23 7.173818e-24 2.622058e-35
[1] 3.619950e-20 1.235183e-23 7.181432e-24 1.299649e-55
[1] 3.659180e-20 1.244441e-23 7.233823e-24 6.477223e-37
[1] 3.659423e-20 1.244911e-23 7.236909e-24 1.118615e-37
[1] 3.660284e-20 1.193411e-23 7.065444e-24 6.517630e-37
[1] 3.620326e-20 1.236221e-23 7.186259e-24 6.456259e-37
[1] 3.659444e-20 1.244906e-23 7.239814e-24 6.422247e-37
[1] 3.657206e-20 1.239191e-23 7.214867e-24 5.435144e-48
[1] 3.665697e-20 1.211978e-23 7.119861e-24 3.028861e-34
[1] 3.619937e-20 1.234748e-23 7.181173e-24 1.173359e-43
[1] 3.692315e-20 1.178389e-23 7.066017e-24 6.333114e-37
[1] 3.613854e-20 1.233170e-23 7.142432e-24 2.621154e-35
[1] 3.657031e-20 1.185641e-23 7.038376e-24 1.599833e-37
[1] 3.682632e-20 1.075424e-23 6.693120e-24 6.395242e-37
[1] 3.657614e-20 1.241622e-23 7.227940e-24 6.216692e-42
[1] 3.616241e-20 1.284504e-23 7.346497e-24 2.949026e-34
[1] 3.615654e-20 1.226155e-23 7.157799e-24 1.120028e-43
[1] 3.656928e-20 1.236728e-23 7.209740e-24 1.677031e-37
[1] 3.660680e-20 1.193982e-23 7.064136e-24 1.115405e-37
[1] 3.619321e-20 1.233515e-23 7.175840e-24 1.148662e-34
[1] 3.615162e-20 1.225973e-23 7.153308e-24 6.906521e-35
[1] 3.619772e-20 1.233171e-23 7.179064e-24 2.995886e-34
[1] 3.667757e-20 1.217004e-23 7.131295e-24 1.857443e-37
[1] 3.659401e-20 1.243088e-23 7.237301e-24 2.596551e-35
[1] 3.702524e-20 1.212353e-23 7.152352e-24 1.555696e-37
Algorithm did not converge after  500  iterations.
[1] 3.573354e-20 1.249537e-27 1.065253e-23 1.954466e-30
[1] 4.138632e-20 1.036860e-24 1.419772e-23 1.163007e-37
[1] 3.966287e-20 8.470891e-25 1.371822e-23 1.461061e-32
[1] 4.145775e-20 1.028057e-24 1.419931e-23 1.160944e-37
[1] 4.123900e-20 7.060917e-25 1.387861e-23 2.231378e-35
[1] 4.062520e-20 7.195815e-25 1.379554e-23 1.164195e-37
[1] 4.209684e-20 8.407801e-25 1.415832e-23 1.424939e-35
[1] 4.159291e-20 8.713560e-25 1.407096e-23 1.155912e-37
[1] 4.064369e-20 7.614483e-25 1.382188e-23 1.103361e-37
[1] 3.958390e-20 8.009232e-25 1.358640e-23 1.366791e-32
[1] 4.060219e-20 7.049655e-25 1.368210e-23 1.287158e-32
[1] 4.147690e-20 9.003440e-25 1.404694e-23 1.167350e-37
[1] 4.318657e-20 8.028268e-25 1.415264e-23 1.152743e-32
Algorithm converged after  130  iterations.
[1] 3.573354e-20 1.249537e-27 1.562961e-18 2.678740e-29
[1] 3.857992e-20 2.297335e-27 2.212397e-18 1.616757e-31
Algorithm converged after  12  iterations.
[1] 3.573354e-20 1.249537e-27 1.054639e-24 1.065253e-23
Algorithm converged after  10  iterations.
[1] 3.573354e-20 1.249537e-27 1.054639e-24 1.562961e-18
Algorithm converged after  8  iterations.
[1] 3.573354e-20 1.249537e-27 1.065253e-23 1.562961e-18
[1] 4.260716e-20 2.608041e-30 1.302816e-23 2.113431e-18
Algorithm converged after  12  iterations.
numeric(0)
Algorithm converged after  1  iterations.
[1] 2.90522e-23
Algorithm converged after  2  iterations.
[1] 1.524472e-25
Algorithm converged after  2  iterations.
[1] 7.217283e-19
Algorithm converged after  2  iterations.
[1] 2.905220e-23 4.101061e-26
Algorithm converged after  2  iterations.
[1] 1.524472e-25 3.338006e-39
Algorithm converged after  2  iterations.
[1] 7.217283e-19 2.216174e-23
Algorithm converged after  2  iterations.
[1] 2.905220e-23 1.524472e-25
Algorithm converged after  2  iterations.
[1] 2.905220e-23 7.217283e-19
Algorithm converged after  2  iterations.
[1] 1.524472e-25 7.217283e-19
Algorithm converged after  2  iterations.
[1] 2.905220e-23 4.101061e-26 1.524472e-25
Algorithm converged after  2  iterations.
[1] 2.905220e-23 4.101061e-26 7.217283e-19
Algorithm converged after  2  iterations.
[1] 2.905220e-23 1.524472e-25 3.338006e-39
Algorithm converged after  2  iterations.
[1] 2.905220e-23 7.217283e-19 2.216174e-23
Algorithm converged after  2  iterations.
[1] 1.524472e-25 3.338006e-39 7.217283e-19
Algorithm converged after  2  iterations.
[1] 1.524472e-25 7.217283e-19 2.216174e-23
Algorithm converged after  2  iterations.
[1] 2.905220e-23 1.524472e-25 7.217283e-19
Algorithm converged after  2  iterations.
[1] 2.905220e-23 4.101061e-26 1.524472e-25 3.338006e-39
Algorithm converged after  2  iterations.
[1] 2.905220e-23 4.101061e-26 7.217283e-19 2.216174e-23
Algorithm converged after  2  iterations.
[1] 1.524472e-25 3.338006e-39 7.217283e-19 2.216174e-23
Algorithm converged after  2  iterations.
[1] 2.905220e-23 4.101061e-26 1.524472e-25 7.217283e-19
Algorithm converged after  2  iterations.
[1] 2.905220e-23 1.524472e-25 3.338006e-39 7.217283e-19
Algorithm converged after  2  iterations.
[1] 2.905220e-23 1.524472e-25 7.217283e-19 2.216174e-23
Algorithm converged after  2  iterations.
[1] 4.810144e-17
Algorithm converged after  2  iterations.
[1] 4.810144e-17 1.331863e-24
Algorithm converged after  6  iterations.
[1] 4.810144e-17 3.163601e-24
Algorithm converged after  6  iterations.
[1] 4.810144e-17 4.441419e-23
Algorithm converged after  6  iterations.
[1] 4.810144e-17 1.331863e-24 1.809216e-31
Algorithm converged after  6  iterations.
[1] 4.810144e-17 3.163601e-24 1.817420e-44
[1] 6.387002e-17 3.270135e-24 4.041763e-33
[1] 6.340471e-17 3.267191e-24 4.102015e-33
Algorithm converged after  22  iterations.
[1] 4.810144e-17 4.441419e-23 3.529707e-30
Algorithm converged after  8  iterations.
[1] 4.810144e-17 1.331863e-24 3.163601e-24
Algorithm converged after  7  iterations.
[1] 4.810144e-17 1.331863e-24 4.441419e-23
Algorithm converged after  7  iterations.
[1] 4.810144e-17 3.163601e-24 4.441419e-23
Algorithm converged after  7  iterations.
[1] 4.810144e-17 1.331863e-24 1.809216e-31 3.163601e-24
Algorithm converged after  10  iterations.
[1] 4.810144e-17 1.331863e-24 1.809216e-31 4.441419e-23
[1] 1.476860e-16 1.565124e-24 1.943350e-31 5.156699e-23
[1] 1.465103e-16 1.562895e-24 1.436816e-35 5.149910e-23
[1] 1.406080e-16 1.551458e-24 3.630515e-36 5.115040e-23
[1] 1.521299e-16 1.573658e-24 2.875865e-36 5.182837e-23
[1] 1.530023e-16 1.575320e-24 1.440341e-35 5.187943e-23
[1] 1.532842e-16 1.575858e-24 1.375365e-35 5.189602e-23
[1] 1.521311e-16 1.573707e-24 1.439842e-35 5.183022e-23
[1] 1.476844e-16 1.565256e-24 1.437637e-35 5.157207e-23
[1] 1.494336e-16 1.568313e-24 4.930697e-69 5.166739e-23
[1] 1.476798e-16 1.565294e-24 4.822364e-51 5.157399e-23
[1] 1.531329e-16 1.575671e-24 1.440317e-35 5.189105e-23
[1] 1.514207e-16 1.572181e-24 1.939743e-31 5.178619e-23
Algorithm converged after  126  iterations.
[1] 4.810144e-17 1.331863e-24 3.163601e-24 1.817420e-44
[1] 1.054014e-16 1.477974e-24 3.505775e-24 4.123972e-33
Algorithm converged after  18  iterations.
[1] 4.810144e-17 1.331863e-24 4.441419e-23 3.529707e-30
Algorithm converged after  9  iterations.
[1] 4.810144e-17 3.163601e-24 1.817420e-44 4.441419e-23
[1] 1.275847e-16 3.617393e-24 1.948504e-44 5.036816e-23
[1] 1.273571e-16 3.616302e-24 2.165206e-50 5.035527e-23
[1] 1.286399e-16 3.622432e-24 4.135012e-33 5.043595e-23
[1] 1.278943e-16 3.618918e-24 9.327161e-62 5.039063e-23
[1] 1.258476e-16 3.609654e-24 2.506812e-49 5.026877e-23
[1] 1.346911e-16 3.651050e-24 4.131222e-33 5.081113e-23
[1] 1.299261e-16 3.628691e-24 2.147844e-59 5.052157e-23
[1] 1.270332e-16 3.615051e-24 4.363579e-50 5.034486e-23
[1] 1.296768e-16 3.627621e-24 1.952176e-44 5.050924e-23
[1] 1.276152e-16 3.617902e-24 4.135741e-33 5.038455e-23
[1] 1.291017e-16 3.625068e-24 3.199882e-31 5.048195e-23
[1] 1.310499e-16 3.634504e-24 4.377207e-50 5.060545e-23
[1] 1.253906e-16 3.607846e-24 1.813596e-58 5.025875e-23
[1] 1.301993e-16 3.630529e-24 2.162736e-50 5.055550e-23
[1] 1.344782e-16 3.650604e-24 3.200189e-31 5.081845e-23
[1] 1.252237e-16 3.607203e-24 4.137334e-33 5.025273e-23
[1] 1.252134e-16 3.607174e-24 4.137190e-33 5.025282e-23
[1] 1.270788e-16 3.615723e-24 9.378416e-32 5.036689e-23
[1] 1.294963e-16 3.626952e-24 1.927537e-44 5.051555e-23
[1] 1.276539e-16 3.618510e-24 2.547282e-49 5.040481e-23
[1] 1.297861e-16 3.628653e-24 2.454734e-56 5.053839e-23
Algorithm converged after  218  iterations.
[1] 4.810144e-17 3.163601e-24 4.441419e-23 3.529707e-30
Algorithm converged after  9  iterations.
[1] 4.810144e-17 1.331863e-24 3.163601e-24 4.441419e-23
Algorithm converged after  8  iterations.
[1] 4.810144e-17 1.002428e-19
Algorithm converged after  2  iterations.
[1] 4.810144e-17 1.002428e-19 2.426747e-31
Algorithm converged after  5  iterations.
[1] 4.810144e-17 1.002428e-19 3.861163e-31
Algorithm converged after  5  iterations.
[1] 4.810144e-17 1.002428e-19 6.040778e-29
Algorithm converged after  5  iterations.
[1] 4.810144e-17 1.002428e-19 2.426747e-31 1.087736e-34
Algorithm converged after  5  iterations.
[1] 4.810144e-17 1.002428e-19 3.861163e-31 7.233553e-33
Algorithm converged after  6  iterations.
[1] 4.810144e-17 1.002428e-19 6.040778e-29 1.264347e-29
Algorithm converged after  8  iterations.
[1] 4.810144e-17 1.002428e-19 2.426747e-31 3.861163e-31
Algorithm converged after  5  iterations.
[1] 4.810144e-17 1.002428e-19 2.426747e-31 6.040778e-29
Algorithm converged after  5  iterations.
[1] 4.810144e-17 1.002428e-19 3.861163e-31 6.040778e-29
Algorithm converged after  5  iterations.
numeric(0)
Algorithm converged after  1  iterations.
[1] 2.788498e-23
Algorithm converged after  2  iterations.
[1] 9.656403e-24
Algorithm converged after  2  iterations.
[1] 1.504315e-18
Algorithm converged after  2  iterations.
[1] 2.788498e-23 7.264803e-26
Algorithm converged after  2  iterations.
[1] 9.656403e-24 1.246634e-25
Algorithm converged after  2  iterations.
[1] 1.504315e-18 7.101113e-24
Algorithm converged after  2  iterations.
[1] 2.788498e-23 9.656403e-24
Algorithm converged after  2  iterations.
[1] 2.788498e-23 1.504315e-18
Algorithm converged after  2  iterations.
[1] 9.656403e-24 1.504315e-18
Algorithm converged after  2  iterations.
[1] 2.788498e-23 7.264803e-26 9.656403e-24
Algorithm converged after  2  iterations.
[1] 2.788498e-23 7.264803e-26 1.504315e-18
Algorithm converged after  2  iterations.
[1] 2.788498e-23 9.656403e-24 1.246634e-25
Algorithm converged after  2  iterations.
[1] 2.788498e-23 1.504315e-18 7.101113e-24
Algorithm converged after  2  iterations.
[1] 9.656403e-24 1.246634e-25 1.504315e-18
Algorithm converged after  2  iterations.
[1] 9.656403e-24 1.504315e-18 7.101113e-24
Algorithm converged after  2  iterations.
[1] 2.788498e-23 9.656403e-24 1.504315e-18
Algorithm converged after  2  iterations.
[1] 2.788498e-23 7.264803e-26 9.656403e-24 1.246634e-25
Algorithm converged after  2  iterations.
[1] 2.788498e-23 7.264803e-26 1.504315e-18 7.101113e-24
Algorithm converged after  2  iterations.
[1] 9.656403e-24 1.246634e-25 1.504315e-18 7.101113e-24
Algorithm converged after  2  iterations.
[1] 2.788498e-23 7.264803e-26 9.656403e-24 1.504315e-18
Algorithm converged after  2  iterations.
[1] 2.788498e-23 9.656403e-24 1.246634e-25 1.504315e-18
Algorithm converged after  2  iterations.
[1] 2.788498e-23 9.656403e-24 1.504315e-18 7.101113e-24
Algorithm converged after  2  iterations.
[1] 8.635065e-17
Algorithm converged after  2  iterations.
[1] 8.635065e-17 1.897859e-24
Algorithm converged after  6  iterations.
[1] 8.635065e-17 4.191791e-24
Algorithm converged after  6  iterations.
[1] 8.635065e-17 3.036948e-23
Algorithm converged after  9  iterations.
[1] 8.635065e-17 1.897859e-24 5.007319e-33
[1] 1.393706e-16 1.995110e-24 4.957609e-33
[1] 1.523226e-16 2.016112e-24 2.030304e-53
[1] 1.589588e-16 2.027016e-24 8.394702e-33
[1] 1.498863e-16 2.012911e-24 5.231452e-41
[1] 1.540733e-16 2.019625e-24 8.704464e-33
[1] 1.591789e-16 2.028752e-24 8.551648e-33
[1] 1.349461e-16 1.989802e-24 1.224266e-31
[1] 1.392837e-16 1.997287e-24 1.381245e-68
[1] 1.393138e-16 1.997618e-24 1.140239e-53
[1] 1.531558e-16 2.019807e-24 1.222288e-31
[1] 1.393629e-16 1.998194e-24 1.222200e-31
[1] 1.397786e-16 1.999195e-24 1.352968e-42
[1] 1.396034e-16 1.999006e-24 8.704915e-33
[1] 1.355172e-16 1.992614e-24 1.030591e-35
[1] 1.590117e-16 2.030680e-24 1.232745e-31
[1] 1.498822e-16 2.016076e-24 4.959312e-33
Algorithm converged after  168  iterations.
[1] 8.635065e-17 4.191791e-24 6.244859e-32
Algorithm converged after  6  iterations.
[1] 8.635065e-17 3.036948e-23 4.418799e-50
Algorithm converged after  9  iterations.
[1] 8.635065e-17 1.897859e-24 4.191791e-24
Algorithm converged after  7  iterations.
[1] 8.635065e-17 1.897859e-24 3.036948e-23
Algorithm converged after  8  iterations.
[1] 8.635065e-17 4.191791e-24 3.036948e-23
Algorithm converged after  8  iterations.
[1] 8.635065e-17 1.897859e-24 5.007319e-33 4.191791e-24
[1] 1.968617e-16 2.083023e-24 1.546612e-42 4.582514e-24
[1] 1.999512e-16 2.087634e-24 1.264774e-31 4.592054e-24
[1] 2.028267e-16 2.092043e-24 1.565807e-46 4.601081e-24
[1] 1.926892e-16 2.077842e-24 4.979038e-33 4.570987e-24
[1] 1.940913e-16 2.080326e-24 4.983801e-33 4.575913e-24
[1] 1.887185e-16 2.072860e-24 4.214955e-44 4.559900e-24
[1] 1.890275e-16 2.073562e-24 4.539871e-35 4.561129e-24
[1] 1.953820e-16 2.082924e-24 1.030658e-64 4.580682e-24
[1] 1.942915e-16 2.081677e-24 4.950431e-33 4.577815e-24
[1] 1.958350e-16 2.083590e-24 1.005474e-46 4.581910e-24
[1] 2.182930e-16 2.115513e-24 4.933055e-33 4.648911e-24
[1] 2.021847e-16 2.093175e-24 1.728669e-46 4.601742e-24
[1] 1.898813e-16 2.075898e-24 8.746536e-33 4.564977e-24
[1] 2.183266e-16 2.116199e-24 4.936082e-33 4.649689e-24
[1] 2.075740e-16 2.101240e-24 1.263968e-31 4.618201e-24
[1] 1.889773e-16 2.075612e-24 1.586794e-46 4.563583e-24
[1] 1.888132e-16 2.075547e-24 5.301859e-41 4.563290e-24
[1] 1.941121e-16 2.083342e-24 3.279160e-42 4.579648e-24
[1] 1.941177e-16 2.085083e-24 4.885251e-41 4.581558e-24
[1] 2.112887e-16 2.109233e-24 3.564053e-44 4.632354e-24
[1] 1.886030e-16 2.077723e-24 8.866571e-33 4.565518e-24
[1] 1.894423e-16 2.079196e-24 7.572808e-52 4.568366e-24
[1] 2.132513e-16 2.113205e-24 8.608982e-33 4.639722e-24
[1] 1.945892e-16 2.087271e-24 4.703334e-45 4.584852e-24
[1] 1.939552e-16 2.086606e-24 9.653408e-42 4.583264e-24
[1] 2.095362e-16 2.108758e-24 1.266819e-31 4.629566e-24
[1] 1.945885e-16 2.088258e-24 3.304357e-41 4.585997e-24
[1] 2.099878e-16 2.109998e-24 4.976050e-33 4.631655e-24
[1] 1.889237e-16 2.080792e-24 1.611304e-53 4.569593e-24
[1] 2.033388e-16 2.101071e-24 1.555733e-41 4.612458e-24
[1] 1.892217e-16 2.081453e-24 4.961695e-33 4.570773e-24
[1] 2.184943e-16 2.123024e-24 8.556112e-33 4.658078e-24
[1] 1.941708e-16 2.088906e-24 1.575467e-41 4.586266e-24
[1] 2.018795e-16 2.099880e-24 1.266136e-31 4.609224e-24
[1] 2.039998e-16 2.103063e-24 4.980243e-33 4.615687e-24
[1] 1.930892e-16 2.088131e-24 8.170567e-35 4.583976e-24
[1] 1.981846e-16 2.095598e-24 1.533420e-69 4.599247e-24
[1] 1.886386e-16 2.082556e-24 4.940414e-33 4.571300e-24
[1] 2.175633e-16 2.123480e-24 8.445558e-33 4.657326e-24
[1] 2.180817e-16 2.124567e-24 4.931522e-33 4.659382e-24
[1] 1.943681e-16 2.091265e-24 8.736931e-33 4.589106e-24
[1] 2.105486e-16 2.114293e-24 1.307158e-41 4.637462e-24
[1] 1.940711e-16 2.091284e-24 4.976464e-33 4.588739e-24
[1] 1.888130e-16 2.084363e-24 1.572092e-46 4.573661e-24
[1] 2.092498e-16 2.113485e-24 1.000277e-64 4.634882e-24
[1] 1.939685e-16 2.092417e-24 4.947823e-41 4.590191e-24
[1] 1.886945e-16 2.084758e-24 3.349968e-41 4.573898e-24
[1] 1.939946e-16 2.092874e-24 4.930686e-41 4.590777e-24
[1] 2.075475e-16 2.112060e-24 9.310459e-54 4.630985e-24
Algorithm did not converge after  500  iterations.
[1] 8.635065e-17 1.897859e-24 5.007319e-33 3.036948e-23
[1] 4.130827e-16 2.344620e-24 4.913046e-33 4.000389e-23
Algorithm converged after  13  iterations.
[1] 8.635065e-17 1.897859e-24 4.191791e-24 6.244859e-32
Algorithm converged after  7  iterations.
[1] 8.635065e-17 1.897859e-24 3.036948e-23 4.418799e-50
Algorithm converged after  10  iterations.
[1] 8.635065e-17 4.191791e-24 6.244859e-32 3.036948e-23
Algorithm converged after  8  iterations.
[1] 8.635065e-17 4.191791e-24 3.036948e-23 4.418799e-50
Algorithm converged after  10  iterations.
[1] 8.635065e-17 1.897859e-24 4.191791e-24 3.036948e-23
Algorithm converged after  9  iterations.
[1] 8.635065e-17 6.406302e-20
Algorithm converged after  2  iterations.
[1] 8.635065e-17 6.406302e-20 1.669920e-31
Algorithm converged after  5  iterations.
[1] 8.635065e-17 6.406302e-20 7.639034e-29
Algorithm converged after  4  iterations.
[1] 8.635065e-17 6.406302e-20 3.585379e-30
Algorithm converged after  7  iterations.
[1] 8.635065e-17 6.406302e-20 1.669920e-31 5.140614e-33
Algorithm converged after  6  iterations.
[1] 8.635065e-17 6.406302e-20 7.639034e-29 9.565764e-33
[1] 6.230257e-20 1.718852e-25 1.442557e-23 1.355421e-33
[1] 6.192977e-20 3.720215e-27 1.252945e-23 6.519011e-30
[1] 6.331386e-20 5.526668e-27 1.274556e-23 9.890619e-30
[1] 6.061493e-20 1.489703e-28 1.192786e-23 7.584996e-32
[1] 6.230722e-20 1.644553e-25 1.441669e-23 1.627281e-33
[1] 6.206166e-20 3.628402e-27 1.255444e-23 7.019913e-30
[1] 6.009950e-20 1.325253e-28 1.178777e-23 6.456981e-32
[1] 6.232143e-20 1.631079e-25 1.440602e-23 1.066184e-34
