myseed=6648 

Attaching package: ‘pls’

The following object is masked from ‘package:stats’:

    loadings

Loading required package: lattice
Loading required package: ggplot2
Registered S3 methods overwritten by 'ggplot2':
  method         from 
  [.quosures     rlang
  c.quosures     rlang
  print.quosures rlang

Attaching package: ‘caret’

The following object is masked from ‘package:pls’:

    R2

Loading required package: Matrix
Loading required package: foreach
Loaded glmnet 2.0-18

Parsed with column specification:
cols(
  .default = col_double()
)
See spec(...) for full column specifications.
Parsed with column specification:
cols(
  X1 = col_double()
)
Parsed with column specification:
cols(
  X1 = col_double()
)
numeric(0)
Algorithm converged after  1  iterations.
[1] 9.609292e-24
Algorithm converged after  2  iterations.
[1] 2.239041e-24
Algorithm converged after  2  iterations.
[1] 6.370212e-19
Algorithm converged after  2  iterations.
[1] 9.609292e-24 4.999532e-26
Algorithm converged after  2  iterations.
[1] 2.239041e-24 6.406006e-26
Algorithm converged after  2  iterations.
[1] 6.370212e-19 3.313027e-24
Algorithm converged after  2  iterations.
[1] 9.609292e-24 2.239041e-24
Algorithm converged after  2  iterations.
[1] 9.609292e-24 6.370212e-19
Algorithm converged after  2  iterations.
[1] 2.239041e-24 6.370212e-19
Algorithm converged after  2  iterations.
[1] 9.609292e-24 4.999532e-26 2.239041e-24
Algorithm converged after  2  iterations.
[1] 9.609292e-24 4.999532e-26 6.370212e-19
Algorithm converged after  2  iterations.
[1] 9.609292e-24 2.239041e-24 6.406006e-26
Algorithm converged after  2  iterations.
[1] 9.609292e-24 6.370212e-19 3.313027e-24
Algorithm converged after  2  iterations.
[1] 2.239041e-24 6.406006e-26 6.370212e-19
Algorithm converged after  2  iterations.
[1] 2.239041e-24 6.370212e-19 3.313027e-24
Algorithm converged after  2  iterations.
[1] 9.609292e-24 2.239041e-24 6.370212e-19
Algorithm converged after  2  iterations.
[1] 9.609292e-24 4.999532e-26 2.239041e-24 6.406006e-26
Algorithm converged after  2  iterations.
[1] 9.609292e-24 4.999532e-26 6.370212e-19 3.313027e-24
Algorithm converged after  2  iterations.
[1] 2.239041e-24 6.406006e-26 6.370212e-19 3.313027e-24
Algorithm converged after  2  iterations.
[1] 9.609292e-24 4.999532e-26 2.239041e-24 6.370212e-19
Algorithm converged after  2  iterations.
[1] 9.609292e-24 2.239041e-24 6.406006e-26 6.370212e-19
Algorithm converged after  2  iterations.
[1] 9.609292e-24 2.239041e-24 6.370212e-19 3.313027e-24
Algorithm converged after  2  iterations.
[1] 4.935702e-17
Algorithm converged after  2  iterations.
[1] 4.935702e-17 5.304718e-26
Algorithm converged after  5  iterations.
[1] 4.935702e-17 3.593376e-26
Algorithm converged after  4  iterations.
[1] 4.935702e-17 6.373948e-22
[1] 2.572908e-16 1.106747e-21
Algorithm converged after  11  iterations.
[1] 4.935702e-17 5.304718e-26 1.239323e-64
[1] 6.270316e-17 5.336308e-26 2.197117e-31
[1] 4.322308e-17 5.292881e-26 2.280539e-31
Algorithm converged after  25  iterations.
[1] 4.935702e-17 3.593376e-26 3.729982e-34
Algorithm converged after  5  iterations.
[1] 4.935702e-17 6.373948e-22 5.065767e-30
[1] 2.663448e-16 1.124278e-21 5.195004e-30
Algorithm converged after  12  iterations.
[1] 4.935702e-17 5.304718e-26 3.593376e-26
Algorithm converged after  5  iterations.
[1] 4.935702e-17 5.304718e-26 6.373948e-22
[1] 2.936678e-16 5.651621e-26 1.179375e-21
Algorithm converged after  12  iterations.
[1] 4.935702e-17 3.593376e-26 6.373948e-22
[1] 2.665049e-16 3.621421e-26 1.128366e-21
Algorithm converged after  12  iterations.
[1] 4.935702e-17 5.304718e-26 1.239323e-64 3.593376e-26
Algorithm converged after  9  iterations.
[1] 4.935702e-17 5.304718e-26 1.239323e-64 6.373948e-22
[1] 2.439658e-16 5.599870e-26 1.997612e-31 1.089583e-21
Algorithm converged after  12  iterations.
[1] 4.935702e-17 5.304718e-26 3.593376e-26 3.729982e-34
Algorithm converged after  6  iterations.
[1] 4.935702e-17 5.304718e-26 6.373948e-22 5.065767e-30
[1] 3.044158e-16 5.667197e-26 1.199726e-21 5.211757e-30
Algorithm converged after  12  iterations.
[1] 4.935702e-17 3.593376e-26 3.729982e-34 6.373948e-22
[1] 2.488423e-16 3.619775e-26 3.462584e-34 1.096233e-21
Algorithm converged after  20  iterations.
[1] 4.935702e-17 3.593376e-26 6.373948e-22 5.065767e-30
[1] 2.753070e-16 3.622734e-26 1.144734e-21 5.196137e-30
Algorithm converged after  12  iterations.
[1] 4.935702e-17 5.304718e-26 3.593376e-26 6.373948e-22
[1] 3.033554e-16 5.663000e-26 3.624928e-26 1.198103e-21
Algorithm converged after  12  iterations.
[1] 4.935702e-17 2.213079e-20
Algorithm converged after  2  iterations.
[1] 4.935702e-17 2.213079e-20 2.058033e-31
[1] 1.924075e-20 2.457108e-24 6.770678e-24
[1] 1.922961e-20 2.459367e-24 6.673782e-24
[1] 1.922748e-20 2.457756e-24 6.653599e-24
[1] 1.922721e-20 2.457534e-24 6.651079e-24
[1] 1.922718e-20 2.457508e-24 6.650780e-24
Algorithm converged after  53  iterations.
[1] 4.935702e-17 2.213079e-20 3.734041e-31
Algorithm converged after  5  iterations.
[1] 4.935702e-17 2.213079e-20 9.450925e-29
Algorithm converged after  5  iterations.
[1] 4.935702e-17 2.213079e-20 2.058033e-31 2.819320e-33
[1] 1.837695e-20 9.030401e-26 6.799905e-24 1.704532e-31
Algorithm converged after  11  iterations.
[1] 4.935702e-17 2.213079e-20 3.734041e-31 5.682869e-34
Algorithm converged after  6  iterations.
[1] 4.935702e-17 2.213079e-20 9.450925e-29 6.367043e-30
Algorithm converged after  6  iterations.
[1] 4.935702e-17 2.213079e-20 2.058033e-31 3.734041e-31
[1] 2.074125e-20 7.726369e-27 2.679367e-24 1.228935e-23
[1] 2.073350e-20 7.726149e-27 2.715360e-24 1.230858e-23
Algorithm converged after  22  iterations.
[1] 4.935702e-17 2.213079e-20 2.058033e-31 9.450925e-29
Algorithm converged after  10  iterations.
[1] 4.935702e-17 2.213079e-20 3.734041e-31 9.450925e-29
Algorithm converged after  6  iterations.
numeric(0)
Algorithm converged after  1  iterations.
[1] 1.516975e-23
Algorithm converged after  2  iterations.
[1] 2.70545e-24
Algorithm converged after  2  iterations.
[1] 1.457152e-19
Algorithm converged after  2  iterations.
[1] 1.516975e-23 6.509052e-26
Algorithm converged after  2  iterations.
[1] 2.70545e-24 7.57525e-26
Algorithm converged after  2  iterations.
[1] 1.457152e-19 3.833262e-24
Algorithm converged after  2  iterations.
[1] 1.516975e-23 2.705450e-24
Algorithm converged after  2  iterations.
[1] 1.516975e-23 1.457152e-19
Algorithm converged after  2  iterations.
[1] 2.705450e-24 1.457152e-19
Algorithm converged after  2  iterations.
[1] 1.516975e-23 6.509052e-26 2.705450e-24
Algorithm converged after  2  iterations.
[1] 1.516975e-23 6.509052e-26 1.457152e-19
Algorithm converged after  2  iterations.
[1] 1.516975e-23 2.705450e-24 7.575250e-26
Algorithm converged after  2  iterations.
[1] 1.516975e-23 1.457152e-19 3.833262e-24
Algorithm converged after  2  iterations.
[1] 2.705450e-24 7.575250e-26 1.457152e-19
Algorithm converged after  2  iterations.
[1] 2.705450e-24 1.457152e-19 3.833262e-24
Algorithm converged after  2  iterations.
[1] 1.516975e-23 2.705450e-24 1.457152e-19
Algorithm converged after  2  iterations.
[1] 1.516975e-23 6.509052e-26 2.705450e-24 7.575250e-26
Algorithm converged after  2  iterations.
[1] 1.516975e-23 6.509052e-26 1.457152e-19 3.833262e-24
Algorithm converged after  2  iterations.
[1] 2.705450e-24 7.575250e-26 1.457152e-19 3.833262e-24
Algorithm converged after  2  iterations.
[1] 1.516975e-23 6.509052e-26 2.705450e-24 1.457152e-19
Algorithm converged after  2  iterations.
[1] 1.516975e-23 2.705450e-24 7.575250e-26 1.457152e-19
Algorithm converged after  2  iterations.
[1] 1.516975e-23 2.705450e-24 1.457152e-19 3.833262e-24
Algorithm converged after  2  iterations.
[1] 2.180819e-17
Algorithm converged after  2  iterations.
[1] 2.180819e-17 7.341800e-26
Algorithm converged after  5  iterations.
[1] 2.180819e-17 4.720217e-26
Algorithm converged after  5  iterations.
[1] 2.180819e-17 1.090832e-22
Algorithm converged after  9  iterations.
[1] 2.180819e-17 7.341800e-26 2.057954e-34
[1] 2.864917e-17 7.415967e-26 1.437219e-54
[1] 2.804724e-17 7.410186e-26 3.100688e-47
[1] 2.133239e-17 7.338111e-26 3.681501e-44
[1] 2.837815e-17 7.414550e-26 2.357599e-34
[1] 2.893565e-17 7.420122e-26 9.122861e-34
[1] 2.821218e-17 7.412852e-26 3.799372e-40
[1] 2.894563e-17 7.420992e-26 8.770772e-34
[1] 2.565998e-17 7.387453e-26 1.718400e-51
[1] 2.605531e-17 7.391315e-26 1.825084e-31
[1] 2.775019e-17 7.410020e-26 5.597982e-46
[1] 2.581179e-17 7.390186e-26 1.719940e-51
[1] 2.718425e-17 7.404959e-26 5.578827e-46
[1] 2.892150e-17 7.422947e-26 6.244311e-35
[1] 2.579384e-17 7.390800e-26 3.798447e-53
[1] 2.663369e-17 7.400111e-26 1.729466e-51
[1] 2.716704e-17 7.405761e-26 1.770510e-31
[1] 2.582144e-17 7.391944e-26 9.515582e-44
[1] 2.805060e-17 7.415232e-26 1.769886e-31
[1] 2.721463e-17 7.407139e-26 3.205452e-53
[1] 2.763070e-17 7.411731e-26 8.295018e-46
[1] 2.120950e-17 7.342045e-26 4.275612e-43
[1] 2.566820e-17 7.391600e-26 2.308483e-34
[1] 2.566781e-17 7.391919e-26 5.602262e-46
[1] 2.890101e-17 7.425983e-26 1.707326e-35
[1] 2.614482e-17 7.396923e-26 3.626816e-53
[1] 2.865815e-17 7.423671e-26 5.602531e-46
[1] 2.609423e-17 7.396813e-26 1.823826e-31
[1] 2.803271e-17 7.421659e-26 3.190826e-53
[1] 2.610075e-17 7.400869e-26 9.572901e-39
[1] 2.842779e-17 7.426318e-26 4.240704e-54
[1] 2.818024e-17 7.423712e-26 1.654032e-35
[1] 2.603858e-17 7.401263e-26 9.568704e-39
[1] 2.802370e-17 7.422981e-26 6.004262e-35
[1] 2.890661e-17 7.432559e-26 6.161714e-66
[1] 2.894849e-17 7.433195e-26 3.889152e-53
[1] 2.802930e-17 7.423839e-26 3.100565e-47
[1] 2.715084e-17 7.415049e-26 9.290510e-51
[1] 2.137855e-17 7.352412e-26 1.962027e-54
[1] 2.636558e-17 7.409142e-26 9.081362e-34
[1] 2.896204e-17 7.436423e-26 1.672644e-35
[1] 2.727187e-17 7.419327e-26 3.098285e-47
[1] 2.138212e-17 7.355419e-26 5.544319e-46
[1] 2.896030e-17 7.437679e-26 1.761793e-31
[1] 2.468775e-17 7.393237e-26 1.536682e-67
[1] 2.545950e-17 7.401353e-26 9.586566e-39
[1] 2.776564e-17 7.426271e-26 1.688394e-63
[1] 2.896504e-17 7.438824e-26 1.055297e-62
[1] 2.806543e-17 7.433757e-26 9.338132e-51
[1] 2.932175e-17 7.447016e-26 9.466898e-51
Algorithm did not converge after  500  iterations.
[1] 2.180819e-17 4.720217e-26 6.111672e-38
[1] 2.486702e-17 4.728093e-26 6.557442e-33
[1] 2.486501e-17 4.728113e-26 6.250646e-38
Algorithm converged after  21  iterations.
[1] 2.180819e-17 1.090832e-22 4.660902e-30
Algorithm converged after  9  iterations.
[1] 2.180819e-17 7.341800e-26 4.720217e-26
Algorithm converged after  5  iterations.
[1] 2.180819e-17 7.341800e-26 1.090832e-22
Algorithm converged after  9  iterations.
[1] 2.180819e-17 4.720217e-26 1.090832e-22
Algorithm converged after  9  iterations.
[1] 2.180819e-17 7.341800e-26 2.057954e-34 4.720217e-26
[1] 2.902568e-17 7.420069e-26 6.178577e-35 4.737627e-26
[1] 3.150678e-17 7.445919e-26 1.809451e-31 4.743165e-26
[1] 3.057784e-17 7.437296e-26 9.520179e-39 4.741184e-26
[1] 3.185470e-17 7.449708e-26 1.824791e-31 4.743934e-26
[1] 3.076439e-17 7.439458e-26 3.298349e-53 4.741616e-26
[1] 3.151049e-17 7.447191e-26 3.122911e-47 4.743292e-26
[1] 2.996776e-17 7.432267e-26 3.102652e-47 4.739953e-26
[1] 3.093599e-17 7.442900e-26 5.874316e-46 4.742221e-26
[1] 2.974617e-17 7.432895e-26 8.134318e-54 4.739891e-26
[1] 2.930788e-17 7.428467e-26 5.840847e-46 4.738897e-26
[1] 3.058255e-17 7.441731e-26 3.106555e-47 4.741748e-26
[1] 2.337176e-17 7.366889e-26 1.931235e-63 4.725090e-26
[1] 2.992835e-17 7.436098e-26 3.104356e-47 4.740439e-26
[1] 2.806830e-17 7.417342e-26 3.609937e-44 4.736238e-26
[1] 3.070811e-17 7.444365e-26 8.371541e-54 4.742145e-26
[1] 3.083191e-17 7.445250e-26 2.407936e-53 4.742393e-26
[1] 3.018018e-17 7.439080e-26 1.184183e-54 4.740995e-26
[1] 3.272880e-17 7.464466e-26 6.073404e-59 4.746544e-26
[1] 2.333871e-17 7.367892e-26 3.132212e-47 4.725158e-26
[1] 2.302255e-17 7.364131e-26 4.287862e-35 4.724385e-26
[1] 2.315572e-17 7.366041e-26 3.120363e-44 4.724763e-26
[1] 3.176117e-17 7.456319e-26 3.271526e-40 4.744656e-26
[1] 2.849901e-17 7.423104e-26 2.537604e-40 4.737412e-26
[1] 3.274275e-17 7.466122e-26 1.999585e-34 4.746778e-26
[1] 2.979471e-17 7.437511e-26 3.108585e-47 4.740412e-26
[1] 2.980715e-17 7.437739e-26 2.358757e-44 4.740457e-26
[1] 2.765833e-17 7.416200e-26 3.111255e-47 4.735650e-26
[1] 2.995106e-17 7.439534e-26 6.295840e-35 4.740822e-26
[1] 2.339086e-17 7.370717e-26 9.780850e-67 4.725549e-26
[1] 3.056067e-17 7.448996e-26 1.804931e-31 4.742594e-26
[1] 2.998573e-17 7.443895e-26 1.740693e-51 4.741397e-26
[1] 2.995455e-17 7.443937e-26 6.431354e-35 4.741439e-26
[1] 2.951680e-17 7.439956e-26 1.735338e-51 4.740426e-26
[1] 3.081662e-17 7.453037e-26 1.800604e-31 4.743306e-26
[1] 2.765416e-17 7.421357e-26 4.910769e-54 4.736253e-26
[1] 2.320078e-17 7.373362e-26 1.469010e-40 4.725643e-26
[1] 2.342277e-17 7.376805e-26 1.638038e-54 4.726260e-26
[1] 2.855003e-17 7.430932e-26 8.998989e-34 4.738333e-26
[1] 3.001467e-17 7.446878e-26 7.967022e-54 4.741702e-26
[1] 2.856094e-17 7.431905e-26 3.102913e-47 4.738431e-26
[1] 2.952407e-17 7.443131e-26 1.387839e-35 4.740705e-26
[1] 2.335558e-17 7.377895e-26 5.248122e-35 4.726254e-26
[1] 2.856802e-17 7.433165e-26 2.890108e-40 4.738550e-26
[1] 3.020605e-17 7.451520e-26 5.788715e-46 4.742396e-26
[1] 3.095158e-17 7.459327e-26 3.110558e-47 4.744078e-26
[1] 2.857130e-17 7.434762e-26 1.098218e-61 4.738743e-26
[1] 3.156743e-17 7.466111e-26 6.097490e-35 4.745489e-26
[1] 3.070291e-17 7.457356e-26 1.038352e-59 4.743589e-26
[1] 3.051807e-17 7.456339e-26 3.279355e-40 4.743248e-26
Algorithm did not converge after  500  iterations.
[1] 2.180819e-17 7.341800e-26 2.057954e-34 1.090832e-22
Algorithm converged after  9  iterations.
[1] 2.180819e-17 7.341800e-26 4.720217e-26 6.111672e-38
Algorithm converged after  5  iterations.
[1] 2.180819e-17 7.341800e-26 1.090832e-22 4.660902e-30
Algorithm converged after  9  iterations.
[1] 2.180819e-17 4.720217e-26 6.111672e-38 1.090832e-22
[1] 7.156154e-17 4.812547e-26 3.270038e-51 1.561590e-22
[1] 6.738866e-17 4.806349e-26 7.855243e-62 1.527971e-22
[1] 7.405093e-17 4.816151e-26 4.382458e-34 1.581695e-22
[1] 7.480809e-17 4.817182e-26 1.077991e-33 1.587793e-22
[1] 7.393430e-17 4.815999e-26 4.382639e-34 1.581059e-22
[1] 6.927713e-17 4.809228e-26 7.455275e-51 1.543959e-22
[1] 7.593508e-17 4.818903e-26 6.473969e-38 1.597213e-22
[1] 7.569885e-17 4.818536e-26 1.024221e-66 1.595317e-22
[1] 6.736490e-17 4.806212e-26 6.053392e-33 1.528493e-22
[1] 6.882639e-17 4.808576e-26 6.805623e-38 1.540874e-22
[1] 7.596673e-17 4.818934e-26 5.990883e-33 1.597742e-22
[1] 7.403278e-17 4.816175e-26 4.382349e-34 1.582667e-22
[1] 6.626344e-17 4.804754e-26 2.051713e-32 1.520193e-22
[1] 7.514660e-17 4.817803e-26 6.941214e-38 1.591675e-22
[1] 7.031609e-17 4.810791e-26 1.084703e-33 1.553181e-22
[1] 6.638706e-17 4.804772e-26 6.779526e-38 1.521191e-22
[1] 6.949697e-17 4.809602e-26 6.050840e-33 1.546828e-22
[1] 7.020438e-17 4.810640e-26 6.399162e-38 1.552596e-22
[1] 7.019173e-17 4.810347e-26 4.247803e-34 1.552293e-22
[1] 6.952687e-17 4.809662e-26 5.358789e-39 1.547411e-22
[1] 7.569213e-17 4.818583e-26 1.374961e-43 1.596652e-22
[1] 6.694933e-17 4.805650e-26 6.783891e-38 1.526595e-22
[1] 6.927433e-17 4.809307e-26 6.823747e-38 1.545970e-22
[1] 7.242697e-17 4.813912e-26 6.904639e-38 1.571334e-22
[1] 7.181228e-17 4.813036e-26 7.411561e-51 1.566525e-22
[1] 6.883251e-17 4.808660e-26 6.802796e-38 1.542868e-22
[1] 6.828955e-17 4.807698e-26 4.278335e-34 1.538308e-22
[1] 7.552637e-17 4.818394e-26 1.369677e-43 1.596550e-22
[1] 6.676745e-17 4.805576e-26 6.819187e-38 1.526394e-22
[1] 7.572281e-17 4.818686e-26 2.468497e-66 1.598523e-22
[1] 6.950859e-17 4.809702e-26 6.866056e-38 1.549019e-22
[1] 7.445311e-17 4.816837e-26 1.078951e-33 1.588591e-22
[1] 6.938682e-17 4.809529e-26 4.351411e-34 1.548157e-22
[1] 7.392467e-17 4.816127e-26 1.080468e-33 1.584578e-22
[1] 6.695140e-17 4.805674e-26 4.249427e-34 1.528193e-22
[1] 7.874097e-17 4.822178e-26 6.784066e-38 1.622000e-22
[1] 7.024456e-17 4.810877e-26 6.890697e-38 1.556642e-22
[1] 7.368326e-17 4.815880e-26 4.376528e-34 1.584245e-22
[1] 6.925291e-17 4.809428e-26 6.817218e-38 1.548803e-22
Algorithm converged after  391  iterations.
[1] 2.180819e-17 4.720217e-26 1.090832e-22 4.660902e-30
Algorithm converged after  9  iterations.
[1] 2.180819e-17 7.341800e-26 4.720217e-26 1.090832e-22
Algorithm converged after  9  iterations.
[1] 2.180819e-17 2.045201e-20
Algorithm converged after  2  iterations.
[1] 2.180819e-17 2.045201e-20 1.874410e-31
Algorithm converged after  5  iterations.
[1] 2.180819e-17 2.045201e-20 6.088389e-32
Algorithm converged after  5  iterations.
[1] 2.180819e-17 2.045201e-20 7.934852e-29
Algorithm converged after  5  iterations.
[1] 2.180819e-17 2.045201e-20 1.874410e-31 1.734799e-33
Algorithm converged after  6  iterations.
[1] 2.180819e-17 2.045201e-20 6.088389e-32 9.826825e-34
Algorithm converged after  6  iterations.
[1] 2.180819e-17 2.045201e-20 7.934852e-29 5.088455e-30
Algorithm converged after  5  iterations.
[1] 2.180819e-17 2.045201e-20 1.874410e-31 6.088389e-32
Algorithm converged after  6  iterations.
[1] 2.180819e-17 2.045201e-20 1.874410e-31 7.934852e-29
Algorithm converged after  6  iterations.
[1] 2.180819e-17 2.045201e-20 6.088389e-32 7.934852e-29
Algorithm converged after  6  iterations.
numeric(0)
Algorithm converged after  1  iterations.
[1] 2.797404e-24
Algorithm converged after  2  iterations.
[1] 5.482391e-26
Algorithm converged after  2  iterations.
[1] 3.396915e-24
Algorithm converged after  2  iterations.
[1] 2.797404e-24 8.462238e-26
Algorithm converged after  2  iterations.
[1] 5.482391e-26 1.867956e-37
Algorithm converged after  2  iterations.
[1] 3.396915e-24 1.306046e-29
Algorithm converged after  2  iterations.
[1] 2.797404e-24 5.482391e-26
Algorithm converged after  2  iterations.
[1] 2.797404e-24 3.396915e-24
Algorithm converged after  2  iterations.
[1] 5.482391e-26 3.396915e-24
Algorithm converged after  2  iterations.
[1] 2.797404e-24 8.462238e-26 5.482391e-26
Algorithm converged after  2  iterations.
[1] 2.797404e-24 8.462238e-26 3.396915e-24
Algorithm converged after  2  iterations.
[1] 2.797404e-24 5.482391e-26 1.867956e-37
Algorithm converged after  2  iterations.
[1] 2.797404e-24 3.396915e-24 1.306046e-29
Algorithm converged after  2  iterations.
[1] 5.482391e-26 1.867956e-37 3.396915e-24
Algorithm converged after  2  iterations.
[1] 5.482391e-26 3.396915e-24 1.306046e-29
Algorithm converged after  2  iterations.
[1] 2.797404e-24 5.482391e-26 3.396915e-24
Algorithm converged after  2  iterations.
[1] 2.797404e-24 8.462238e-26 5.482391e-26 1.867956e-37
Algorithm converged after  2  iterations.
[1] 2.797404e-24 8.462238e-26 3.396915e-24 1.306046e-29
Algorithm converged after  2  iterations.
[1] 5.482391e-26 1.867956e-37 3.396915e-24 1.306046e-29
Algorithm converged after  2  iterations.
[1] 2.797404e-24 8.462238e-26 5.482391e-26 3.396915e-24
Algorithm converged after  2  iterations.
[1] 2.797404e-24 5.482391e-26 1.867956e-37 3.396915e-24
Algorithm converged after  2  iterations.
[1] 2.797404e-24 5.482391e-26 3.396915e-24 1.306046e-29
Algorithm converged after  2  iterations.
[1] 2.190967e-20
Algorithm converged after  2  iterations.
[1] 2.190967e-20 5.370938e-24
Algorithm converged after  5  iterations.
[1] 2.190967e-20 1.579653e-23
Algorithm converged after  6  iterations.
[1] 2.190967e-20 9.823567e-19
Algorithm converged after  5  iterations.
[1] 2.190967e-20 5.370938e-24 1.368333e-47
[1] 2.326131e-20 5.561634e-24 1.208343e-31
Algorithm converged after  15  iterations.
[1] 2.190967e-20 1.579653e-23 1.979089e-37
Algorithm converged after  7  iterations.
[1] 2.190967e-20 9.823567e-19 2.155523e-30
Algorithm converged after  5  iterations.
[1] 2.190967e-20 5.370938e-24 1.579653e-23
Algorithm converged after  6  iterations.
[1] 2.190967e-20 5.370938e-24 9.823567e-19
Algorithm converged after  5  iterations.
[1] 2.190967e-20 1.579653e-23 9.823567e-19
Algorithm converged after  6  iterations.
[1] 2.190967e-20 5.370938e-24 1.368333e-47 1.579653e-23
[1] 2.446341e-20 5.722521e-24 3.248231e-37 1.678133e-23
[1] 2.427939e-20 5.704678e-24 1.206304e-31 1.671615e-23
[1] 2.448930e-20 5.729352e-24 1.006959e-37 1.679322e-23
[1] 2.401141e-20 5.634625e-24 1.213055e-31 1.659384e-23
[1] 2.481059e-20 5.774064e-24 3.804791e-43 1.691515e-23
[1] 2.486141e-20 5.773525e-24 1.206906e-31 1.692987e-23
[1] 2.452329e-20 5.745115e-24 3.237526e-37 1.681440e-23
[1] 2.452548e-20 5.744529e-24 1.085400e-37 1.681495e-23
[1] 2.428065e-20 5.704939e-24 1.206382e-31 1.671644e-23
[1] 2.453633e-20 5.746648e-24 8.072199e-51 1.681919e-23
[1] 2.563733e-20 5.874816e-24 1.314679e-42 1.721945e-23
[1] 2.456354e-20 5.741962e-24 1.048427e-37 1.682288e-23
[1] 2.427984e-20 5.704470e-24 1.413142e-42 1.671593e-23
[1] 2.455805e-20 5.741416e-24 3.211480e-37 1.682116e-23
[1] 2.453420e-20 5.740913e-24 1.030145e-37 1.681686e-23
[1] 2.562401e-20 5.872638e-24 1.205815e-31 1.721425e-23
[1] 2.453915e-20 5.743979e-24 3.217547e-37 1.681916e-23
[1] 2.428570e-20 5.704050e-24 3.286479e-37 1.671748e-23
[1] 2.455771e-20 5.740646e-24 3.212370e-37 1.682057e-23
[1] 2.452164e-20 5.743394e-24 3.238847e-37 1.681288e-23
[1] 2.453491e-20 5.745157e-24 1.378753e-42 1.681789e-23
[1] 2.452116e-20 5.741948e-24 3.227900e-37 1.681227e-23
[1] 2.455458e-20 5.745084e-24 3.213820e-37 1.682447e-23
[1] 2.427991e-20 5.703072e-24 3.286034e-37 1.671512e-23
[1] 2.442005e-20 5.711307e-24 1.220985e-31 1.677132e-23
[1] 2.428209e-20 5.702602e-24 3.288930e-37 1.671526e-23
[1] 2.443372e-20 5.719395e-24 1.206878e-31 1.677047e-23
[1] 2.432186e-20 5.696042e-24 1.372404e-47 1.672296e-23
[1] 2.484066e-20 5.771044e-24 1.334269e-42 1.692211e-23
[1] 2.453326e-20 5.743487e-24 1.125281e-67 1.681614e-23
[1] 2.478100e-20 5.763037e-24 3.214550e-37 1.689965e-23
[1] 2.516452e-20 5.801428e-24 1.208178e-31 1.703595e-23
[1] 2.566632e-20 5.875561e-24 3.769304e-43 1.722817e-23
[1] 2.453256e-20 5.742989e-24 1.097307e-37 1.681563e-23
[1] 2.451753e-20 5.739140e-24 1.207704e-31 1.680948e-23
[1] 2.455672e-20 5.738296e-24 9.921835e-38 1.681866e-23
[1] 2.537669e-20 5.837929e-24 3.781176e-43 1.712039e-23
[1] 2.449074e-20 5.725390e-24 1.206810e-31 1.679099e-23
[1] 2.483072e-20 5.768669e-24 1.206610e-31 1.691779e-23
[1] 2.455654e-20 5.737934e-24 1.206165e-31 1.681839e-23
[1] 2.563629e-20 5.873482e-24 1.017195e-49 1.721818e-23
[1] 2.478587e-20 5.766049e-24 3.227817e-37 1.690305e-23
[1] 2.442161e-20 5.716062e-24 3.825527e-43 1.676494e-23
[1] 2.487614e-20 5.774081e-24 1.206541e-31 1.693438e-23
[1] 2.491051e-20 5.780803e-24 2.227967e-51 1.694873e-23
[1] 2.565432e-20 5.837546e-24 1.211959e-31 1.720258e-23
[1] 2.456083e-20 5.737238e-24 7.571908e-68 1.681929e-23
[1] 2.499593e-20 5.791770e-24 1.205963e-31 1.698052e-23
[1] 2.451056e-20 5.726368e-24 1.206822e-31 1.679745e-23
Algorithm did not converge after  500  iterations.
[1] 2.190967e-20 5.370938e-24 1.368333e-47 9.823567e-19
[1] 2.299338e-20 5.532106e-24 1.043296e-50 1.017689e-18
[1] 2.299534e-20 5.532197e-24 3.766634e-43 1.017790e-18
[1] 2.298755e-20 5.530926e-24 8.204700e-55 1.017632e-18
[1] 2.326312e-20 5.574015e-24 3.379039e-37 1.026010e-18
[1] 2.324762e-20 5.562718e-24 3.275091e-49 1.025913e-18
[1] 2.317345e-20 5.547720e-24 1.014198e-37 1.023983e-18
[1] 2.324185e-20 5.565255e-24 1.096368e-37 1.025626e-18
[1] 2.326528e-20 5.573044e-24 3.373745e-37 1.026207e-18
[1] 2.320026e-20 5.557161e-24 1.092441e-37 1.024395e-18
[1] 2.329004e-20 5.572759e-24 1.206108e-31 1.027262e-18
[1] 2.324317e-20 5.566649e-24 1.100782e-37 1.025645e-18
[1] 2.325474e-20 5.564732e-24 3.355614e-37 1.026158e-18
[1] 2.326655e-20 5.565999e-24 5.959030e-58 1.026536e-18
[1] 2.341552e-20 5.588670e-24 1.038686e-37 1.031297e-18
[1] 2.458072e-20 5.736215e-24 1.208468e-31 1.068618e-18
[1] 2.323671e-20 5.563483e-24 1.209634e-31 1.025572e-18
[1] 2.337757e-20 5.583752e-24 1.028910e-37 1.030149e-18
[1] 2.431442e-20 5.700815e-24 1.208487e-31 1.060243e-18
[1] 2.323084e-20 5.563187e-24 1.209226e-31 1.025412e-18
[1] 2.328673e-20 5.571824e-24 1.361113e-47 1.027266e-18
[1] 2.327336e-20 5.568364e-24 1.199181e-42 1.026804e-18
[1] 2.323173e-20 5.560179e-24 1.468789e-42 1.025607e-18
[1] 2.327128e-20 5.564533e-24 1.211318e-31 1.026952e-18
[1] 2.375726e-20 5.616236e-24 3.718695e-43 1.043227e-18
[1] 2.327799e-20 5.570121e-24 1.206107e-31 1.027109e-18
[1] 2.433132e-20 5.702058e-24 1.208601e-31 1.060948e-18
[1] 2.339975e-20 5.585428e-24 1.206389e-31 1.031043e-18
[1] 2.275936e-20 5.467689e-24 8.797031e-38 1.012324e-18
[1] 2.323697e-20 5.555170e-24 5.270358e-70 1.026062e-18
[1] 2.328054e-20 5.570473e-24 1.206097e-31 1.027184e-18
[1] 2.299765e-20 5.530900e-24 1.103951e-37 1.018188e-18
Algorithm converged after  319  iterations.
[1] 2.190967e-20 5.370938e-24 1.579653e-23 1.979089e-37
[1] 2.461089e-20 5.750707e-24 1.684829e-23 8.901560e-33
Algorithm converged after  18  iterations.
[1] 2.190967e-20 5.370938e-24 9.823567e-19 2.155523e-30
Algorithm converged after  6  iterations.
[1] 2.190967e-20 1.579653e-23 1.979089e-37 9.823567e-19
Algorithm converged after  8  iterations.
[1] 2.190967e-20 1.579653e-23 9.823567e-19 2.155523e-30
Algorithm converged after  6  iterations.
[1] 2.190967e-20 5.370938e-24 1.579653e-23 9.823567e-19
Algorithm converged after  6  iterations.
[1] 2.190967e-20 9.891243e-45
Algorithm converged after  2  iterations.
[1] 2.190967e-20 9.891243e-45 5.934754e-24
Algorithm converged after  10  iterations.
[1] 2.190967e-20 9.891243e-45 1.481639e-23
Algorithm converged after  6  iterations.
[1] 2.190967e-20 9.891243e-45 9.762386e-19
[1] 2.366891e-20 9.875528e-28 3.158223e-18
Algorithm converged after  11  iterations.
[1] 2.190967e-20 9.891243e-45 5.934754e-24 1.290664e-31
[1] 2.277187e-20 2.373480e-27 1.398730e-23 2.693183e-34
Algorithm converged after  14  iterations.
[1] 2.190967e-20 9.891243e-45 1.481639e-23 1.944888e-37
[1] 2.437139e-20 4.162425e-62 1.682044e-23 2.039162e-37
[1] 2.473076e-20 1.194038e-27 1.819945e-23 2.157654e-37
[1] 2.399719e-20 6.845057e-29 1.672204e-23 3.481211e-35
[1] 2.431492e-20 1.030101e-47 1.689488e-23 2.177249e-37
[1] 2.423879e-20 9.909829e-29 1.740721e-23 3.185065e-34
[1] 2.433188e-20 4.171809e-26 1.803277e-23 2.211917e-37
[1] 2.434973e-20 5.946415e-27 1.663104e-23 1.095464e-49
[1] 2.393582e-20 1.342798e-27 1.794152e-23 2.502291e-32
[1] 2.432940e-20 6.701714e-29 1.682532e-23 1.007676e-33
[1] 2.421920e-20 1.854728e-27 1.903709e-23 3.175469e-35
[1] 2.445738e-20 1.137265e-44 1.699281e-23 1.896481e-37
[1] 2.436422e-20 7.828938e-33 1.739855e-23 2.187368e-37
[1] 2.427949e-20 8.416123e-44 1.916258e-23 2.243224e-37
[1] 2.409161e-20 1.478776e-27 1.831042e-23 5.705748e-35
[1] 2.432672e-20 7.279878e-29 1.685157e-23 1.000130e-33
[1] 2.440690e-20 1.212820e-27 1.807510e-23 3.088245e-35
[1] 2.436405e-20 9.399342e-29 1.763217e-23 4.379563e-51
[1] 2.464775e-20 1.400397e-27 1.836532e-23 3.172917e-35
[1] 2.435451e-20 5.956129e-43 1.833560e-23 1.813933e-37
[1] 2.424119e-20 1.607383e-46 1.657225e-23 1.994434e-37
[1] 2.482335e-20 1.059996e-27 1.802172e-23 3.116327e-35
[1] 2.455920e-20 4.214685e-28 1.861831e-23 6.311012e-59
[1] 2.429576e-20 8.944034e-29 1.719970e-23 1.131437e-55
[1] 2.428659e-20 2.986653e-26 1.765124e-23 3.019760e-35
[1] 2.423616e-20 4.218774e-26 1.794501e-23 2.209179e-37
[1] 2.437694e-20 1.410003e-27 1.832813e-23 3.254232e-35
[1] 2.431218e-20 1.516014e-27 1.839857e-23 3.210487e-35
[1] 2.363476e-20 1.128668e-26 1.671859e-23 4.124953e-55
[1] 2.436021e-20 5.815434e-27 1.673300e-23 1.862601e-33
[1] 2.432940e-20 1.560441e-27 1.850350e-23 1.674153e-34
[1] 2.435468e-20 3.301514e-43 1.787793e-23 1.822364e-37
[1] 2.484161e-20 1.151281e-27 1.840012e-23 1.476170e-34
[1] 2.499797e-20 1.420355e-41 1.719590e-23 3.559815e-61
[1] 2.467529e-20 1.444490e-27 1.846988e-23 3.181659e-35
[1] 2.477593e-20 1.039255e-27 1.799695e-23 3.100783e-35
[1] 2.434226e-20 1.038058e-28 1.762048e-23 3.485976e-37
[1] 2.434390e-20 6.212793e-29 1.683086e-23 8.925278e-35
[1] 2.433088e-20 1.433985e-27 1.825723e-23 3.229149e-35
Algorithm converged after  386  iterations.
[1] 2.190967e-20 9.891243e-45 9.762386e-19 2.123928e-30
Algorithm converged after  6  iterations.
[1] 2.190967e-20 9.891243e-45 5.934754e-24 1.481639e-23
Algorithm converged after  7  iterations.
[1] 2.190967e-20 9.891243e-45 5.934754e-24 9.762386e-19
[1] 2.366574e-20 1.366099e-30 5.495336e-24 1.114852e-18
Algorithm converged after  20  iterations.
[1] 2.190967e-20 9.891243e-45 1.481639e-23 9.762386e-19
[1] 2.545971e-20 4.170967e-27 1.773960e-23 1.421565e-18
Algorithm converged after  12  iterations.
numeric(0)
Algorithm converged after  1  iterations.
[1] 1.859451e-23
Algorithm converged after  2  iterations.
[1] 1.591192e-23
Algorithm converged after  2  iterations.
[1] 8.931436e-19
Algorithm converged after  2  iterations.
[1] 1.859451e-23 2.135364e-26
Algorithm converged after  2  iterations.
[1] 1.591192e-23 6.250104e-26
Algorithm converged after  2  iterations.
[1] 8.931436e-19 3.582090e-24
Algorithm converged after  2  iterations.
[1] 1.859451e-23 1.591192e-23
Algorithm converged after  2  iterations.
[1] 1.859451e-23 8.931436e-19
Algorithm converged after  2  iterations.
[1] 1.591192e-23 8.931436e-19
Algorithm converged after  2  iterations.
[1] 1.859451e-23 2.135364e-26 1.591192e-23
Algorithm converged after  2  iterations.
[1] 1.859451e-23 2.135364e-26 8.931436e-19
Algorithm converged after  2  iterations.
[1] 1.859451e-23 1.591192e-23 6.250104e-26
Algorithm converged after  2  iterations.
[1] 1.859451e-23 8.931436e-19 3.582090e-24
Algorithm converged after  2  iterations.
[1] 1.591192e-23 6.250104e-26 8.931436e-19
Algorithm converged after  2  iterations.
[1] 1.591192e-23 8.931436e-19 3.582090e-24
Algorithm converged after  2  iterations.
[1] 1.859451e-23 1.591192e-23 8.931436e-19
Algorithm converged after  2  iterations.
[1] 1.859451e-23 2.135364e-26 1.591192e-23 6.250104e-26
Algorithm converged after  2  iterations.
[1] 1.859451e-23 2.135364e-26 8.931436e-19 3.582090e-24
Algorithm converged after  2  iterations.
[1] 1.591192e-23 6.250104e-26 8.931436e-19 3.582090e-24
Algorithm converged after  2  iterations.
[1] 1.859451e-23 2.135364e-26 1.591192e-23 8.931436e-19
Algorithm converged after  2  iterations.
[1] 1.859451e-23 1.591192e-23 6.250104e-26 8.931436e-19
Algorithm converged after  2  iterations.
[1] 1.859451e-23 1.591192e-23 8.931436e-19 3.582090e-24
Algorithm converged after  2  iterations.
[1] 7.696499e-17
Algorithm converged after  2  iterations.
[1] 7.696499e-17 2.164937e-26
Algorithm converged after  4  iterations.
[1] 7.696499e-17 5.658627e-26
Algorithm converged after  4  iterations.
[1] 7.696499e-17 2.942629e-22
Algorithm converged after  10  iterations.
[1] 7.696499e-17 2.164937e-26 3.770088e-31
Algorithm converged after  5  iterations.
[1] 7.696499e-17 5.658627e-26 8.145182e-36
Algorithm converged after  8  iterations.
[1] 7.696499e-17 2.942629e-22 7.562515e-30
[1] 2.948826e-16 4.570424e-22 7.370286e-30
Algorithm converged after  11  iterations.
[1] 7.696499e-17 2.164937e-26 5.658627e-26
Algorithm converged after  4  iterations.
[1] 7.696499e-17 2.164937e-26 2.942629e-22
[1] 3.359451e-16 2.223967e-26 4.839934e-22
Algorithm converged after  11  iterations.
[1] 7.696499e-17 5.658627e-26 2.942629e-22
[1] 2.975904e-16 5.557685e-26 4.595449e-22
Algorithm converged after  11  iterations.
[1] 7.696499e-17 2.164937e-26 3.770088e-31 5.658627e-26
Algorithm converged after  6  iterations.
[1] 7.696499e-17 2.164937e-26 3.770088e-31 2.942629e-22
[1] 2.734280e-16 2.212804e-26 3.504798e-31 4.444272e-22
Algorithm converged after  11  iterations.
[1] 7.696499e-17 2.164937e-26 5.658627e-26 8.145182e-36
Algorithm converged after  7  iterations.
[1] 7.696499e-17 2.164937e-26 2.942629e-22 7.562515e-30
[1] 3.129224e-16 2.220145e-26 4.699027e-22 7.359650e-30
Algorithm converged after  11  iterations.
[1] 7.696499e-17 5.658627e-26 8.145182e-36 2.942629e-22
[1] 3.506035e-16 5.540616e-26 1.050485e-31 4.920262e-22
Algorithm converged after  19  iterations.
[1] 7.696499e-17 5.658627e-26 2.942629e-22 7.562515e-30
[1] 2.742309e-16 5.565568e-26 4.446288e-22 7.377297e-30
Algorithm converged after  11  iterations.
[1] 7.696499e-17 2.164937e-26 5.658627e-26 2.942629e-22
[1] 3.143582e-16 2.220160e-26 5.551770e-26 4.708921e-22
Algorithm converged after  11  iterations.
[1] 7.696499e-17 2.299483e-20
Algorithm converged after  2  iterations.
[1] 7.696499e-17 2.299483e-20 3.791301e-31
Algorithm converged after  5  iterations.
[1] 7.696499e-17 2.299483e-20 2.119193e-31
Algorithm converged after  5  iterations.
[1] 7.696499e-17 2.299483e-20 3.930005e-29
Algorithm converged after  6  iterations.
[1] 7.696499e-17 2.299483e-20 3.791301e-31 3.611006e-50
Algorithm converged after  10  iterations.
[1] 7.696499e-17 2.299483e-20 2.119193e-31 4.401464e-33
Algorithm converged after  6  iterations.
[1] 7.696499e-17 2.299483e-20 3.930005e-29 1.534581e-29
Algorithm converged after  5  iterations.
[1] 7.696499e-17 2.299483e-20 3.791301e-31 2.119193e-31
Algorithm converged after  5  iterations.
[1] 7.696499e-17 2.299483e-20 3.791301e-31 3.930005e-29
Algorithm converged after  6  iterations.
[1] 7.696499e-17 2.299483e-20 2.119193e-31 3.930005e-29
Algorithm converged after  8  iterations.
numeric(0)
Algorithm converged after  1  iterations.
[1] 2.914681e-24
Algorithm converged after  2  iterations.
[1] 7.495023e-24
Algorithm converged after  2  iterations.
[1] 1.113422e-18
Algorithm converged after  2  iterations.
[1] 2.914681e-24 5.313192e-27
Algorithm converged after  2  iterations.
[1] 7.495023e-24 2.772045e-26
Algorithm converged after  2  iterations.
[1] 1.113422e-18 3.411064e-24
Algorithm converged after  2  iterations.
[1] 2.914681e-24 7.495023e-24
Algorithm converged after  2  iterations.
[1] 2.914681e-24 1.113422e-18
Algorithm converged after  2  iterations.
[1] 7.495023e-24 1.113422e-18
Algorithm converged after  2  iterations.
[1] 2.914681e-24 5.313192e-27 7.495023e-24
Algorithm converged after  2  iterations.
[1] 2.914681e-24 5.313192e-27 1.113422e-18
Algorithm converged after  2  iterations.
[1] 2.914681e-24 7.495023e-24 2.772045e-26
Algorithm converged after  2  iterations.
[1] 2.914681e-24 1.113422e-18 3.411064e-24
Algorithm converged after  2  iterations.
[1] 7.495023e-24 2.772045e-26 1.113422e-18
Algorithm converged after  2  iterations.
[1] 7.495023e-24 1.113422e-18 3.411064e-24
Algorithm converged after  2  iterations.
[1] 2.914681e-24 7.495023e-24 1.113422e-18
Algorithm converged after  2  iterations.
[1] 2.914681e-24 5.313192e-27 7.495023e-24 2.772045e-26
Algorithm converged after  2  iterations.
[1] 2.914681e-24 5.313192e-27 1.113422e-18 3.411064e-24
Algorithm converged after  2  iterations.
[1] 7.495023e-24 2.772045e-26 1.113422e-18 3.411064e-24
Algorithm converged after  2  iterations.
[1] 2.914681e-24 5.313192e-27 7.495023e-24 1.113422e-18
Algorithm converged after  2  iterations.
[1] 2.914681e-24 7.495023e-24 2.772045e-26 1.113422e-18
Algorithm converged after  2  iterations.
[1] 2.914681e-24 7.495023e-24 1.113422e-18 3.411064e-24
Algorithm converged after  2  iterations.
[1] 5.019113e-17
Algorithm converged after  2  iterations.
[1] 5.019113e-17 6.201042e-27
Algorithm converged after  4  iterations.
[1] 5.019113e-17 2.663213e-26
Algorithm converged after  4  iterations.
[1] 5.019113e-17 1.745647e-22
Algorithm converged after  10  iterations.
[1] 5.019113e-17 6.201042e-27 2.411739e-31
Algorithm converged after  6  iterations.
[1] 5.019113e-17 2.663213e-26 9.511849e-34
[1] 5.232670e-17 2.661839e-26 3.429586e-40
[1] 5.241079e-17 2.661805e-26 5.264253e-33
[1] 4.383130e-17 2.668125e-26 9.838987e-34
[1] 4.523948e-17 2.667019e-26 1.574354e-41
[1] 5.229665e-17 2.661984e-26 3.099594e-33
[1] 4.546687e-17 2.666903e-26 6.702728e-35
[1] 5.342264e-17 2.661238e-26 9.861043e-34
[1] 5.225123e-17 2.662062e-26 9.836653e-34
[1] 4.791873e-17 2.665122e-26 3.031877e-33
[1] 5.232874e-17 2.662032e-26 1.009141e-33
Algorithm converged after  102  iterations.
[1] 5.019113e-17 1.745647e-22 3.710921e-30
[1] 1.757864e-16 2.715679e-22 3.687341e-30
Algorithm converged after  11  iterations.
[1] 5.019113e-17 6.201042e-27 2.663213e-26
Algorithm converged after  4  iterations.
[1] 5.019113e-17 6.201042e-27 1.745647e-22
[1] 1.663986e-16 6.048979e-27 2.661743e-22
Algorithm converged after  11  iterations.
[1] 5.019113e-17 2.663213e-26 1.745647e-22
[1] 1.682268e-16 2.604536e-26 2.672773e-22
Algorithm converged after  11  iterations.
[1] 5.019113e-17 6.201042e-27 2.411739e-31 2.663213e-26
Algorithm converged after  6  iterations.
[1] 5.019113e-17 6.201042e-27 2.411739e-31 1.745647e-22
[1] 1.281311e-16 6.089523e-27 2.252963e-31 2.392110e-22
Algorithm converged after  11  iterations.
[1] 5.019113e-17 6.201042e-27 2.663213e-26 9.511849e-34
Algorithm converged after  6  iterations.
[1] 5.019113e-17 6.201042e-27 1.745647e-22 3.710921e-30
[1] 1.622257e-16 6.051130e-27 2.634801e-22 3.688902e-30
Algorithm converged after  11  iterations.
[1] 5.019113e-17 2.663213e-26 9.511849e-34 1.745647e-22
[1] 1.839004e-16 2.598847e-26 1.143987e-33 2.779592e-22
Algorithm converged after  11  iterations.
[1] 5.019113e-17 2.663213e-26 1.745647e-22 3.710921e-30
[1] 1.636246e-16 2.606147e-26 2.642059e-22 3.687749e-30
Algorithm converged after  11  iterations.
[1] 5.019113e-17 6.201042e-27 2.663213e-26 1.745647e-22
[1] 1.545300e-16 6.059848e-27 2.609540e-26 2.582448e-22
Algorithm converged after  11  iterations.
[1] 5.019113e-17 1.381127e-20
Algorithm converged after  2  iterations.
[1] 5.019113e-17 1.381127e-20 2.186199e-31
Algorithm converged after  5  iterations.
[1] 5.019113e-17 1.381127e-20 2.553005e-31
Algorithm converged after  5  iterations.
[1] 5.019113e-17 1.381127e-20 3.751321e-29
[1] 4.175235e-17 1.380469e-20 3.832749e-30
[1] 4.804389e-17 1.435033e-20 7.823537e-29
[1] 6.099925e-17 1.410619e-20 3.579543e-29
[1] 4.175236e-17 1.380468e-20 3.832747e-30
[1] 4.804389e-17 1.435033e-20 7.823537e-29
[1] 6.099925e-17 1.410619e-20 3.579543e-29
[1] 4.175236e-17 1.380468e-20 3.832747e-30
[1] 4.804389e-17 1.435033e-20 7.823537e-29
[1] 6.099925e-17 1.410619e-20 3.579543e-29
[1] 4.175236e-17 1.380468e-20 3.832747e-30
[1] 4.804389e-17 1.435033e-20 7.823537e-29
[1] 6.099925e-17 1.410619e-20 3.579543e-29
[1] 4.175236e-17 1.380468e-20 3.832747e-30
[1] 4.804389e-17 1.435033e-20 7.823537e-29
[1] 6.099925e-17 1.410619e-20 3.579543e-29
[1] 4.175236e-17 1.380468e-20 3.832747e-30
[1] 4.804389e-17 1.435033e-20 7.823537e-29
[1] 6.099925e-17 1.410619e-20 3.579543e-29
[1] 4.175236e-17 1.380468e-20 3.832747e-30
[1] 4.804389e-17 1.435033e-20 7.823537e-29
[1] 6.099925e-17 1.410619e-20 3.579543e-29
[1] 4.175236e-17 1.380468e-20 3.832747e-30
[1] 4.804389e-17 1.435033e-20 7.823537e-29
[1] 6.099925e-17 1.410619e-20 3.579543e-29
[1] 4.175236e-17 1.380468e-20 3.832747e-30
[1] 4.804389e-17 1.435033e-20 7.823537e-29
[1] 6.099925e-17 1.410619e-20 3.579543e-29
[1] 4.175236e-17 1.380468e-20 3.832747e-30
[1] 4.804389e-17 1.435033e-20 7.823537e-29
[1] 6.099925e-17 1.410619e-20 3.579543e-29
[1] 4.175236e-17 1.380468e-20 3.832747e-30
[1] 4.804389e-17 1.435033e-20 7.823537e-29
[1] 6.099925e-17 1.410619e-20 3.579543e-29
[1] 4.175236e-17 1.380468e-20 3.832747e-30
[1] 4.804389e-17 1.435033e-20 7.823537e-29
[1] 6.099925e-17 1.410619e-20 3.579543e-29
[1] 4.175236e-17 1.380468e-20 3.832747e-30
[1] 4.804389e-17 1.435033e-20 7.823537e-29
[1] 6.099925e-17 1.410619e-20 3.579543e-29
[1] 4.175236e-17 1.380468e-20 3.832747e-30
[1] 4.804389e-17 1.435033e-20 7.823537e-29
[1] 6.099925e-17 1.410619e-20 3.579543e-29
[1] 4.175236e-17 1.380468e-20 3.832747e-30
[1] 4.804389e-17 1.435033e-20 7.823537e-29
[1] 6.099925e-17 1.410619e-20 3.579543e-29
[1] 4.175236e-17 1.380468e-20 3.832747e-30
[1] 4.804389e-17 1.435033e-20 7.823537e-29
[1] 6.099925e-17 1.410619e-20 3.579543e-29
[1] 4.175236e-17 1.380468e-20 3.832747e-30
Algorithm did not converge after  500  iterations.
[1] 5.019113e-17 1.381127e-20 2.186199e-31 1.564991e-33
Algorithm converged after  9  iterations.
[1] 5.019113e-17 1.381127e-20 2.553005e-31 1.172363e-33
Algorithm converged after  6  iterations.
[1] 5.019113e-17 1.381127e-20 3.751321e-29 6.793158e-30
[1] 4.832285e-17 1.358491e-20 3.925305e-30 3.281898e-32
