myseed=3811 

Attaching package: ‘pls’

The following object is masked from ‘package:stats’:

    loadings

Loading required package: lattice
Loading required package: ggplot2
Registered S3 methods overwritten by 'ggplot2':
  method         from 
  [.quosures     rlang
  c.quosures     rlang
  print.quosures rlang

Attaching package: ‘caret’

The following object is masked from ‘package:pls’:

    R2

Loading required package: Matrix
Loading required package: foreach
Loaded glmnet 2.0-18

Parsed with column specification:
cols(
  .default = col_double()
)
See spec(...) for full column specifications.
Parsed with column specification:
cols(
  X1 = col_double()
)
Parsed with column specification:
cols(
  X1 = col_double()
)
numeric(0)
Algorithm converged after  1  iterations.
[1] 2.32726e-23
Algorithm converged after  2  iterations.
[1] 2.078329e-25
Algorithm converged after  2  iterations.
[1] 1.792445e-17
Algorithm converged after  2  iterations.
[1] 2.32726e-23 5.33380e-26
Algorithm converged after  2  iterations.
[1] 2.078329e-25 1.310007e-37
Algorithm converged after  2  iterations.
[1] 1.792445e-17 1.852508e-23
Algorithm converged after  2  iterations.
[1] 2.327260e-23 2.078329e-25
Algorithm converged after  2  iterations.
[1] 2.327260e-23 1.792445e-17
Algorithm converged after  2  iterations.
[1] 2.078329e-25 1.792445e-17
Algorithm converged after  2  iterations.
[1] 2.327260e-23 5.333800e-26 2.078329e-25
Algorithm converged after  2  iterations.
[1] 2.327260e-23 5.333800e-26 1.792445e-17
Algorithm converged after  2  iterations.
[1] 2.327260e-23 2.078329e-25 1.310007e-37
Algorithm converged after  2  iterations.
[1] 2.327260e-23 1.792445e-17 1.852508e-23
Algorithm converged after  2  iterations.
[1] 2.078329e-25 1.310007e-37 1.792445e-17
Algorithm converged after  2  iterations.
[1] 2.078329e-25 1.792445e-17 1.852508e-23
Algorithm converged after  2  iterations.
[1] 2.327260e-23 2.078329e-25 1.792445e-17
Algorithm converged after  2  iterations.
[1] 2.327260e-23 5.333800e-26 2.078329e-25 1.310007e-37
Algorithm converged after  2  iterations.
[1] 2.327260e-23 5.333800e-26 1.792445e-17 1.852508e-23
Algorithm converged after  2  iterations.
[1] 2.078329e-25 1.310007e-37 1.792445e-17 1.852508e-23
Algorithm converged after  2  iterations.
[1] 2.327260e-23 5.333800e-26 2.078329e-25 1.792445e-17
Algorithm converged after  2  iterations.
[1] 2.327260e-23 2.078329e-25 1.310007e-37 1.792445e-17
Algorithm converged after  2  iterations.
[1] 2.327260e-23 2.078329e-25 1.792445e-17 1.852508e-23
Algorithm converged after  2  iterations.
[1] 7.64574e-16
Algorithm converged after  2  iterations.
[1] 7.645740e-16 9.233103e-25
Algorithm converged after  6  iterations.
[1] 7.645740e-16 2.068074e-24
Algorithm converged after  5  iterations.
[1] 7.645740e-16 3.726216e-23
Algorithm converged after  6  iterations.
[1] 7.645740e-16 9.233103e-25 7.766603e-32
Algorithm converged after  6  iterations.
[1] 7.645740e-16 2.068074e-24 1.783521e-34
[1] 8.311554e-16 2.082200e-24 1.700575e-34
Algorithm converged after  13  iterations.
[1] 7.645740e-16 3.726216e-23 1.349458e-29
Algorithm converged after  9  iterations.
[1] 7.645740e-16 9.233103e-25 2.068074e-24
Algorithm converged after  7  iterations.
[1] 7.645740e-16 9.233103e-25 3.726216e-23
Algorithm converged after  7  iterations.
[1] 7.645740e-16 2.068074e-24 3.726216e-23
Algorithm converged after  7  iterations.
[1] 7.645740e-16 9.233103e-25 7.766603e-32 2.068074e-24
Algorithm converged after  9  iterations.
[1] 7.645740e-16 9.233103e-25 7.766603e-32 3.726216e-23
[1] 2.482990e-15 1.141449e-24 8.252609e-32 4.402593e-23
Algorithm converged after  14  iterations.
[1] 7.645740e-16 9.233103e-25 2.068074e-24 1.783521e-34
Algorithm converged after  10  iterations.
[1] 7.645740e-16 9.233103e-25 3.726216e-23 1.349458e-29
Algorithm converged after  9  iterations.
[1] 7.645740e-16 2.068074e-24 1.783521e-34 3.726216e-23
Algorithm converged after  8  iterations.
[1] 7.645740e-16 2.068074e-24 3.726216e-23 1.349458e-29
Algorithm converged after  9  iterations.
[1] 7.645740e-16 9.233103e-25 2.068074e-24 3.726216e-23
Algorithm converged after  7  iterations.
[1] 7.645740e-16 8.613179e-20
Algorithm converged after  2  iterations.
[1] 7.645740e-16 8.613179e-20 1.038406e-31
Algorithm converged after  5  iterations.
[1] 7.645740e-16 8.613179e-20 1.545577e-31
Algorithm converged after  7  iterations.
[1] 7.645740e-16 8.613179e-20 4.877789e-28
Algorithm converged after  6  iterations.
[1] 7.645740e-16 8.613179e-20 1.038406e-31 1.352619e-33
[1] 9.338276e-16 7.843624e-20 1.065757e-31 1.387697e-33
[1] 9.337324e-16 7.843694e-20 1.065749e-31 1.387777e-33
[1] 9.336547e-16 7.843762e-20 1.065742e-31 1.387868e-33
[1] 9.336495e-16 7.843776e-20 1.065742e-31 1.387885e-33
[1] 9.337978e-16 7.843683e-20 1.065755e-31 1.387750e-33
[1] 9.337779e-16 7.843707e-20 1.065753e-31 1.387818e-33
[1] 9.338200e-16 7.843696e-20 1.065757e-31 1.387805e-33
[1] 9.337658e-16 7.843741e-20 1.065752e-31 1.387719e-33
[1] 9.337729e-16 7.843759e-20 1.065753e-31 1.387695e-33
[1] 9.336688e-16 7.843826e-20 1.065744e-31 1.385837e-33
[1] 9.337781e-16 7.843778e-20 1.065753e-31 1.386458e-33
[1] 9.337909e-16 7.843778e-20 1.065754e-31 1.386492e-33
[1] 9.336695e-16 7.843865e-20 1.065744e-31 1.385776e-33
[1] 9.336496e-16 7.843888e-20 1.065742e-31 1.387992e-33
[1] 9.337710e-16 7.843807e-20 1.065753e-31 1.385666e-33
[1] 9.337849e-16 7.843805e-20 1.065754e-31 1.386044e-33
[1] 9.337831e-16 7.843804e-20 1.065754e-31 1.386484e-33
[1] 9.336033e-16 7.843945e-20 1.065738e-31 1.380132e-33
[1] 9.337319e-16 7.843837e-20 1.065750e-31 1.388018e-33
[1] 9.338014e-16 7.843809e-20 1.065756e-31 1.387529e-33
[1] 9.336446e-16 7.843969e-20 1.065741e-31 1.381926e-33
[1] 9.331117e-16 7.844686e-20 1.065688e-31 1.381234e-33
[1] 9.336844e-16 7.843954e-20 1.065745e-31 1.381890e-33
[1] 9.336950e-16 7.843955e-20 1.065745e-31 1.382158e-33
[1] 9.337934e-16 7.843881e-20 1.065754e-31 1.380333e-33
[1] 9.337956e-16 7.843892e-20 1.065754e-31 1.379989e-33
[1] 9.337956e-16 7.843878e-20 1.065754e-31 1.380354e-33
[1] 9.336422e-16 7.843985e-20 1.065741e-31 1.380977e-33
[1] 9.336114e-16 7.844019e-20 1.065738e-31 1.380472e-33
[1] 9.336283e-16 7.843998e-20 1.065740e-31 1.380535e-33
[1] 9.336206e-16 7.844017e-20 1.065739e-31 1.382242e-33
[1] 9.336799e-16 7.843970e-20 1.065744e-31 1.382150e-33
[1] 9.336150e-16 7.844024e-20 1.065738e-31 1.380643e-33
[1] 9.337402e-16 7.843915e-20 1.065750e-31 1.381063e-33
[1] 9.336405e-16 7.843986e-20 1.065741e-31 1.381656e-33
[1] 9.337302e-16 7.843935e-20 1.065749e-31 1.381489e-33
[1] 9.337501e-16 7.843906e-20 1.065751e-31 1.380236e-33
[1] 9.336585e-16 7.843983e-20 1.065742e-31 1.380134e-33
[1] 9.336508e-16 7.843988e-20 1.065742e-31 1.382184e-33
[1] 9.337339e-16 7.843925e-20 1.065749e-31 1.381916e-33
[1] 9.337434e-16 7.843911e-20 1.065750e-31 1.381145e-33
[1] 9.336456e-16 7.843991e-20 1.065741e-31 1.381462e-33
[1] 9.336051e-16 7.844020e-20 1.065738e-31 1.380860e-33
[1] 9.337960e-16 7.843893e-20 1.065754e-31 1.381470e-33
[1] 9.337525e-16 7.843920e-20 1.065751e-31 1.380005e-33
[1] 9.336929e-16 7.843955e-20 1.065745e-31 1.382144e-33
[1] 9.336192e-16 7.844014e-20 1.065739e-31 1.381410e-33
[1] 9.336418e-16 7.844003e-20 1.065741e-31 1.380042e-33
[1] 9.336116e-16 7.844022e-20 1.065738e-31 1.381300e-33
Algorithm did not converge after  500  iterations.
[1] 7.645740e-16 8.613179e-20 1.545577e-31 2.874307e-34
Algorithm converged after  6  iterations.
[1] 7.645740e-16 8.613179e-20 4.877789e-28 2.534480e-29
Algorithm converged after  9  iterations.
[1] 7.645740e-16 8.613179e-20 1.038406e-31 1.545577e-31
[1] 8.785699e-16 8.134324e-20 1.056425e-31 1.538611e-31
[1] 8.785758e-16 8.134313e-20 1.056464e-31 1.538573e-31
[1] 8.785831e-16 8.134302e-20 1.056502e-31 1.538535e-31
[1] 8.785897e-16 8.134291e-20 1.056541e-31 1.538497e-31
[1] 8.785963e-16 8.134280e-20 1.056580e-31 1.538459e-31
[1] 8.786029e-16 8.134269e-20 1.056618e-31 1.538421e-31
[1] 8.786093e-16 8.134258e-20 1.056657e-31 1.538383e-31
[1] 8.786159e-16 8.134246e-20 1.056695e-31 1.538345e-31
[1] 8.786229e-16 8.134235e-20 1.056734e-31 1.538307e-31
[1] 8.786295e-16 8.134224e-20 1.056773e-31 1.538269e-31
[1] 8.786342e-16 8.134211e-20 1.056811e-31 1.538230e-31
[1] 8.786425e-16 8.134202e-20 1.056850e-31 1.538193e-31
[1] 9.310939e-16 8.147243e-20 1.061456e-31 3.390701e-31
[1] 9.325523e-16 8.150636e-20 1.061686e-31 1.537317e-31
Algorithm converged after  143  iterations.
[1] 7.645740e-16 8.613179e-20 1.038406e-31 4.877789e-28
Algorithm converged after  6  iterations.
[1] 7.645740e-16 8.613179e-20 1.545577e-31 4.877789e-28
Algorithm converged after  7  iterations.
numeric(0)
Algorithm converged after  1  iterations.
[1] 6.971516e-23
Algorithm converged after  2  iterations.
[1] 3.370204e-24
Algorithm converged after  2  iterations.
[1] 3.870606e-18
Algorithm converged after  2  iterations.
[1] 6.971516e-23 4.370800e-26
Algorithm converged after  2  iterations.
[1] 3.370204e-24 2.072729e-25
Algorithm converged after  2  iterations.
[1] 3.870606e-18 3.104115e-23
Algorithm converged after  2  iterations.
[1] 6.971516e-23 3.370204e-24
Algorithm converged after  2  iterations.
[1] 6.971516e-23 3.870606e-18
Algorithm converged after  2  iterations.
[1] 3.370204e-24 3.870606e-18
Algorithm converged after  2  iterations.
[1] 6.971516e-23 4.370800e-26 3.370204e-24
Algorithm converged after  2  iterations.
[1] 6.971516e-23 4.370800e-26 3.870606e-18
Algorithm converged after  2  iterations.
[1] 6.971516e-23 3.370204e-24 2.072729e-25
Algorithm converged after  2  iterations.
[1] 6.971516e-23 3.870606e-18 3.104115e-23
Algorithm converged after  2  iterations.
[1] 3.370204e-24 2.072729e-25 3.870606e-18
Algorithm converged after  2  iterations.
[1] 3.370204e-24 3.870606e-18 3.104115e-23
Algorithm converged after  2  iterations.
[1] 6.971516e-23 3.370204e-24 3.870606e-18
Algorithm converged after  2  iterations.
[1] 6.971516e-23 4.370800e-26 3.370204e-24 2.072729e-25
Algorithm converged after  2  iterations.
[1] 6.971516e-23 4.370800e-26 3.870606e-18 3.104115e-23
Algorithm converged after  2  iterations.
[1] 3.370204e-24 2.072729e-25 3.870606e-18 3.104115e-23
Algorithm converged after  2  iterations.
[1] 6.971516e-23 4.370800e-26 3.370204e-24 3.870606e-18
Algorithm converged after  2  iterations.
[1] 6.971516e-23 3.370204e-24 2.072729e-25 3.870606e-18
Algorithm converged after  2  iterations.
[1] 6.971516e-23 3.370204e-24 3.870606e-18 3.104115e-23
Algorithm converged after  2  iterations.
[1] 1.759242e-16
Algorithm converged after  2  iterations.
[1] 1.759242e-16 3.127008e-24
Algorithm converged after  6  iterations.
[1] 1.759242e-16 3.214373e-24
Algorithm converged after  6  iterations.
[1] 1.759242e-16 9.953609e-23
Algorithm converged after  8  iterations.
[1] 1.759242e-16 3.127008e-24 3.348811e-54
[1] 3.490568e-16 3.422412e-24 4.121212e-49
Algorithm converged after  20  iterations.
[1] 1.759242e-16 3.214373e-24 5.310435e-29
Algorithm converged after  6  iterations.
[1] 1.759242e-16 9.953609e-23 2.905423e-30
Algorithm converged after  10  iterations.
[1] 1.759242e-16 3.127008e-24 3.214373e-24
Algorithm converged after  7  iterations.
[1] 1.759242e-16 3.127008e-24 9.953609e-23
Algorithm converged after  9  iterations.
[1] 1.759242e-16 3.214373e-24 9.953609e-23
Algorithm converged after  8  iterations.
[1] 1.759242e-16 3.127008e-24 3.348811e-54 3.214373e-24
[1] 4.749700e-16 3.600806e-24 7.321360e-32 3.592909e-24
[1] 4.350082e-16 3.546510e-24 7.270158e-32 3.549674e-24
[1] 4.162610e-16 3.523001e-24 7.266213e-32 3.530211e-24
[1] 4.302379e-16 3.542431e-24 4.727378e-63 3.545656e-24
[1] 4.755907e-16 3.604002e-24 7.343482e-32 3.594660e-24
Algorithm converged after  52  iterations.
[1] 1.759242e-16 3.127008e-24 3.348811e-54 9.953609e-23
[1] 8.054902e-16 3.989712e-24 7.449503e-32 1.274218e-22
[1] 8.609605e-16 4.048878e-24 2.744811e-34 1.293229e-22
[1] 8.497114e-16 4.035869e-24 7.440682e-32 1.289216e-22
[1] 8.046072e-16 3.989489e-24 7.440236e-32 1.274287e-22
[1] 8.523565e-16 4.040264e-24 4.168885e-48 1.290621e-22
[1] 8.590088e-16 4.047267e-24 8.810301e-49 1.292896e-22
[1] 7.953796e-16 3.979414e-24 7.426764e-32 1.271151e-22
[1] 8.610224e-16 4.049867e-24 7.518058e-32 1.293770e-22
[1] 7.939027e-16 3.978439e-24 7.441905e-32 1.270889e-22
[1] 8.587456e-16 4.047943e-24 7.472010e-32 1.293439e-22
[1] 8.583030e-16 4.047527e-24 8.333142e-36 1.293361e-22
[1] 7.983150e-16 3.984384e-24 7.450034e-32 1.273039e-22
[1] 8.565565e-16 4.046024e-24 6.872778e-34 1.292903e-22
[1] 8.589854e-16 4.048699e-24 9.519985e-54 1.293806e-22
[1] 7.549102e-16 3.937853e-24 9.020177e-49 1.258127e-22
[1] 8.591938e-16 4.049064e-24 7.484805e-32 1.293955e-22
[1] 8.550905e-16 4.045032e-24 7.501336e-32 1.292656e-22
[1] 8.590810e-16 4.048809e-24 4.911419e-61 1.293955e-22
[1] 8.536219e-16 4.043570e-24 1.915323e-34 1.292298e-22
[1] 8.002884e-16 3.987727e-24 7.462039e-32 1.274566e-22
[1] 8.531033e-16 4.044382e-24 1.232194e-34 1.292883e-22
[1] 8.525303e-16 4.043829e-24 7.470104e-32 1.292751e-22
[1] 8.583327e-16 4.049843e-24 7.658851e-53 1.294734e-22
[1] 7.928757e-16 3.981169e-24 7.462287e-32 1.272617e-22
[1] 8.567150e-16 4.048635e-24 7.487177e-32 1.294397e-22
[1] 7.993453e-16 3.987645e-24 1.662434e-63 1.274846e-22
[1] 8.433224e-16 4.034801e-24 7.442267e-32 1.290101e-22
Algorithm converged after  277  iterations.
[1] 1.759242e-16 3.127008e-24 3.214373e-24 5.310435e-29
Algorithm converged after  7  iterations.
[1] 1.759242e-16 3.127008e-24 9.953609e-23 2.905423e-30
Algorithm converged after  10  iterations.
[1] 1.759242e-16 3.214373e-24 5.310435e-29 9.953609e-23
Algorithm converged after  9  iterations.
[1] 1.759242e-16 3.214373e-24 9.953609e-23 2.905423e-30
Algorithm converged after  9  iterations.
[1] 1.759242e-16 3.127008e-24 3.214373e-24 9.953609e-23
Algorithm converged after  8  iterations.
[1] 1.759242e-16 1.279944e-19
Algorithm converged after  2  iterations.
[1] 1.759242e-16 1.279944e-19 9.078899e-32
Algorithm converged after  5  iterations.
[1] 1.759242e-16 1.279944e-19 5.517469e-29
Algorithm converged after  4  iterations.
[1] 1.759242e-16 1.279944e-19 4.515304e-28
Algorithm converged after  6  iterations.
[1] 1.759242e-16 1.279944e-19 9.078899e-32 1.617574e-33
Algorithm converged after  5  iterations.
[1] 1.759242e-16 1.279944e-19 5.517469e-29 1.416890e-50
[1] 1.482876e-16 1.222486e-19 5.540484e-29 1.332079e-33
Algorithm converged after  11  iterations.
[1] 1.759242e-16 1.279944e-19 4.515304e-28 6.311180e-30
Algorithm converged after  9  iterations.
[1] 1.759242e-16 1.279944e-19 9.078899e-32 5.517469e-29
Algorithm converged after  5  iterations.
[1] 1.759242e-16 1.279944e-19 9.078899e-32 4.515304e-28
Algorithm converged after  6  iterations.
[1] 1.759242e-16 1.279944e-19 5.517469e-29 4.515304e-28
Algorithm converged after  6  iterations.
numeric(0)
Algorithm converged after  1  iterations.
[1] 1.069768e-23
Algorithm converged after  2  iterations.
[1] 2.094058e-25
Algorithm converged after  2  iterations.
[1] 8.324502e-19
Algorithm converged after  2  iterations.
[1] 1.069768e-23 7.338682e-26
Algorithm converged after  2  iterations.
[1] 2.094058e-25 3.091970e-29
Algorithm converged after  2  iterations.
[1] 8.324502e-19 8.231891e-24
Algorithm converged after  2  iterations.
[1] 1.069768e-23 2.094058e-25
Algorithm converged after  2  iterations.
[1] 1.069768e-23 8.324502e-19
Algorithm converged after  2  iterations.
[1] 2.094058e-25 8.324502e-19
Algorithm converged after  2  iterations.
[1] 1.069768e-23 7.338682e-26 2.094058e-25
Algorithm converged after  2  iterations.
[1] 1.069768e-23 7.338682e-26 8.324502e-19
Algorithm converged after  2  iterations.
[1] 1.069768e-23 2.094058e-25 3.091970e-29
Algorithm converged after  2  iterations.
[1] 1.069768e-23 8.324502e-19 8.231891e-24
Algorithm converged after  2  iterations.
[1] 2.094058e-25 3.091970e-29 8.324502e-19
Algorithm converged after  2  iterations.
[1] 2.094058e-25 8.324502e-19 8.231891e-24
Algorithm converged after  2  iterations.
[1] 1.069768e-23 2.094058e-25 8.324502e-19
Algorithm converged after  2  iterations.
[1] 1.069768e-23 7.338682e-26 2.094058e-25 3.091970e-29
Algorithm converged after  2  iterations.
[1] 1.069768e-23 7.338682e-26 8.324502e-19 8.231891e-24
Algorithm converged after  2  iterations.
[1] 2.094058e-25 3.091970e-29 8.324502e-19 8.231891e-24
Algorithm converged after  2  iterations.
[1] 1.069768e-23 7.338682e-26 2.094058e-25 8.324502e-19
Algorithm converged after  2  iterations.
[1] 1.069768e-23 2.094058e-25 3.091970e-29 8.324502e-19
Algorithm converged after  2  iterations.
[1] 1.069768e-23 2.094058e-25 8.324502e-19 8.231891e-24
Algorithm converged after  2  iterations.
[1] 1.127474e-16
Algorithm converged after  2  iterations.
[1] 1.127474e-16 1.176553e-24
Algorithm converged after  6  iterations.
[1] 1.127474e-16 2.694926e-24
Algorithm converged after  6  iterations.
[1] 1.127474e-16 1.992443e-23
Algorithm converged after  7  iterations.
[1] 1.127474e-16 1.176553e-24 2.780085e-39
[1] 2.072412e-16 1.282122e-24 5.491585e-48
[1] 2.061999e-16 1.281222e-24 5.093833e-36
[1] 2.072110e-16 1.282467e-24 5.116504e-36
[1] 2.024959e-16 1.277449e-24 1.611673e-31
[1] 2.090775e-16 1.284635e-24 4.501499e-36
[1] 2.067934e-16 1.282572e-24 1.629256e-31
[1] 2.172251e-16 1.292893e-24 1.634893e-31
[1] 1.962959e-16 1.271995e-24 4.487270e-36
[1] 2.065186e-16 1.282753e-24 4.488813e-36
Algorithm converged after  94  iterations.
[1] 1.127474e-16 2.694926e-24 1.484908e-32
Algorithm converged after  5  iterations.
[1] 1.127474e-16 1.992443e-23 6.335412e-30
Algorithm converged after  8  iterations.
[1] 1.127474e-16 1.176553e-24 2.694926e-24
Algorithm converged after  7  iterations.
[1] 1.127474e-16 1.176553e-24 1.992443e-23
Algorithm converged after  8  iterations.
[1] 1.127474e-16 2.694926e-24 1.992443e-23
Algorithm converged after  8  iterations.
[1] 1.127474e-16 1.176553e-24 2.780085e-39 2.694926e-24
Algorithm converged after  8  iterations.
[1] 1.127474e-16 1.176553e-24 2.780085e-39 1.992443e-23
[1] 4.480644e-16 1.484967e-24 4.562378e-36 2.425347e-23
[1] 4.426635e-16 1.481183e-24 5.472917e-36 2.420140e-23
[1] 4.469251e-16 1.484300e-24 4.563598e-36 2.424503e-23
[1] 4.506669e-16 1.487083e-24 1.680897e-31 2.428359e-23
[1] 4.350970e-16 1.475700e-24 1.675949e-31 2.412682e-23
[1] 4.218189e-16 1.465500e-24 1.665002e-31 2.398707e-23
[1] 4.500937e-16 1.486806e-24 1.680600e-31 2.428209e-23
[1] 4.463326e-16 1.484038e-24 4.562972e-36 2.424475e-23
[1] 4.024233e-16 1.451275e-24 1.665950e-31 2.379023e-23
[1] 4.517908e-16 1.487803e-24 1.661256e-31 2.430041e-23
[1] 4.419122e-16 1.481162e-24 4.561192e-36 2.420828e-23
[1] 4.502138e-16 1.487285e-24 1.120221e-47 2.429333e-23
[1] 4.132399e-16 1.459342e-24 1.658035e-31 2.390902e-23
[1] 4.365105e-16 1.477370e-24 1.675995e-31 2.415877e-23
[1] 4.360458e-16 1.477044e-24 1.675190e-31 2.415485e-23
[1] 4.023323e-16 1.451504e-24 1.659494e-31 2.380161e-23
[1] 4.196480e-16 1.464584e-24 1.664115e-31 2.398382e-23
[1] 4.506541e-16 1.487903e-24 7.635034e-51 2.430687e-23
[1] 4.366125e-16 1.477619e-24 1.675942e-31 2.416498e-23
[1] 4.353205e-16 1.476682e-24 4.560102e-36 2.415199e-23
[1] 4.500845e-16 1.487568e-24 2.683476e-54 2.430324e-23
[1] 4.427604e-16 1.482228e-24 4.562743e-36 2.423004e-23
[1] 4.427983e-16 1.482285e-24 5.408342e-51 2.423123e-23
[1] 4.391473e-16 1.479359e-24 1.668133e-31 2.419395e-23
[1] 4.501705e-16 1.487934e-24 3.434830e-55 2.431239e-23
[1] 4.358659e-16 1.477421e-24 1.674647e-31 2.416752e-23
[1] 4.479931e-16 1.486320e-24 1.855725e-38 2.429261e-23
[1] 4.506870e-16 1.488486e-24 4.564988e-36 2.432271e-23
[1] 4.199696e-16 1.465471e-24 1.664461e-31 2.400500e-23
[1] 4.366288e-16 1.478246e-24 1.484293e-54 2.418220e-23
[1] 4.424053e-16 1.482556e-24 1.676780e-31 2.424297e-23
[1] 4.366397e-16 1.478373e-24 1.675635e-31 2.418606e-23
[1] 4.501906e-16 1.488378e-24 1.853977e-38 2.432495e-23
[1] 4.364440e-16 1.478284e-24 4.560500e-36 2.418555e-23
[1] 4.414557e-16 1.482008e-24 5.473721e-36 2.423721e-23
[1] 4.362447e-16 1.478191e-24 5.462742e-36 2.418516e-23
[1] 4.507962e-16 1.488908e-24 5.487421e-36 2.433380e-23
[1] 4.475623e-16 1.486540e-24 1.671501e-31 2.430349e-23
[1] 4.362662e-16 1.478432e-24 5.462925e-36 2.419138e-23
[1] 4.481445e-16 1.487104e-24 4.562647e-36 2.431290e-23
[1] 4.507283e-16 1.489189e-24 4.565047e-36 2.434259e-23
[1] 4.464765e-16 1.486042e-24 4.563234e-36 2.429944e-23
[1] 4.416258e-16 1.482629e-24 1.300558e-34 2.425293e-23
[1] 4.128894e-16 1.460635e-24 1.657458e-31 2.394930e-23
[1] 4.364565e-16 1.478891e-24 4.560641e-36 2.420217e-23
[1] 4.229298e-16 1.468524e-24 1.664702e-31 2.405979e-23
[1] 4.501084e-16 1.489045e-24 1.853179e-38 2.434505e-23
[1] 4.464794e-16 1.486403e-24 5.478693e-36 2.430958e-23
[1] 4.464779e-16 1.486481e-24 1.887857e-47 2.431195e-23
Algorithm did not converge after  500  iterations.
[1] 1.127474e-16 1.176553e-24 2.694926e-24 1.484908e-32
Algorithm converged after  7  iterations.
[1] 1.127474e-16 1.176553e-24 1.992443e-23 6.335412e-30
Algorithm converged after  9  iterations.
[1] 1.127474e-16 2.694926e-24 1.484908e-32 1.992443e-23
[1] 3.221458e-16 3.037656e-24 3.736919e-51 2.289181e-23
[1] 3.265002e-16 3.043798e-24 1.081985e-66 2.294839e-23
[1] 3.580957e-16 3.085904e-24 3.825166e-29 2.331238e-23
Algorithm converged after  33  iterations.
[1] 1.127474e-16 2.694926e-24 1.992443e-23 6.335412e-30
Algorithm converged after  8  iterations.
[1] 1.127474e-16 1.176553e-24 2.694926e-24 1.992443e-23
Algorithm converged after  7  iterations.
[1] 1.127474e-16 5.985346e-20
Algorithm converged after  2  iterations.
[1] 1.127474e-16 5.985346e-20 2.084476e-31
Algorithm converged after  5  iterations.
[1] 1.127474e-16 5.985346e-20 3.849321e-29
Algorithm converged after  4  iterations.
[1] 1.127474e-16 5.985346e-20 4.589715e-28
Algorithm converged after  6  iterations.
[1] 1.127474e-16 5.985346e-20 2.084476e-31 2.838870e-34
Algorithm converged after  5  iterations.
[1] 1.127474e-16 5.985346e-20 3.849321e-29 1.344257e-32
Algorithm converged after  7  iterations.
[1] 1.127474e-16 5.985346e-20 4.589715e-28 1.331339e-29
Algorithm converged after  8  iterations.
[1] 1.127474e-16 5.985346e-20 2.084476e-31 3.849321e-29
Algorithm converged after  5  iterations.
[1] 1.127474e-16 5.985346e-20 2.084476e-31 4.589715e-28
Algorithm converged after  6  iterations.
[1] 1.127474e-16 5.985346e-20 3.849321e-29 4.589715e-28
Algorithm converged after  6  iterations.
numeric(0)
Algorithm converged after  1  iterations.
[1] 2.725554e-23
Algorithm converged after  2  iterations.
[1] 1.04935e-25
Algorithm converged after  2  iterations.
[1] 1.338918e-18
Algorithm converged after  2  iterations.
[1] 2.725554e-23 2.369629e-26
Algorithm converged after  2  iterations.
[1] 1.049350e-25 2.626347e-31
Algorithm converged after  2  iterations.
[1] 1.338918e-18 1.488979e-23
Algorithm converged after  2  iterations.
[1] 2.725554e-23 1.049350e-25
Algorithm converged after  2  iterations.
[1] 2.725554e-23 1.338918e-18
Algorithm converged after  2  iterations.
[1] 1.049350e-25 1.338918e-18
Algorithm converged after  2  iterations.
[1] 2.725554e-23 2.369629e-26 1.049350e-25
Algorithm converged after  2  iterations.
[1] 2.725554e-23 2.369629e-26 1.338918e-18
Algorithm converged after  2  iterations.
[1] 2.725554e-23 1.049350e-25 2.626347e-31
Algorithm converged after  2  iterations.
[1] 2.725554e-23 1.338918e-18 1.488979e-23
Algorithm converged after  2  iterations.
[1] 1.049350e-25 2.626347e-31 1.338918e-18
Algorithm converged after  2  iterations.
[1] 1.049350e-25 1.338918e-18 1.488979e-23
Algorithm converged after  2  iterations.
[1] 2.725554e-23 1.049350e-25 1.338918e-18
Algorithm converged after  2  iterations.
[1] 2.725554e-23 2.369629e-26 1.049350e-25 2.626347e-31
Algorithm converged after  2  iterations.
[1] 2.725554e-23 2.369629e-26 1.338918e-18 1.488979e-23
Algorithm converged after  2  iterations.
[1] 1.049350e-25 2.626347e-31 1.338918e-18 1.488979e-23
Algorithm converged after  2  iterations.
[1] 2.725554e-23 2.369629e-26 1.049350e-25 1.338918e-18
Algorithm converged after  2  iterations.
[1] 2.725554e-23 1.049350e-25 2.626347e-31 1.338918e-18
Algorithm converged after  2  iterations.
[1] 2.725554e-23 1.049350e-25 1.338918e-18 1.488979e-23
Algorithm converged after  2  iterations.
[1] 4.629648e-17
Algorithm converged after  2  iterations.
[1] 4.629648e-17 4.702633e-26
Algorithm converged after  6  iterations.
[1] 4.629648e-17 1.188537e-25
Algorithm converged after  5  iterations.
[1] 4.629648e-17 1.267482e-20
[1] 3.630296e-16 2.297912e-20
Algorithm converged after  12  iterations.
[1] 4.629648e-17 4.702633e-26 6.053405e-32
Algorithm converged after  10  iterations.
[1] 4.629648e-17 1.188537e-25 3.158276e-31
Algorithm converged after  5  iterations.
[1] 4.629648e-17 1.267482e-20 2.917916e-33
[1] 3.618145e-16 2.293664e-20 7.472280e-30
Algorithm converged after  20  iterations.
[1] 4.629648e-17 4.702633e-26 1.188537e-25
Algorithm converged after  5  iterations.
[1] 4.629648e-17 4.702633e-26 1.267482e-20
[1] 4.827576e-16 5.846807e-26 2.610776e-20
Algorithm converged after  12  iterations.
[1] 4.629648e-17 1.188537e-25 1.267482e-20
[1] 4.167578e-16 1.246701e-25 2.460929e-20
Algorithm converged after  12  iterations.
[1] 4.629648e-17 4.702633e-26 6.053405e-32 1.188537e-25
[1] 1.078219e-16 4.963934e-26 6.082824e-32 1.203739e-25
Algorithm converged after  13  iterations.
[1] 4.629648e-17 4.702633e-26 6.053405e-32 1.267482e-20
[1] 5.372977e-16 5.957959e-26 6.670746e-32 2.753899e-20
Algorithm converged after  13  iterations.
[1] 4.629648e-17 4.702633e-26 1.188537e-25 3.158276e-31
Algorithm converged after  6  iterations.
[1] 4.629648e-17 4.702633e-26 1.267482e-20 2.917916e-33
[1] 4.837052e-16 5.851217e-26 2.615398e-20 7.292059e-30
Algorithm converged after  12  iterations.
[1] 4.629648e-17 1.188537e-25 3.158276e-31 1.267482e-20
[1] 4.198654e-16 1.247071e-25 3.457619e-31 2.468697e-20
Algorithm converged after  12  iterations.
[1] 4.629648e-17 1.188537e-25 1.267482e-20 2.917916e-33
[1] 3.951968e-16 1.244451e-25 2.408072e-20 4.467292e-29
Algorithm converged after  12  iterations.
[1] 4.629648e-17 4.702633e-26 1.188537e-25 1.267482e-20
[1] 5.472879e-16 5.980714e-26 1.259826e-25 2.777742e-20
Algorithm converged after  13  iterations.
[1] 4.629648e-17 6.256976e-20
Algorithm converged after  2  iterations.
[1] 4.629648e-17 6.256976e-20 7.035898e-32
[1] 4.506994e-20 5.242140e-27 2.596346e-23
Algorithm converged after  11  iterations.
[1] 4.629648e-17 6.256976e-20 8.436788e-29
Algorithm converged after  8  iterations.
[1] 4.629648e-17 6.256976e-20 4.630646e-28
[1] 4.861575e-20 5.382490e-26 2.139269e-17
[1] 4.860063e-20 5.376001e-26 2.140976e-17
Algorithm converged after  26  iterations.
[1] 4.629648e-17 6.256976e-20 7.035898e-32 5.944578e-33
[1] 4.547385e-20 7.860322e-27 2.838351e-23 2.008165e-32
[1] 4.804607e-20 7.687545e-27 5.721734e-23 5.702647e-33
[1] 4.542207e-20 5.983650e-27 2.570454e-23 1.680689e-32
[1] 4.569130e-20 1.837442e-25 6.109817e-23 2.625820e-35
[1] 4.574471e-20 5.702062e-27 2.562766e-23 1.702441e-32
[1] 4.481645e-20 7.844396e-25 5.548096e-23 2.145821e-53
[1] 4.810830e-20 8.529243e-27 6.003477e-23 2.679358e-33
[1] 4.574495e-20 6.667498e-31 2.799263e-23 5.874899e-32
Algorithm converged after  88  iterations.
[1] 4.629648e-17 6.256976e-20 8.436788e-29 4.087700e-32
[1] 4.973327e-20 1.444954e-24 1.638278e-23 4.437190e-46
[1] 4.749698e-20 1.490556e-24 1.607131e-23 3.325251e-38
[1] 4.783538e-20 1.529411e-24 1.614383e-23 2.441001e-39
[1] 4.809709e-20 1.518101e-24 1.618585e-23 1.247223e-49
[1] 4.980003e-20 1.464397e-24 1.639255e-23 1.017006e-58
[1] 4.745194e-20 1.482649e-24 1.601252e-23 1.824239e-52
[1] 4.754072e-20 1.501541e-24 1.608352e-23 8.111306e-54
[1] 4.873074e-20 1.310409e-24 1.609563e-23 1.037154e-38
[1] 5.238586e-20 1.573972e-24 1.680938e-23 1.380443e-33
[1] 4.744860e-20 1.482472e-24 1.601227e-23 3.686119e-49
[1] 4.863802e-20 1.606747e-24 1.631811e-23 4.339545e-46
[1] 4.872632e-20 1.308365e-24 1.609054e-23 1.519389e-38
[1] 4.877807e-20 1.327248e-24 1.614561e-23 5.093354e-47
[1] 4.806010e-20 1.515125e-24 1.617635e-23 1.752524e-33
[1] 4.761904e-20 1.505705e-24 1.608512e-23 1.744401e-33
[1] 4.749147e-20 1.500515e-24 1.607458e-23 3.206812e-50
[1] 4.932013e-20 1.594919e-24 1.644662e-23 1.773020e-33
[1] 4.974596e-20 1.460113e-24 1.638429e-23 5.254913e-50
[1] 4.886969e-20 1.315460e-24 1.610479e-23 3.365768e-38
[1] 4.805998e-20 1.517003e-24 1.617808e-23 3.746759e-53
[1] 4.770136e-20 1.552714e-24 1.614655e-23 3.530926e-38
[1] 4.836597e-20 1.317697e-24 1.609422e-23 6.668583e-33
[1] 4.618011e-20 2.097057e-24 1.646172e-23 9.330208e-39
[1] 4.940497e-20 1.598237e-24 1.646640e-23 1.387804e-31
[1] 4.979995e-20 1.476475e-24 1.639805e-23 5.591482e-33
[1] 4.784169e-20 1.521828e-24 1.613047e-23 4.337365e-46
[1] 4.869631e-20 1.324254e-24 1.611221e-23 6.514047e-33
[1] 4.976457e-20 1.470357e-24 1.639715e-23 1.603357e-53
[1] 4.781473e-20 1.540121e-24 1.614433e-23 7.114483e-39
[1] 4.784570e-20 1.542556e-24 1.615666e-23 5.039740e-33
[1] 4.749966e-20 1.505270e-24 1.608279e-23 1.524351e-38
[1] 4.769316e-20 1.527851e-24 1.615586e-23 5.200060e-48
[1] 4.748785e-20 1.503357e-24 1.608118e-23 1.358580e-31
[1] 4.751304e-20 1.590690e-24 1.613287e-23 3.543451e-38
[1] 4.814351e-20 1.541190e-24 1.620603e-23 1.638949e-39
[1] 4.627468e-20 2.063387e-24 1.644400e-23 3.266937e-38
[1] 5.236140e-20 1.592899e-24 1.681982e-23 3.343822e-39
[1] 4.964099e-20 1.473878e-24 1.637279e-23 1.380146e-33
[1] 4.624525e-20 2.063156e-24 1.643333e-23 3.511973e-33
[1] 4.749814e-20 1.510399e-24 1.608700e-23 1.051128e-64
[1] 4.972635e-20 1.472654e-24 1.639000e-23 1.362498e-33
[1] 4.805217e-20 1.530256e-24 1.618585e-23 7.971865e-54
[1] 4.811651e-20 1.538961e-24 1.620389e-23 3.073932e-39
[1] 4.809965e-20 1.536635e-24 1.619549e-23 1.245903e-49
[1] 5.241457e-20 1.594250e-24 1.682987e-23 3.358551e-38
[1] 4.750334e-20 1.514578e-24 1.608954e-23 4.345128e-46
[1] 4.785441e-20 1.548926e-24 1.615808e-23 1.458341e-64
[1] 4.783437e-20 1.553403e-24 1.616254e-23 1.343678e-33
[1] 4.759562e-20 1.530540e-24 1.611067e-23 3.516991e-38
Algorithm did not converge after  500  iterations.
[1] 4.629648e-17 6.256976e-20 4.630646e-28 7.824252e-30
[1] 4.743218e-20 4.240261e-28 2.733065e-18 6.484866e-30
[1] 4.623483e-20 4.680911e-25 4.632766e-18 9.157075e-32
[1] 4.833501e-20 8.032829e-27 3.993120e-18 4.264925e-28
[1] 4.743444e-20 4.240541e-28 2.736376e-18 6.485332e-30
[1] 4.624401e-20 4.683365e-25 4.631500e-18 9.168456e-32
[1] 4.818493e-20 8.991192e-27 4.001845e-18 4.238137e-28
[1] 4.739015e-20 4.206443e-28 2.710655e-18 6.374100e-30
[1] 4.624448e-20 4.680618e-25 4.636049e-18 9.578633e-32
[1] 4.801825e-20 9.943552e-27 4.010351e-18 4.212434e-28
[1] 4.744207e-20 4.241071e-28 2.744052e-18 6.490976e-30
[1] 4.624886e-20 4.680185e-25 4.638093e-18 1.014669e-31
[1] 4.624088e-20 4.674627e-25 4.644928e-18 9.338640e-32
[1] 4.824748e-20 8.641376e-27 4.007119e-18 4.246519e-28
[1] 4.548604e-20 1.378402e-26 4.003712e-18 4.185722e-28
[1] 4.745020e-20 4.242398e-28 2.751214e-18 6.499161e-30
[1] 4.745621e-20 4.245318e-28 2.754602e-18 6.509855e-30
[1] 4.625303e-20 4.676798e-25 4.644760e-18 9.672397e-32
[1] 4.830546e-20 8.299742e-27 4.010210e-18 4.255227e-28
[1] 4.745426e-20 4.242118e-28 2.755731e-18 6.500658e-30
[1] 4.625510e-20 4.674913e-25 4.648454e-18 9.323510e-32
[1] 4.812279e-20 9.392810e-27 4.019545e-18 4.225029e-28
[1] 4.745774e-20 4.242225e-28 2.759522e-18 6.502673e-30
[1] 4.625167e-20 4.669974e-25 4.655907e-18 8.993148e-32
[1] 4.820116e-20 8.974603e-27 4.020711e-18 4.235813e-28
[1] 4.626146e-20 4.673071e-25 4.653260e-18 9.207801e-32
[1] 4.835636e-20 8.016831e-27 4.017485e-18 1.622300e-58
[1] 4.804161e-20 9.918363e-27 4.029162e-18 4.210140e-28
[1] 4.507170e-20 4.329649e-25 4.023084e-18 1.050913e-31
[1] 4.626258e-20 4.669669e-25 4.659296e-18 9.456541e-32
[1] 4.803391e-20 9.935058e-27 4.032646e-18 4.209333e-28
[1] 4.745832e-20 4.236199e-28 2.765965e-18 6.486497e-30
[1] 4.626265e-20 4.666650e-25 4.664520e-18 9.250639e-32
[1] 4.823756e-20 8.809916e-27 4.029861e-18 4.238887e-28
[1] 4.746190e-20 4.236329e-28 2.769826e-18 6.488477e-30
[1] 4.627164e-20 4.668445e-25 4.663685e-18 9.230775e-32
[1] 4.806990e-20 9.800318e-27 4.038646e-18 4.211795e-28
[1] 4.747678e-20 4.241213e-28 2.778719e-18 6.512361e-30
[1] 4.627595e-20 4.667843e-25 4.666288e-18 9.152667e-32
[1] 4.818465e-20 9.131499e-27 4.038430e-18 4.229068e-28
[1] 4.838453e-20 7.920512e-27 4.032893e-18 4.262627e-28
[1] 4.824160e-20 8.878298e-27 4.032154e-18 4.236336e-28
[1] 4.744943e-20 4.222517e-28 2.767779e-18 6.444853e-30
[1] 4.630693e-20 4.682566e-25 4.654300e-18 9.152593e-32
[1] 4.810910e-20 9.605135e-27 4.046621e-18 4.215697e-28
[1] 4.839380e-20 7.881073e-27 4.027838e-18 4.266577e-28
[1] 4.747707e-20 4.236424e-28 2.785409e-18 6.497135e-30
[1] 4.628250e-20 4.659449e-25 4.681531e-18 9.286469e-32
[1] 4.813434e-20 9.464286e-27 4.052523e-18 4.218409e-28
[1] 4.747344e-20 4.230467e-28 2.787044e-18 6.479021e-30
Algorithm did not converge after  500  iterations.
[1] 4.629648e-17 6.256976e-20 7.035898e-32 8.436788e-29
[1] 4.938076e-20 5.826671e-27 3.864812e-23 1.417479e-23
[1] 4.933006e-20 5.151939e-27 3.975937e-23 1.439969e-23
[1] 4.946491e-20 6.448327e-27 3.215511e-23 1.373873e-23
Algorithm converged after  32  iterations.
[1] 4.629648e-17 6.256976e-20 7.035898e-32 4.630646e-28
[1] 4.611423e-20 5.449794e-28 1.088530e-23 2.040977e-18
[1] 4.619993e-20 5.458448e-28 1.102885e-23 2.202844e-18
[1] 4.620223e-20 5.458374e-28 1.103387e-23 2.206892e-18
Algorithm converged after  39  iterations.
[1] 4.629648e-17 6.256976e-20 8.436788e-29 4.630646e-28
[1] 4.905852e-20 6.471458e-28 6.830372e-24 5.580053e-18
Algorithm converged after  19  iterations.
numeric(0)
Algorithm converged after  1  iterations.
[1] 1.104597e-23
Algorithm converged after  2  iterations.
[1] 1.382966e-23
Algorithm converged after  2  iterations.
[1] 5.794068e-18
Algorithm converged after  2  iterations.
[1] 1.104597e-23 9.453967e-27
Algorithm converged after  2  iterations.
[1] 1.382966e-23 1.669116e-25
Algorithm converged after  2  iterations.
[1] 5.794068e-18 1.944578e-23
Algorithm converged after  2  iterations.
[1] 1.104597e-23 1.382966e-23
Algorithm converged after  2  iterations.
[1] 1.104597e-23 5.794068e-18
Algorithm converged after  2  iterations.
[1] 1.382966e-23 5.794068e-18
Algorithm converged after  2  iterations.
[1] 1.104597e-23 9.453967e-27 1.382966e-23
Algorithm converged after  2  iterations.
[1] 1.104597e-23 9.453967e-27 5.794068e-18
Algorithm converged after  2  iterations.
[1] 1.104597e-23 1.382966e-23 1.669116e-25
Algorithm converged after  2  iterations.
[1] 1.104597e-23 5.794068e-18 1.944578e-23
Algorithm converged after  2  iterations.
[1] 1.382966e-23 1.669116e-25 5.794068e-18
Algorithm converged after  2  iterations.
[1] 1.382966e-23 5.794068e-18 1.944578e-23
Algorithm converged after  2  iterations.
[1] 1.104597e-23 1.382966e-23 5.794068e-18
Algorithm converged after  2  iterations.
[1] 1.104597e-23 9.453967e-27 1.382966e-23 1.669116e-25
Algorithm converged after  2  iterations.
[1] 1.104597e-23 9.453967e-27 5.794068e-18 1.944578e-23
Algorithm converged after  2  iterations.
[1] 1.382966e-23 1.669116e-25 5.794068e-18 1.944578e-23
Algorithm converged after  2  iterations.
[1] 1.104597e-23 9.453967e-27 1.382966e-23 5.794068e-18
Algorithm converged after  2  iterations.
[1] 1.104597e-23 1.382966e-23 1.669116e-25 5.794068e-18
Algorithm converged after  2  iterations.
[1] 1.104597e-23 1.382966e-23 5.794068e-18 1.944578e-23
Algorithm converged after  2  iterations.
[1] 2.691345e-16
Algorithm converged after  2  iterations.
[1] 2.691345e-16 3.878647e-25
Algorithm converged after  6  iterations.
[1] 2.691345e-16 1.179580e-24
Algorithm converged after  6  iterations.
[1] 2.691345e-16 2.414457e-23
Algorithm converged after  6  iterations.
[1] 2.691345e-16 3.878647e-25 7.852797e-35
Algorithm converged after  6  iterations.
[1] 2.691345e-16 1.179580e-24 1.186455e-32
[1] 2.877838e-16 1.189186e-24 4.424619e-29
[1] 2.876497e-16 1.189278e-24 6.422486e-58
[1] 2.864855e-16 1.188828e-24 1.195333e-32
[1] 3.270009e-16 1.207808e-24 1.152204e-32
[1] 3.579273e-16 1.221861e-24 1.446281e-38
[1] 3.482261e-16 1.217656e-24 2.238405e-55
[1] 3.575427e-16 1.221908e-24 1.136383e-32
Algorithm converged after  79  iterations.
[1] 2.691345e-16 2.414457e-23 9.411521e-33
[1] 5.225232e-16 2.550165e-23 5.301117e-32
[1] 5.333690e-16 2.555233e-23 1.311863e-31
[1] 4.233354e-16 2.502359e-23 1.209520e-29
Algorithm converged after  33  iterations.
[1] 2.691345e-16 3.878647e-25 1.179580e-24
Algorithm converged after  7  iterations.
[1] 2.691345e-16 3.878647e-25 2.414457e-23
Algorithm converged after  6  iterations.
[1] 2.691345e-16 1.179580e-24 2.414457e-23
Algorithm converged after  6  iterations.
[1] 2.691345e-16 3.878647e-25 7.852797e-35 1.179580e-24
Algorithm converged after  7  iterations.
[1] 2.691345e-16 3.878647e-25 7.852797e-35 2.414457e-23
Algorithm converged after  7  iterations.
[1] 2.691345e-16 3.878647e-25 1.179580e-24 1.186455e-32
[1] 4.908443e-16 4.325448e-25 1.276477e-24 2.458970e-46
[1] 4.932116e-16 4.329818e-25 1.277404e-24 8.467441e-43
Algorithm converged after  24  iterations.
[1] 2.691345e-16 3.878647e-25 2.414457e-23 9.411521e-33
[1] 5.254748e-16 4.387383e-25 2.551462e-23 5.267278e-30
[1] 5.191032e-16 4.376983e-25 2.548619e-23 1.035980e-52
[1] 6.755276e-16 4.639759e-25 2.617835e-23 5.610071e-30
[1] 7.156076e-16 4.699758e-25 2.632925e-23 5.208719e-30
[1] 5.287011e-16 4.396589e-25 2.553447e-23 1.196654e-31
[1] 5.321071e-16 4.402698e-25 2.554963e-23 1.117451e-31
[1] 6.723890e-16 4.637586e-25 2.616659e-23 1.634724e-53
[1] 5.271824e-16 4.395016e-25 2.552711e-23 1.964902e-37
[1] 5.647787e-16 4.462498e-25 2.570469e-23 2.602549e-50
[1] 5.898874e-16 4.504948e-25 2.581423e-23 5.364111e-30
[1] 6.749464e-16 4.645764e-25 2.618242e-23 4.700649e-38
[1] 5.289073e-16 4.401520e-25 2.553886e-23 1.958765e-32
[1] 5.255191e-16 4.396293e-25 2.552464e-23 7.457575e-53
[1] 5.774790e-16 4.486041e-25 2.576061e-23 1.197564e-47
[1] 5.281063e-16 4.403315e-25 2.553909e-23 1.678534e-33
[1] 5.165296e-16 4.384483e-25 2.548764e-23 1.440935e-68
[1] 5.275669e-16 4.404433e-25 2.553955e-23 1.207022e-29
[1] 5.358437e-16 4.419223e-25 2.557830e-23 8.241760e-32
[1] 5.266379e-16 4.403434e-25 2.553616e-23 5.215050e-30
[1] 5.100512e-16 4.372690e-25 2.545305e-23 1.430004e-52
[1] 5.851205e-16 4.505820e-25 2.580666e-23 5.231753e-29
[1] 6.672925e-16 4.640632e-25 2.615756e-23 5.279070e-30
[1] 5.694921e-16 4.482013e-25 2.573989e-23 1.335608e-49
[1] 7.183394e-16 4.725276e-25 2.637442e-23 2.052652e-37
[1] 6.595306e-16 4.631495e-25 2.612597e-23 4.986259e-30
[1] 5.618107e-16 4.472849e-25 2.571066e-23 1.550941e-53
[1] 5.316106e-16 4.419356e-25 2.556818e-23 4.545908e-38
[1] 6.727401e-16 4.656657e-25 2.619141e-23 5.394072e-30
[1] 6.746705e-16 4.659727e-25 2.619749e-23 5.266456e-30
Algorithm converged after  294  iterations.
[1] 2.691345e-16 1.179580e-24 1.186455e-32 2.414457e-23
[1] 4.041153e-16 1.241489e-24 4.427120e-48 2.492119e-23
[1] 4.080714e-16 1.243395e-24 5.427833e-44 2.494541e-23
[1] 4.872861e-16 1.275289e-24 1.045979e-45 2.534158e-23
[1] 4.922506e-16 1.277261e-24 5.211058e-45 2.536618e-23
[1] 4.814451e-16 1.273097e-24 4.420946e-66 2.531471e-23
[1] 4.058960e-16 1.242818e-24 1.187128e-32 2.493805e-23
[1] 4.592378e-16 1.264474e-24 2.464695e-63 2.520773e-23
[1] 4.930045e-16 1.277732e-24 3.761789e-41 2.537175e-23
[1] 4.847867e-16 1.274427e-24 3.412093e-63 2.533141e-23
[1] 4.589437e-16 1.264450e-24 2.215362e-68 2.520763e-23
[1] 4.997392e-16 1.280307e-24 2.441029e-46 2.540405e-23
[1] 4.930487e-16 1.277875e-24 1.474222e-48 2.537381e-23
[1] 4.805459e-16 1.273057e-24 2.631780e-43 2.531435e-23
[1] 4.989441e-16 1.280056e-24 2.633381e-43 2.540151e-23
[1] 4.970479e-16 1.279520e-24 9.382370e-49 2.539447e-23
[1] 4.082046e-16 1.244129e-24 1.616149e-38 2.495464e-23
[1] 5.182286e-16 1.287695e-24 1.019958e-45 2.549543e-23
[1] 4.812566e-16 1.273588e-24 6.507976e-50 2.532080e-23
[1] 5.067574e-16 1.283618e-24 2.641278e-43 2.544472e-23
[1] 4.884714e-16 1.276613e-24 1.042371e-45 2.535817e-23
[1] 4.089742e-16 1.244790e-24 1.147085e-30 2.496247e-23
[1] 4.948287e-16 1.279264e-24 2.645699e-43 2.539103e-23
