myseed=1847 

Attaching package: ‘pls’

The following object is masked from ‘package:stats’:

    loadings

Loading required package: lattice
Loading required package: ggplot2
Registered S3 methods overwritten by 'ggplot2':
  method         from 
  [.quosures     rlang
  c.quosures     rlang
  print.quosures rlang

Attaching package: ‘caret’

The following object is masked from ‘package:pls’:

    R2

Loading required package: Matrix
Loading required package: foreach
Loaded glmnet 2.0-18

Parsed with column specification:
cols(
  .default = col_double()
)
See spec(...) for full column specifications.
Parsed with column specification:
cols(
  X1 = col_double()
)
Parsed with column specification:
cols(
  X1 = col_double()
)
numeric(0)
Algorithm converged after  1  iterations.
[1] 2.320502e-23
Algorithm converged after  2  iterations.
[1] 2.851936e-24
Algorithm converged after  2  iterations.
[1] 1.693784e-17
Algorithm converged after  2  iterations.
[1] 2.320502e-23 8.257221e-26
Algorithm converged after  2  iterations.
[1] 2.851936e-24 2.295804e-26
Algorithm converged after  2  iterations.
[1] 1.693784e-17 5.444193e-23
Algorithm converged after  2  iterations.
[1] 2.320502e-23 2.851936e-24
Algorithm converged after  2  iterations.
[1] 2.320502e-23 1.693784e-17
Algorithm converged after  2  iterations.
[1] 2.851936e-24 1.693784e-17
Algorithm converged after  2  iterations.
[1] 2.320502e-23 8.257221e-26 2.851936e-24
Algorithm converged after  2  iterations.
[1] 2.320502e-23 8.257221e-26 1.693784e-17
Algorithm converged after  2  iterations.
[1] 2.320502e-23 2.851936e-24 2.295804e-26
Algorithm converged after  2  iterations.
[1] 2.320502e-23 1.693784e-17 5.444193e-23
Algorithm converged after  2  iterations.
[1] 2.851936e-24 2.295804e-26 1.693784e-17
Algorithm converged after  2  iterations.
[1] 2.851936e-24 1.693784e-17 5.444193e-23
Algorithm converged after  2  iterations.
[1] 2.320502e-23 2.851936e-24 1.693784e-17
Algorithm converged after  2  iterations.
[1] 2.320502e-23 8.257221e-26 2.851936e-24 2.295804e-26
Algorithm converged after  2  iterations.
[1] 2.320502e-23 8.257221e-26 1.693784e-17 5.444193e-23
Algorithm converged after  2  iterations.
[1] 2.851936e-24 2.295804e-26 1.693784e-17 5.444193e-23
Algorithm converged after  2  iterations.
[1] 2.320502e-23 8.257221e-26 2.851936e-24 1.693784e-17
Algorithm converged after  2  iterations.
[1] 2.320502e-23 2.851936e-24 2.295804e-26 1.693784e-17
Algorithm converged after  2  iterations.
[1] 2.320502e-23 2.851936e-24 1.693784e-17 5.444193e-23
Algorithm converged after  2  iterations.
[1] 4.211709e-16
Algorithm converged after  2  iterations.
[1] 4.211709e-16 9.278268e-25
Algorithm converged after  6  iterations.
[1] 4.211709e-16 9.820748e-25
Algorithm converged after  6  iterations.
[1] 4.211709e-16 6.163179e-23
Algorithm converged after  5  iterations.
[1] 4.211709e-16 9.278268e-25 8.874555e-47
Algorithm converged after  7  iterations.
[1] 4.211709e-16 9.820748e-25 2.050469e-33
[1] 5.441483e-16 1.028171e-24 8.068628e-38
[1] 5.429490e-16 1.027885e-24 8.886377e-37
[1] 5.405367e-16 1.027050e-24 8.796644e-37
[1] 5.435652e-16 1.028046e-24 8.310371e-38
[1] 5.169036e-16 1.018569e-24 2.423427e-35
[1] 5.601093e-16 1.033941e-24 2.646374e-43
[1] 5.436269e-16 1.028152e-24 7.520377e-48
[1] 5.440777e-16 1.028331e-24 2.429307e-35
[1] 5.338544e-16 1.024820e-24 8.275517e-37
[1] 5.440782e-16 1.028374e-24 2.007018e-33
[1] 5.169308e-16 1.018725e-24 3.582144e-55
[1] 5.441364e-16 1.028451e-24 2.007097e-33
Algorithm converged after  125  iterations.
[1] 4.211709e-16 6.163179e-23 6.760438e-32
Algorithm converged after  7  iterations.
[1] 4.211709e-16 9.278268e-25 9.820748e-25
Algorithm converged after  7  iterations.
[1] 4.211709e-16 9.278268e-25 6.163179e-23
Algorithm converged after  6  iterations.
[1] 4.211709e-16 9.820748e-25 6.163179e-23
Algorithm converged after  6  iterations.
[1] 4.211709e-16 9.278268e-25 8.874555e-47 9.820748e-25
[1] 8.175340e-16 1.015734e-24 3.778661e-31 1.118276e-24
[1] 8.207049e-16 1.016436e-24 3.828203e-31 1.119322e-24
[1] 7.328080e-16 9.989603e-25 3.774070e-31 1.091999e-24
[1] 7.621999e-16 1.004907e-24 3.791496e-31 1.101277e-24
[1] 8.214481e-16 1.016592e-24 1.789621e-36 1.119559e-24
[1] 7.570839e-16 1.003943e-24 3.785644e-31 1.099737e-24
[1] 7.622004e-16 1.004975e-24 3.791472e-31 1.101343e-24
[1] 7.292686e-16 9.983240e-25 1.791654e-36 1.090962e-24
[1] 7.292717e-16 9.983327e-25 3.771658e-31 1.090972e-24
[1] 8.254815e-16 1.017481e-24 1.828666e-51 1.120894e-24
[1] 7.621526e-16 1.005053e-24 3.786744e-31 1.101417e-24
[1] 7.328071e-16 9.991494e-25 1.531335e-36 1.092186e-24
[1] 7.620898e-16 1.005103e-24 3.789622e-31 1.101454e-24
[1] 7.713630e-16 1.006929e-24 3.770265e-31 1.104328e-24
[1] 7.292585e-16 9.985114e-25 3.771587e-31 1.091140e-24
[1] 6.963469e-16 9.915453e-25 3.664381e-31 1.080403e-24
[1] 7.620499e-16 1.005277e-24 3.791059e-31 1.101610e-24
[1] 8.204785e-16 1.016869e-24 5.525083e-65 1.119711e-24
[1] 8.254401e-16 1.017855e-24 3.829482e-31 1.121243e-24
[1] 8.244730e-16 1.017641e-24 1.790003e-36 1.120924e-24
[1] 7.619868e-16 1.005364e-24 3.791087e-31 1.101690e-24
[1] 7.622157e-16 1.005345e-24 1.529448e-36 1.101703e-24
[1] 8.256299e-16 1.017945e-24 1.792897e-36 1.121356e-24
[1] 7.619820e-16 1.005419e-24 3.791062e-31 1.101746e-24
[1] 7.462274e-16 1.002176e-24 1.790086e-36 1.096729e-24
[1] 7.709973e-16 1.007201e-24 3.767826e-31 1.104549e-24
[1] 7.620368e-16 1.005499e-24 3.790864e-31 1.101834e-24
[1] 7.328324e-16 9.996039e-25 1.531553e-36 1.092630e-24
[1] 7.327868e-16 9.996243e-25 1.531109e-36 1.092648e-24
[1] 8.221859e-16 1.017671e-24 1.828218e-51 1.120677e-24
[1] 7.328221e-16 9.998875e-25 1.791653e-36 1.092881e-24
[1] 7.328206e-16 9.998997e-25 1.791739e-36 1.092894e-24
[1] 7.807351e-16 1.009461e-24 3.764806e-31 1.107875e-24
[1] 7.246380e-16 9.982050e-25 7.825855e-57 1.090265e-24
[1] 7.328267e-16 9.999712e-25 1.531159e-36 1.092962e-24
[1] 8.221729e-16 1.017802e-24 3.827591e-31 1.120805e-24
Algorithm converged after  365  iterations.
[1] 4.211709e-16 9.278268e-25 8.874555e-47 6.163179e-23
Algorithm converged after  8  iterations.
[1] 4.211709e-16 9.278268e-25 9.820748e-25 2.050469e-33
Algorithm converged after  7  iterations.
[1] 4.211709e-16 9.278268e-25 6.163179e-23 6.760438e-32
Algorithm converged after  8  iterations.
[1] 4.211709e-16 9.820748e-25 2.050469e-33 6.163179e-23
[1] 6.772062e-16 1.073743e-24 8.041176e-38 6.378459e-23
Algorithm converged after  12  iterations.
[1] 4.211709e-16 9.820748e-25 6.163179e-23 6.760438e-32
Algorithm converged after  7  iterations.
[1] 4.211709e-16 9.278268e-25 9.820748e-25 6.163179e-23
Algorithm converged after  7  iterations.
[1] 4.211709e-16 1.259224e-19
Algorithm converged after  2  iterations.
[1] 4.211709e-16 1.259224e-19 5.806812e-31
Algorithm converged after  5  iterations.
[1] 4.211709e-16 1.259224e-19 1.005083e-29
Algorithm converged after  4  iterations.
[1] 4.211709e-16 1.259224e-19 7.129122e-29
Algorithm converged after  5  iterations.
[1] 4.211709e-16 1.259224e-19 5.806812e-31 5.466385e-34
Algorithm converged after  5  iterations.
[1] 4.211709e-16 1.259224e-19 1.005083e-29 5.074432e-33
[1] 4.469742e-16 1.200946e-19 1.015600e-29 2.005279e-33
[1] 4.327253e-16 1.239459e-19 1.009411e-29 2.035222e-33
[1] 4.157089e-16 1.248646e-19 1.005955e-29 8.756650e-38
[1] 4.454555e-16 1.198015e-19 1.015479e-29 8.833961e-38
[1] 4.454408e-16 1.198110e-19 1.015505e-29 9.768179e-38
[1] 4.159062e-16 1.248363e-19 1.006053e-29 2.206970e-33
[1] 4.156857e-16 1.248625e-19 1.006022e-29 4.606735e-46
[1] 4.454663e-16 1.197907e-19 1.015604e-29 1.899364e-36
[1] 4.451887e-16 1.197556e-19 1.015457e-29 9.808500e-38
[1] 4.306250e-16 1.329161e-19 1.004125e-29 2.118094e-33
[1] 4.456101e-16 1.198104e-19 1.015769e-29 8.795974e-38
[1] 4.179386e-16 1.254749e-19 1.006416e-29 6.733334e-45
[1] 4.454879e-16 1.198056e-19 1.015690e-29 4.702295e-46
[1] 4.155042e-16 1.248858e-19 1.005962e-29 1.390156e-35
[1] 4.469793e-16 1.200857e-19 1.015868e-29 1.840253e-44
[1] 4.391449e-16 1.232120e-19 1.011089e-29 1.898990e-42
[1] 4.216241e-16 1.309189e-19 1.002853e-29 1.875632e-44
[1] 4.050305e-16 1.258099e-19 1.004513e-29 8.704841e-38
[1] 4.403809e-16 1.232648e-19 1.011621e-29 1.416756e-35
[1] 4.312685e-16 1.263233e-19 1.007975e-29 2.213236e-35
[1] 4.454462e-16 1.198008e-19 1.015830e-29 1.429378e-35
[1] 4.179113e-16 1.255034e-19 1.006609e-29 2.112982e-35
[1] 4.312676e-16 1.257734e-19 1.008877e-29 2.026974e-33
[1] 4.049809e-16 1.255104e-19 1.004721e-29 4.107252e-66
[1] 4.469740e-16 1.200513e-19 1.016117e-29 9.754793e-38
[1] 4.156938e-16 1.248580e-19 1.006311e-29 2.532587e-35
[1] 4.311579e-16 1.257917e-19 1.008905e-29 1.868307e-44
[1] 4.335035e-16 1.253407e-19 1.009385e-29 9.636182e-38
[1] 4.043775e-16 1.257712e-19 1.004221e-29 1.807290e-36
[1] 4.286703e-16 1.284036e-19 1.006481e-29 8.726718e-38
[1] 4.303374e-16 1.199586e-19 1.012148e-29 2.237234e-33
[1] 4.451365e-16 1.198216e-19 1.015939e-29 8.863114e-38
[1] 4.328520e-16 1.262273e-19 1.007668e-29 2.056670e-33
[1] 4.072239e-16 1.207422e-19 1.008193e-29 1.404641e-35
[1] 4.309729e-16 1.327243e-19 1.005165e-29 2.327162e-35
Algorithm converged after  357  iterations.
[1] 4.211709e-16 1.259224e-19 7.129122e-29 7.542024e-32
Algorithm converged after  9  iterations.
[1] 4.211709e-16 1.259224e-19 5.806812e-31 1.005083e-29
Algorithm converged after  5  iterations.
[1] 4.211709e-16 1.259224e-19 5.806812e-31 7.129122e-29
Algorithm converged after  5  iterations.
[1] 4.211709e-16 1.259224e-19 1.005083e-29 7.129122e-29
Algorithm converged after  5  iterations.
numeric(0)
Algorithm converged after  1  iterations.
[1] 2.782245e-26
Algorithm converged after  2  iterations.
[1] 1.685075e-26
Algorithm converged after  2  iterations.
[1] 1.33652e-17
Algorithm converged after  2  iterations.
[1] 2.782245e-26 2.253389e-31
Algorithm converged after  2  iterations.
[1] 1.685075e-26 2.002057e-29
Algorithm converged after  2  iterations.
[1] 1.336520e-17 2.475186e-23
Algorithm converged after  2  iterations.
[1] 2.782245e-26 1.685075e-26
Algorithm converged after  2  iterations.
[1] 2.782245e-26 1.336520e-17
Algorithm converged after  2  iterations.
[1] 1.685075e-26 1.336520e-17
Algorithm converged after  2  iterations.
[1] 2.782245e-26 2.253389e-31 1.685075e-26
Algorithm converged after  2  iterations.
[1] 2.782245e-26 2.253389e-31 1.336520e-17
Algorithm converged after  2  iterations.
[1] 2.782245e-26 1.685075e-26 2.002057e-29
Algorithm converged after  2  iterations.
[1] 2.782245e-26 1.336520e-17 2.475186e-23
Algorithm converged after  2  iterations.
[1] 1.685075e-26 2.002057e-29 1.336520e-17
Algorithm converged after  2  iterations.
[1] 1.685075e-26 1.336520e-17 2.475186e-23
Algorithm converged after  2  iterations.
[1] 2.782245e-26 1.685075e-26 1.336520e-17
Algorithm converged after  2  iterations.
[1] 2.782245e-26 2.253389e-31 1.685075e-26 2.002057e-29
Algorithm converged after  2  iterations.
[1] 2.782245e-26 2.253389e-31 1.336520e-17 2.475186e-23
Algorithm converged after  2  iterations.
[1] 1.685075e-26 2.002057e-29 1.336520e-17 2.475186e-23
Algorithm converged after  2  iterations.
[1] 2.782245e-26 2.253389e-31 1.685075e-26 1.336520e-17
Algorithm converged after  2  iterations.
[1] 2.782245e-26 1.685075e-26 2.002057e-29 1.336520e-17
Algorithm converged after  2  iterations.
[1] 2.782245e-26 1.685075e-26 1.336520e-17 2.475186e-23
Algorithm converged after  2  iterations.
[1] 4.898753e-16
Algorithm converged after  2  iterations.
[1] 4.898753e-16 4.614939e-25
Algorithm converged after  6  iterations.
[1] 4.898753e-16 3.977118e-25
Algorithm converged after  6  iterations.
[1] 4.898753e-16 2.733291e-23
Algorithm converged after  5  iterations.
[1] 4.898753e-16 4.614939e-25 2.303640e-31
Algorithm converged after  6  iterations.
[1] 4.898753e-16 3.977118e-25 6.137361e-33
Algorithm converged after  6  iterations.
[1] 4.898753e-16 2.733291e-23 4.690774e-30
[1] 5.954985e-16 2.763538e-23 3.846192e-30
[1] 6.613732e-16 2.781327e-23 4.063917e-30
Algorithm converged after  30  iterations.
[1] 4.898753e-16 4.614939e-25 3.977118e-25
Algorithm converged after  7  iterations.
[1] 4.898753e-16 4.614939e-25 2.733291e-23
Algorithm converged after  6  iterations.
[1] 4.898753e-16 3.977118e-25 2.733291e-23
Algorithm converged after  6  iterations.
[1] 4.898753e-16 4.614939e-25 2.303640e-31 3.977118e-25
Algorithm converged after  7  iterations.
[1] 4.898753e-16 4.614939e-25 2.303640e-31 2.733291e-23
[1] 8.546276e-16 5.163231e-25 5.713565e-51 2.828523e-23
[1] 8.547272e-16 5.164242e-25 2.358505e-31 2.828683e-23
[1] 7.909191e-16 5.075564e-25 2.344328e-31 2.813494e-23
[1] 8.563803e-16 5.166352e-25 1.134918e-47 2.828986e-23
[1] 8.163471e-16 5.111060e-25 2.346056e-31 2.819522e-23
Algorithm converged after  59  iterations.
[1] 4.898753e-16 4.614939e-25 3.977118e-25 6.137361e-33
Algorithm converged after  7  iterations.
[1] 4.898753e-16 4.614939e-25 2.733291e-23 4.690774e-30
Algorithm converged after  7  iterations.
[1] 4.898753e-16 3.977118e-25 6.137361e-33 2.733291e-23
[1] 7.854877e-16 4.233221e-25 6.235985e-33 2.812162e-23
[1] 7.854752e-16 4.233260e-25 6.227104e-33 2.812161e-23
[1] 7.854721e-16 4.233292e-25 6.224636e-33 2.812161e-23
[1] 7.854721e-16 4.233323e-25 6.223939e-33 2.812161e-23
[1] 7.854713e-16 4.233352e-25 6.223736e-33 2.812161e-23
[1] 7.854700e-16 4.233381e-25 6.223672e-33 2.812160e-23
[1] 7.854686e-16 4.233409e-25 6.223645e-33 2.812160e-23
[1] 7.854673e-16 4.233438e-25 6.223630e-33 2.812160e-23
[1] 7.854660e-16 4.233466e-25 6.223617e-33 2.812159e-23
[1] 7.854647e-16 4.233494e-25 6.223605e-33 2.812159e-23
[1] 7.854635e-16 4.233523e-25 6.223594e-33 2.812158e-23
[1] 7.854624e-16 4.233551e-25 6.223583e-33 2.812158e-23
[1] 7.854613e-16 4.233580e-25 6.223571e-33 2.812158e-23
[1] 7.854602e-16 4.233609e-25 6.223560e-33 2.812157e-23
[1] 7.854591e-16 4.233637e-25 6.223548e-33 2.812157e-23
[1] 7.854581e-16 4.233666e-25 6.223537e-33 2.812157e-23
[1] 7.854571e-16 4.233694e-25 6.223526e-33 2.812157e-23
[1] 7.854561e-16 4.233723e-25 6.223515e-33 2.812156e-23
[1] 7.854551e-16 4.233752e-25 6.223503e-33 2.812156e-23
[1] 7.854542e-16 4.233780e-25 6.223492e-33 2.812156e-23
[1] 7.854532e-16 4.233809e-25 6.223481e-33 2.812155e-23
[1] 7.854523e-16 4.233837e-25 6.223470e-33 2.812155e-23
[1] 7.854513e-16 4.233866e-25 6.223458e-33 2.812155e-23
[1] 7.854504e-16 4.233895e-25 6.223448e-33 2.812154e-23
[1] 7.854494e-16 4.233923e-25 6.223444e-33 2.812154e-23
[1] 7.854485e-16 4.233952e-25 6.223435e-33 2.812154e-23
[1] 7.854476e-16 4.233980e-25 6.223424e-33 2.812154e-23
[1] 7.854467e-16 4.234009e-25 6.223412e-33 2.812153e-23
[1] 7.854458e-16 4.234038e-25 6.223400e-33 2.812153e-23
[1] 7.854449e-16 4.234066e-25 6.223388e-33 2.812153e-23
[1] 7.854440e-16 4.234095e-25 6.223376e-33 2.812152e-23
[1] 7.854431e-16 4.234123e-25 6.223364e-33 2.812152e-23
[1] 7.854422e-16 4.234152e-25 6.223352e-33 2.812152e-23
[1] 7.854413e-16 4.234181e-25 6.223340e-33 2.812152e-23
[1] 7.854404e-16 4.234209e-25 6.223329e-33 2.812151e-23
[1] 7.854395e-16 4.234238e-25 6.223317e-33 2.812151e-23
[1] 7.854386e-16 4.234266e-25 6.223306e-33 2.812151e-23
[1] 7.854376e-16 4.234295e-25 6.223294e-33 2.812150e-23
[1] 7.854367e-16 4.234324e-25 6.223283e-33 2.812150e-23
[1] 7.854358e-16 4.234352e-25 6.223271e-33 2.812150e-23
[1] 7.854349e-16 4.234381e-25 6.223260e-33 2.812150e-23
[1] 7.854340e-16 4.234409e-25 6.223248e-33 2.812149e-23
[1] 7.854331e-16 4.234438e-25 6.223237e-33 2.812149e-23
[1] 7.854322e-16 4.234466e-25 6.223226e-33 2.812149e-23
[1] 7.854313e-16 4.234495e-25 6.223215e-33 2.812148e-23
[1] 7.854304e-16 4.234524e-25 6.223204e-33 2.812148e-23
[1] 7.854295e-16 4.234552e-25 6.223192e-33 2.812148e-23
[1] 7.854286e-16 4.234581e-25 6.223181e-33 2.812148e-23
[1] 7.854276e-16 4.234609e-25 6.223170e-33 2.812147e-23
Algorithm did not converge after  500  iterations.
[1] 4.898753e-16 3.977118e-25 2.733291e-23 4.690774e-30
Algorithm converged after  7  iterations.
[1] 4.898753e-16 4.614939e-25 3.977118e-25 2.733291e-23
Algorithm converged after  7  iterations.
[1] 4.898753e-16 5.713252e-20
Algorithm converged after  2  iterations.
[1] 4.898753e-16 5.713252e-20 2.761397e-31
Algorithm converged after  5  iterations.
[1] 4.898753e-16 5.713252e-20 1.049876e-29
Algorithm converged after  4  iterations.
[1] 4.898753e-16 5.713252e-20 6.489452e-29
Algorithm converged after  6  iterations.
[1] 4.898753e-16 5.713252e-20 2.761397e-31 6.844030e-33
Algorithm converged after  7  iterations.
[1] 4.898753e-16 5.713252e-20 1.049876e-29 3.640215e-37
Algorithm converged after  7  iterations.
[1] 4.898753e-16 5.713252e-20 6.489452e-29 5.744645e-30
Algorithm converged after  7  iterations.
[1] 4.898753e-16 5.713252e-20 2.761397e-31 1.049876e-29
Algorithm converged after  5  iterations.
[1] 4.898753e-16 5.713252e-20 2.761397e-31 6.489452e-29
Algorithm converged after  6  iterations.
[1] 4.898753e-16 5.713252e-20 1.049876e-29 6.489452e-29
Algorithm converged after  6  iterations.
numeric(0)
Algorithm converged after  1  iterations.
[1] 6.105464e-24
Algorithm converged after  2  iterations.
[1] 8.541536e-25
Algorithm converged after  2  iterations.
[1] 6.936593e-18
Algorithm converged after  2  iterations.
[1] 6.105464e-24 1.936231e-26
Algorithm converged after  2  iterations.
[1] 8.541536e-25 4.625635e-26
Algorithm converged after  2  iterations.
[1] 6.936593e-18 3.317114e-23
Algorithm converged after  2  iterations.
[1] 6.105464e-24 8.541536e-25
Algorithm converged after  2  iterations.
[1] 6.105464e-24 6.936593e-18
Algorithm converged after  2  iterations.
[1] 8.541536e-25 6.936593e-18
Algorithm converged after  2  iterations.
[1] 6.105464e-24 1.936231e-26 8.541536e-25
Algorithm converged after  2  iterations.
[1] 6.105464e-24 1.936231e-26 6.936593e-18
Algorithm converged after  2  iterations.
[1] 6.105464e-24 8.541536e-25 4.625635e-26
Algorithm converged after  2  iterations.
[1] 6.105464e-24 6.936593e-18 3.317114e-23
Algorithm converged after  2  iterations.
[1] 8.541536e-25 4.625635e-26 6.936593e-18
Algorithm converged after  2  iterations.
[1] 8.541536e-25 6.936593e-18 3.317114e-23
Algorithm converged after  2  iterations.
[1] 6.105464e-24 8.541536e-25 6.936593e-18
Algorithm converged after  2  iterations.
[1] 6.105464e-24 1.936231e-26 8.541536e-25 4.625635e-26
Algorithm converged after  2  iterations.
[1] 6.105464e-24 1.936231e-26 6.936593e-18 3.317114e-23
Algorithm converged after  2  iterations.
[1] 8.541536e-25 4.625635e-26 6.936593e-18 3.317114e-23
Algorithm converged after  2  iterations.
[1] 6.105464e-24 1.936231e-26 8.541536e-25 6.936593e-18
Algorithm converged after  2  iterations.
[1] 6.105464e-24 8.541536e-25 4.625635e-26 6.936593e-18
Algorithm converged after  2  iterations.
[1] 6.105464e-24 8.541536e-25 6.936593e-18 3.317114e-23
Algorithm converged after  2  iterations.
[1] 1.723173e-16
Algorithm converged after  2  iterations.
[1] 1.723173e-16 1.127159e-24
Algorithm converged after  6  iterations.
[1] 1.723173e-16 4.880584e-25
Algorithm converged after  6  iterations.
[1] 1.723173e-16 3.514112e-23
Algorithm converged after  5  iterations.
[1] 1.723173e-16 1.127159e-24 1.623449e-35
Algorithm converged after  6  iterations.
[1] 1.723173e-16 4.880584e-25 1.494979e-40
[1] 1.957279e-16 5.002830e-25 7.315674e-33
Algorithm converged after  14  iterations.
[1] 1.723173e-16 3.514112e-23 3.782618e-28
Algorithm converged after  8  iterations.
[1] 1.723173e-16 1.127159e-24 4.880584e-25
Algorithm converged after  7  iterations.
[1] 1.723173e-16 1.127159e-24 3.514112e-23
Algorithm converged after  6  iterations.
[1] 1.723173e-16 4.880584e-25 3.514112e-23
Algorithm converged after  6  iterations.
[1] 1.723173e-16 1.127159e-24 1.623449e-35 4.880584e-25
Algorithm converged after  7  iterations.
[1] 1.723173e-16 1.127159e-24 1.623449e-35 3.514112e-23
Algorithm converged after  7  iterations.
[1] 1.723173e-16 1.127159e-24 4.880584e-25 1.494979e-40
[1] 2.647583e-16 1.209552e-24 5.334157e-25 5.430005e-41
[1] 2.648070e-16 1.209627e-24 5.334542e-25 1.437287e-31
[1] 2.825056e-16 1.223901e-24 5.413123e-25 1.426147e-31
[1] 2.695164e-16 1.213543e-24 5.356216e-25 6.832723e-33
[1] 2.705482e-16 1.214416e-24 5.360894e-25 6.835171e-33
[1] 2.701751e-16 1.214153e-24 5.359309e-25 2.270556e-32
[1] 2.888452e-16 1.229051e-24 5.441626e-25 6.823628e-33
[1] 2.695160e-16 1.213643e-24 5.356575e-25 6.832798e-33
[1] 2.781942e-16 1.221189e-24 5.396259e-25 1.432872e-31
[1] 2.648265e-16 1.210421e-24 5.337020e-25 6.952037e-33
[1] 2.825925e-16 1.224744e-24 5.415480e-25 4.695970e-58
[1] 2.694960e-16 1.214316e-24 5.358548e-25 6.833962e-33
[1] 2.646490e-16 1.210408e-24 5.336692e-25 9.847865e-41
[1] 2.638003e-16 1.209767e-24 5.333059e-25 9.848913e-41
[1] 2.647393e-16 1.210563e-24 5.337461e-25 1.437880e-31
[1] 2.638906e-16 1.209917e-24 5.333802e-25 6.944525e-33
[1] 2.822529e-16 1.224754e-24 5.415508e-25 6.875147e-33
[1] 2.866820e-16 1.228320e-24 5.435386e-25 3.882459e-58
Algorithm converged after  186  iterations.
[1] 1.723173e-16 1.127159e-24 3.514112e-23 3.782618e-28
[1] 3.076552e-16 1.244050e-24 3.587524e-23 2.050067e-49
[1] 2.590921e-16 1.205072e-24 3.563138e-23 8.380483e-31
[1] 2.676713e-16 1.212321e-24 3.567779e-23 1.498229e-35
[1] 2.665681e-16 1.211490e-24 3.567265e-23 6.456600e-30
[1] 3.081566e-16 1.244644e-24 3.587839e-23 1.180925e-41
[1] 2.649348e-16 1.210373e-24 3.566574e-23 8.636836e-31
[1] 2.515028e-16 1.198939e-24 3.559183e-23 1.013652e-31
[1] 3.112958e-16 1.247193e-24 3.589354e-23 8.258252e-44
[1] 2.538978e-16 1.201140e-24 3.560609e-23 3.493979e-36
[1] 2.590795e-16 1.205398e-24 3.563206e-23 8.379104e-31
[1] 2.516489e-16 1.199252e-24 3.559335e-23 6.170912e-30
[1] 3.079819e-16 1.244767e-24 3.587769e-23 1.876485e-43
[1] 2.648979e-16 1.210672e-24 3.566668e-23 8.617284e-31
[1] 2.670332e-16 1.212465e-24 3.567794e-23 6.440842e-30
[1] 3.051846e-16 1.242671e-24 3.586403e-23 8.799101e-31
[1] 3.054218e-16 1.242879e-24 3.586505e-23 8.759915e-31
[1] 2.829601e-16 1.225033e-24 3.575307e-23 1.494501e-35
[1] 2.533855e-16 1.201057e-24 3.560475e-23 1.125729e-49
[1] 3.100007e-16 1.246590e-24 3.588862e-23 4.069567e-28
[1] 2.799427e-16 1.222728e-24 3.573852e-23 8.507151e-31
[1] 2.669762e-16 1.212645e-24 3.567841e-23 1.498855e-35
[1] 3.079904e-16 1.245123e-24 3.587900e-23 7.801196e-40
[1] 3.104357e-16 1.247366e-24 3.589151e-23 1.180804e-41
[1] 2.551191e-16 1.202910e-24 3.561367e-23 3.954398e-28
[1] 2.848516e-16 1.227310e-24 3.576646e-23 1.264088e-46
[1] 2.723617e-16 1.217044e-24 3.570084e-23 2.617048e-47
[1] 3.053371e-16 1.243549e-24 3.586706e-23 8.145014e-44
[1] 3.050744e-16 1.243292e-24 3.586457e-23 1.181295e-41
[1] 3.053051e-16 1.243534e-24 3.586648e-23 4.059001e-28
[1] 2.651026e-16 1.211336e-24 3.566527e-23 3.967458e-28
[1] 2.617222e-16 1.208799e-24 3.564774e-23 8.339813e-31
[1] 2.814863e-16 1.224813e-24 3.574673e-23 5.650696e-44
[1] 2.656482e-16 1.212468e-24 3.567333e-23 6.431460e-30
[1] 2.636865e-16 1.210592e-24 3.565959e-23 8.532163e-31
[1] 3.050880e-16 1.243852e-24 3.586626e-23 6.050836e-67
[1] 3.053687e-16 1.244132e-24 3.586736e-23 1.879093e-43
[1] 2.679443e-16 1.214406e-24 3.568363e-23 5.883804e-46
[1] 2.794489e-16 1.223480e-24 3.573710e-23 8.427625e-31
[1] 3.253920e-16 1.259484e-24 3.596080e-23 5.615144e-50
[1] 2.681334e-16 1.214752e-24 3.568501e-23 8.636828e-31
[1] 2.555751e-16 1.204174e-24 3.561706e-23 3.949169e-28
[1] 2.497411e-16 1.199341e-24 3.558693e-23 6.085071e-44
[1] 2.856436e-16 1.229121e-24 3.577280e-23 8.700080e-31
[1] 3.255303e-16 1.259984e-24 3.596240e-23 8.905844e-31
[1] 3.035429e-16 1.243299e-24 3.585903e-23 3.118432e-43
[1] 3.086954e-16 1.247463e-24 3.588624e-23 6.873632e-30
[1] 3.077326e-16 1.246812e-24 3.588207e-23 3.146001e-41
[1] 2.678964e-16 1.215173e-24 3.568536e-23 1.927303e-43
[1] 2.669747e-16 1.214631e-24 3.568259e-23 8.676431e-31
Algorithm did not converge after  500  iterations.
[1] 1.723173e-16 4.880584e-25 1.494979e-40 3.514112e-23
[1] 2.158251e-16 5.104605e-25 1.492085e-31 3.539964e-23
[1] 2.154091e-16 5.102584e-25 1.492785e-31 3.539732e-23
[1] 2.154091e-16 5.102591e-25 1.492781e-31 3.539731e-23
[1] 2.154092e-16 5.102599e-25 1.492777e-31 3.539731e-23
[1] 2.154092e-16 5.102606e-25 1.492772e-31 3.539730e-23
[1] 2.154092e-16 5.102613e-25 1.492768e-31 3.539730e-23
[1] 2.154093e-16 5.102621e-25 1.492764e-31 3.539729e-23
[1] 2.154093e-16 5.102628e-25 1.492759e-31 3.539729e-23
[1] 2.154093e-16 5.102636e-25 1.492755e-31 3.539728e-23
[1] 2.154094e-16 5.102643e-25 1.492751e-31 3.539728e-23
[1] 2.154094e-16 5.102650e-25 1.492747e-31 3.539728e-23
[1] 2.154095e-16 5.102658e-25 1.492742e-31 3.539727e-23
[1] 2.154095e-16 5.102665e-25 1.492738e-31 3.539727e-23
[1] 2.154095e-16 5.102672e-25 1.492734e-31 3.539726e-23
[1] 2.154096e-16 5.102680e-25 1.492730e-31 3.539726e-23
[1] 2.154096e-16 5.102687e-25 1.492725e-31 3.539725e-23
[1] 2.154096e-16 5.102695e-25 1.492721e-31 3.539725e-23
[1] 2.154097e-16 5.102702e-25 1.492717e-31 3.539724e-23
[1] 2.154097e-16 5.102709e-25 1.492713e-31 3.539724e-23
[1] 2.154098e-16 5.102717e-25 1.492708e-31 3.539723e-23
[1] 2.154098e-16 5.102724e-25 1.492704e-31 3.539723e-23
[1] 2.154098e-16 5.102732e-25 1.492700e-31 3.539723e-23
[1] 2.154099e-16 5.102739e-25 1.492696e-31 3.539722e-23
[1] 2.154099e-16 5.102746e-25 1.492691e-31 3.539722e-23
[1] 2.154099e-16 5.102754e-25 1.492687e-31 3.539721e-23
[1] 2.154100e-16 5.102761e-25 1.492683e-31 3.539721e-23
[1] 2.154100e-16 5.102769e-25 1.492679e-31 3.539720e-23
[1] 2.154100e-16 5.102776e-25 1.492674e-31 3.539720e-23
[1] 2.154101e-16 5.102783e-25 1.492670e-31 3.539719e-23
[1] 2.154101e-16 5.102791e-25 1.492666e-31 3.539719e-23
[1] 2.154102e-16 5.102798e-25 1.492661e-31 3.539719e-23
[1] 2.154102e-16 5.102806e-25 1.492657e-31 3.539718e-23
[1] 2.154102e-16 5.102813e-25 1.492653e-31 3.539718e-23
[1] 2.154103e-16 5.102820e-25 1.492649e-31 3.539717e-23
[1] 2.154103e-16 5.102828e-25 1.492644e-31 3.539717e-23
[1] 2.154103e-16 5.102835e-25 1.492640e-31 3.539716e-23
[1] 2.154104e-16 5.102842e-25 1.492636e-31 3.539716e-23
[1] 2.154104e-16 5.102850e-25 1.492632e-31 3.539715e-23
[1] 2.154105e-16 5.102857e-25 1.492627e-31 3.539715e-23
[1] 2.154105e-16 5.102865e-25 1.492623e-31 3.539715e-23
[1] 2.154105e-16 5.102872e-25 1.492619e-31 3.539714e-23
[1] 2.154106e-16 5.102879e-25 1.492615e-31 3.539714e-23
[1] 2.154106e-16 5.102887e-25 1.492610e-31 3.539713e-23
[1] 2.154106e-16 5.102894e-25 1.492606e-31 3.539713e-23
[1] 2.154107e-16 5.102902e-25 1.492602e-31 3.539712e-23
[1] 2.154107e-16 5.102909e-25 1.492598e-31 3.539712e-23
[1] 2.154107e-16 5.102916e-25 1.492593e-31 3.539711e-23
[1] 2.154108e-16 5.102924e-25 1.492589e-31 3.539711e-23
[1] 2.154108e-16 5.102931e-25 1.492585e-31 3.539711e-23
Algorithm did not converge after  500  iterations.
[1] 1.723173e-16 4.880584e-25 3.514112e-23 3.782618e-28
[1] 2.456129e-16 5.246901e-25 3.556406e-23 8.830053e-31
[1] 2.856180e-16 5.427683e-25 3.576713e-23 6.931602e-30
[1] 2.832508e-16 5.416995e-25 3.575407e-23 2.315186e-44
[1] 2.826378e-16 5.414637e-25 3.575128e-23 1.926800e-43
[1] 2.854294e-16 5.427528e-25 3.576645e-23 5.281801e-47
[1] 2.833010e-16 5.417974e-25 3.575496e-23 1.247219e-35
[1] 2.872288e-16 5.436370e-25 3.577643e-23 2.020559e-49
[1] 2.864547e-16 5.432495e-25 3.577093e-23 1.926496e-43
[1] 2.831299e-16 5.418133e-25 3.575479e-23 1.331797e-46
[1] 2.420234e-16 5.230638e-25 3.554142e-23 1.007179e-31
[1] 2.522585e-16 5.278335e-25 3.559511e-23 1.631656e-66
[1] 2.438062e-16 5.240975e-25 3.555576e-23 6.250994e-30
Algorithm converged after  124  iterations.
[1] 1.723173e-16 1.127159e-24 4.880584e-25 3.514112e-23
Algorithm converged after  7  iterations.
[1] 1.723173e-16 9.901048e-20
Algorithm converged after  2  iterations.
[1] 1.723173e-16 9.901048e-20 4.898016e-31
Algorithm converged after  5  iterations.
[1] 1.723173e-16 9.901048e-20 1.483713e-31
Algorithm converged after  5  iterations.
[1] 1.723173e-16 9.901048e-20 3.790770e-28
Algorithm converged after  5  iterations.
[1] 1.723173e-16 9.901048e-20 4.898016e-31 1.726725e-34
Algorithm converged after  7  iterations.
[1] 1.723173e-16 9.901048e-20 1.483713e-31 7.607000e-33
Algorithm converged after  6  iterations.
[1] 1.723173e-16 9.901048e-20 3.790770e-28 4.495822e-35
[1] 1.883329e-16 1.015950e-19 3.855405e-28 1.028551e-30
Algorithm converged after  17  iterations.
[1] 1.723173e-16 9.901048e-20 4.898016e-31 1.483713e-31
Algorithm converged after  5  iterations.
[1] 1.723173e-16 9.901048e-20 4.898016e-31 3.790770e-28
Algorithm converged after  5  iterations.
[1] 1.723173e-16 9.901048e-20 1.483713e-31 3.790770e-28
Algorithm converged after  5  iterations.
numeric(0)
Algorithm converged after  1  iterations.
[1] 6.195923e-24
Algorithm converged after  2  iterations.
[1] 4.71193e-24
Algorithm converged after  2  iterations.
[1] 1.387647e-18
Algorithm converged after  2  iterations.
[1] 6.195923e-24 1.229679e-25
Algorithm converged after  2  iterations.
[1] 4.711930e-24 2.082247e-26
Algorithm converged after  2  iterations.
[1] 1.387647e-18 1.980947e-23
Algorithm converged after  2  iterations.
[1] 6.195923e-24 4.711930e-24
Algorithm converged after  2  iterations.
[1] 6.195923e-24 1.387647e-18
Algorithm converged after  2  iterations.
[1] 4.711930e-24 1.387647e-18
Algorithm converged after  2  iterations.
[1] 6.195923e-24 1.229679e-25 4.711930e-24
Algorithm converged after  2  iterations.
[1] 6.195923e-24 1.229679e-25 1.387647e-18
Algorithm converged after  2  iterations.
[1] 6.195923e-24 4.711930e-24 2.082247e-26
Algorithm converged after  2  iterations.
[1] 6.195923e-24 1.387647e-18 1.980947e-23
Algorithm converged after  2  iterations.
[1] 4.711930e-24 2.082247e-26 1.387647e-18
Algorithm converged after  2  iterations.
[1] 4.711930e-24 1.387647e-18 1.980947e-23
Algorithm converged after  2  iterations.
[1] 6.195923e-24 4.711930e-24 1.387647e-18
Algorithm converged after  2  iterations.
[1] 6.195923e-24 1.229679e-25 4.711930e-24 2.082247e-26
Algorithm converged after  2  iterations.
[1] 6.195923e-24 1.229679e-25 1.387647e-18 1.980947e-23
Algorithm converged after  2  iterations.
[1] 4.711930e-24 2.082247e-26 1.387647e-18 1.980947e-23
Algorithm converged after  2  iterations.
[1] 6.195923e-24 1.229679e-25 4.711930e-24 1.387647e-18
Algorithm converged after  2  iterations.
[1] 6.195923e-24 4.711930e-24 2.082247e-26 1.387647e-18
Algorithm converged after  2  iterations.
[1] 6.195923e-24 4.711930e-24 1.387647e-18 1.980947e-23
Algorithm converged after  2  iterations.
[1] 1.34002e-16
Algorithm converged after  2  iterations.
[1] 1.340020e-16 4.133113e-25
Algorithm converged after  6  iterations.
[1] 1.34002e-16 2.55981e-25
Algorithm converged after  6  iterations.
[1] 1.340020e-16 2.328601e-23
Algorithm converged after  5  iterations.
[1] 1.340020e-16 4.133113e-25 1.675848e-36
Algorithm converged after  7  iterations.
[1] 1.340020e-16 2.559810e-25 2.701566e-33
[1] 1.734370e-16 2.681404e-25 4.409419e-48
[1] 1.627673e-16 2.650743e-25 2.686736e-33
Algorithm converged after  24  iterations.
[1] 1.340020e-16 2.328601e-23 5.020434e-30
Algorithm converged after  6  iterations.
[1] 1.340020e-16 4.133113e-25 2.559810e-25
Algorithm converged after  7  iterations.
[1] 1.340020e-16 4.133113e-25 2.328601e-23
Algorithm converged after  6  iterations.
[1] 1.340020e-16 2.559810e-25 2.328601e-23
Algorithm converged after  6  iterations.
[1] 1.340020e-16 4.133113e-25 1.675848e-36 2.559810e-25
[1] 2.612630e-16 4.590504e-25 1.720768e-36 2.921733e-25
[1] 2.612629e-16 4.590541e-25 1.713093e-36 2.921762e-25
[1] 2.613611e-16 4.590860e-25 1.720794e-36 2.922019e-25
[1] 2.613602e-16 4.590885e-25 1.713113e-36 2.922039e-25
[1] 2.613599e-16 4.590911e-25 1.713111e-36 2.922060e-25
[1] 2.613597e-16 4.590937e-25 1.713108e-36 2.922080e-25
[1] 2.612607e-16 4.590678e-25 1.720756e-36 2.921869e-25
[1] 2.613591e-16 4.590997e-25 1.713103e-36 2.922127e-25
[1] 2.457111e-16 4.541034e-25 2.694790e-31 2.882270e-25
[1] 2.456300e-16 4.540961e-25 2.695039e-31 2.882211e-25
[1] 2.613577e-16 4.591358e-25 1.720757e-36 2.922395e-25
[1] 2.597743e-16 4.585891e-25 1.241616e-70 2.918150e-25
[1] 2.613546e-16 4.591504e-25 1.720747e-36 2.922511e-25
[1] 2.598922e-16 4.586483e-25 2.684913e-31 2.918613e-25
[1] 2.621049e-16 4.594065e-25 1.713179e-36 2.924540e-25
[1] 2.613109e-16 4.591732e-25 1.713123e-36 2.922666e-25
[1] 2.611923e-16 4.590783e-25 2.675730e-31 2.922036e-25
Algorithm converged after  173  iterations.
[1] 1.340020e-16 4.133113e-25 1.675848e-36 2.328601e-23
[1] 2.656710e-16 4.604306e-25 2.690244e-31 2.439092e-23
[1] 2.656719e-16 4.604334e-25 2.690290e-31 2.439093e-23
[1] 2.656032e-16 4.604178e-25 1.731834e-36 2.439050e-23
[1] 2.656726e-16 4.604409e-25 1.726135e-36 2.439097e-23
[1] 2.661595e-16 4.605955e-25 1.726305e-36 2.439449e-23
[1] 2.656735e-16 4.604464e-25 1.561023e-51 2.439099e-23
[1] 2.656065e-16 4.604337e-25 1.726130e-36 2.439063e-23
[1] 2.650629e-16 4.602512e-25 1.725796e-36 2.438636e-23
[1] 2.642344e-16 4.599996e-25 7.897096e-52 2.438041e-23
[1] 2.650660e-16 4.602701e-25 1.725798e-36 2.438650e-23
[1] 2.646805e-16 4.601499e-25 1.725630e-36 2.438364e-23
[1] 2.661683e-16 4.606439e-25 3.292522e-35 2.439497e-23
[1] 2.647855e-16 4.601886e-25 1.731297e-36 2.438442e-23
[1] 2.656028e-16 4.604808e-25 2.690738e-31 2.439107e-23
[1] 2.536801e-16 4.567005e-25 2.676651e-31 2.430355e-23
[1] 2.656862e-16 4.605163e-25 1.726141e-36 2.439170e-23
[1] 2.656187e-16 4.605028e-25 1.726135e-36 2.439130e-23
[1] 2.650319e-16 4.602858e-25 1.725485e-36 2.438630e-23
[1] 2.656213e-16 4.605174e-25 1.731840e-36 2.439152e-23
[1] 2.656916e-16 4.605456e-25 1.731856e-36 2.439212e-23
[1] 2.646095e-16 4.602011e-25 1.731351e-36 2.438406e-23
[1] 2.656256e-16 4.605421e-25 1.726137e-36 2.439184e-23
[1] 2.484312e-16 4.549701e-25 2.652979e-31 2.426306e-23
[1] 2.516218e-16 4.561092e-25 2.675135e-31 2.428915e-23
[1] 2.656985e-16 4.605840e-25 1.731857e-36 2.439262e-23
[1] 2.646998e-16 4.602569e-25 1.725637e-36 2.438500e-23
[1] 2.447340e-16 4.538143e-25 2.652553e-31 2.423592e-23
[1] 2.536912e-16 4.567926e-25 2.677036e-31 2.430474e-23
[1] 2.661928e-16 4.607625e-25 1.726319e-36 2.439650e-23
[1] 2.516282e-16 4.561402e-25 2.675312e-31 2.428952e-23
[1] 2.536917e-16 4.568076e-25 2.677197e-31 2.430484e-23
[1] 2.657044e-16 4.606236e-25 1.731859e-36 2.439304e-23
[1] 2.656971e-16 4.606290e-25 2.691002e-31 2.439307e-23
[1] 2.439817e-16 4.536473e-25 2.658943e-31 2.423145e-23
[1] 2.656330e-16 4.606230e-25 1.731845e-36 2.439272e-23
[1] 2.656410e-16 4.606298e-25 1.731846e-36 2.439280e-23
[1] 2.656408e-16 4.606334e-25 1.726144e-36 2.439281e-23
[1] 2.656414e-16 4.606360e-25 1.731847e-36 2.439282e-23
[1] 2.366654e-16 4.512318e-25 2.643021e-31 2.417510e-23
[1] 2.455521e-16 4.541400e-25 2.651304e-31 2.424255e-23
[1] 2.656462e-16 4.606597e-25 2.692220e-31 2.439322e-23
[1] 2.421343e-16 4.530755e-25 2.654303e-31 2.421767e-23
[1] 2.657170e-16 4.606929e-25 1.332673e-47 2.439387e-23
[1] 2.657190e-16 4.607052e-25 1.731863e-36 2.439406e-23
[1] 2.657197e-16 4.607082e-25 1.726154e-36 2.439407e-23
[1] 2.651074e-16 4.605055e-25 2.684892e-31 2.438934e-23
[1] 2.656402e-16 4.606957e-25 1.726142e-36 2.439367e-23
[1] 2.662146e-16 4.608798e-25 1.732053e-36 2.439786e-23
[1] 2.536433e-16 4.568974e-25 2.676892e-31 2.430571e-23
Algorithm did not converge after  500  iterations.
[1] 1.340020e-16 4.133113e-25 2.559810e-25 2.701566e-33
[1] 2.310676e-16 4.492807e-25 2.844143e-25 8.938390e-51
[1] 2.411194e-16 4.528638e-25 2.871779e-25 2.571446e-33
[1] 2.356957e-16 4.510816e-25 2.857355e-25 3.378186e-31
[1] 2.210902e-16 4.462981e-25 2.819339e-25 3.169788e-33
[1] 2.308099e-16 4.494694e-25 2.844120e-25 1.514657e-69
[1] 2.368758e-16 4.515500e-25 2.860854e-25 4.635449e-48
[1] 2.346775e-16 4.509498e-25 2.855784e-25 9.853510e-69
[1] 2.217526e-16 4.467139e-25 2.822231e-25 9.211044e-51
[1] 2.217462e-16 4.467574e-25 2.822510e-25 1.652169e-69
[1] 2.370181e-16 4.518539e-25 2.862840e-25 3.858503e-55
[1] 2.355798e-16 4.514309e-25 2.859442e-25 4.580614e-48
[1] 2.346257e-16 4.512156e-25 2.857758e-25 3.403783e-31
[1] 2.357785e-16 4.516030e-25 2.860634e-25 2.603199e-33
[1] 2.353236e-16 4.514923e-25 2.859773e-25 4.569195e-48
[1] 2.395475e-16 4.528890e-25 2.870421e-25 1.683618e-65
[1] 2.357091e-16 4.515714e-25 2.859091e-25 8.380218e-43
[1] 2.075715e-16 4.426090e-25 2.787225e-25 2.677694e-33
[1] 2.340319e-16 4.517504e-25 2.860245e-25 1.798581e-64
[1] 2.305233e-16 4.506316e-25 2.851258e-25 2.577769e-33
[1] 2.204172e-16 4.473429e-25 2.824902e-25 3.101853e-33
[1] 2.203763e-16 4.473496e-25 2.824835e-25 2.605790e-33
[1] 2.342671e-16 4.519928e-25 2.861498e-25 2.607306e-33
[1] 2.299578e-16 4.509457e-25 2.852280e-25 2.610617e-33
[1] 2.203751e-16 4.477009e-25 2.826655e-25 2.606726e-33
[1] 2.311714e-16 4.513978e-25 2.855955e-25 2.580621e-33
[1] 2.310577e-16 4.513377e-25 2.855287e-25 2.604821e-33
[1] 2.385016e-16 4.538166e-25 2.874887e-25 4.361410e-58
[1] 2.395544e-16 4.541555e-25 2.877343e-25 3.856952e-44
[1] 2.410690e-16 4.547679e-25 2.882553e-25 4.558422e-48
[1] 2.210684e-16 4.481414e-25 2.829722e-25 3.483538e-52
[1] 2.083569e-16 4.436815e-25 2.793875e-25 2.667476e-33
[1] 2.410531e-16 4.548992e-25 2.883386e-25 8.784839e-51
[1] 2.370655e-16 4.535323e-25 2.872165e-25 3.378346e-31
[1] 2.367221e-16 4.534689e-25 2.871602e-25 2.631919e-50
[1] 2.194739e-16 4.477680e-25 2.826249e-25 1.472210e-29
[1] 2.409168e-16 4.549669e-25 2.883638e-25 2.571489e-33
[1] 2.459716e-16 4.566289e-25 2.896568e-25 4.625066e-48
[1] 2.226225e-16 4.489694e-25 2.835877e-25 2.580945e-33
[1] 2.080628e-16 4.438432e-25 2.794664e-25 9.891335e-51
[1] 2.420622e-16 4.554181e-25 2.886765e-25 2.606440e-33
[1] 2.410186e-16 4.551673e-25 2.884937e-25 3.096141e-33
[1] 2.194420e-16 4.479878e-25 2.827726e-25 6.358058e-33
[1] 2.373287e-16 4.539706e-25 2.874975e-25 2.613184e-33
[1] 2.359044e-16 4.535585e-25 2.871680e-25 6.404709e-33
[1] 2.345583e-16 4.532102e-25 2.868896e-25 2.584120e-33
[1] 2.323510e-16 4.526533e-25 2.863526e-25 3.068722e-33
[1] 2.311133e-16 4.522752e-25 2.861110e-25 1.477914e-29
[1] 2.212831e-16 4.489756e-25 2.834616e-25 6.400541e-33
[1] 2.410000e-16 4.556457e-25 2.887543e-25 2.570553e-33
Algorithm did not converge after  500  iterations.
[1] 1.340020e-16 4.133113e-25 2.328601e-23 5.020434e-30
Algorithm converged after  7  iterations.
[1] 1.340020e-16 2.559810e-25 2.701566e-33 2.328601e-23
[1] 2.158875e-16 2.802618e-25 4.367368e-48 2.401179e-23
[1] 2.255355e-16 2.828849e-25 6.470168e-33 2.408865e-23
[1] 2.257475e-16 2.827858e-25 9.396306e-51 2.408705e-23
[1] 2.309702e-16 2.842797e-25 1.250796e-67 2.413020e-23
[1] 2.277268e-16 2.834564e-25 1.504162e-29 2.410784e-23
[1] 2.346151e-16 2.853286e-25 2.624543e-33 2.416132e-23
[1] 2.309081e-16 2.843379e-25 1.863663e-69 2.413305e-23
[1] 2.280444e-16 2.835563e-25 9.727008e-51 2.411051e-23
[1] 2.297427e-16 2.840286e-25 4.733935e-58 2.412426e-23
[1] 2.325624e-16 2.847666e-25 1.484909e-54 2.414629e-23
[1] 2.308968e-16 2.843806e-25 1.215694e-64 2.413474e-23
[1] 2.310768e-16 2.844482e-25 4.736331e-58 2.413901e-23
[1] 2.299114e-16 2.841735e-25 9.801307e-51 2.413092e-23
[1] 2.155970e-16 2.804960e-25 1.283102e-64 2.402519e-23
[1] 2.333993e-16 2.851880e-25 2.563936e-50 2.416354e-23
[1] 2.290518e-16 2.840518e-25 1.127380e-68 2.413043e-23
[1] 2.293243e-16 2.841454e-25 9.787340e-51 2.413317e-23
[1] 2.353289e-16 2.858315e-25 9.205721e-45 2.418196e-23
[1] 2.296028e-16 2.841426e-25 6.019499e-43 2.413391e-23
[1] 2.343710e-16 2.854688e-25 4.546120e-48 2.417291e-23
[1] 2.324656e-16 2.850146e-25 1.456195e-72 2.415939e-23
[1] 2.325343e-16 2.850409e-25 1.139013e-65 2.416016e-23
[1] 2.332778e-16 2.852925e-25 7.238988e-64 2.416798e-23
[1] 2.158218e-16 2.807214e-25 2.681555e-52 2.403371e-23
[1] 2.337765e-16 2.854440e-25 9.214140e-65 2.417398e-23
[1] 2.322218e-16 2.851030e-25 9.689686e-51 2.416352e-23
[1] 2.343976e-16 2.856124e-25 4.547201e-48 2.417910e-23
[1] 2.305426e-16 2.846958e-25 4.486149e-48 2.415177e-23
[1] 2.313244e-16 2.849629e-25 3.137326e-33 2.416009e-23
[1] 2.209284e-16 2.819990e-25 8.378903e-62 2.407531e-23
[1] 2.358915e-16 2.862896e-25 4.115066e-38 2.419916e-23
[1] 2.316252e-16 2.851019e-25 7.306006e-56 2.416527e-23
[1] 2.315509e-16 2.850850e-25 1.499192e-61 2.416477e-23
[1] 2.285564e-16 2.843039e-25 1.506754e-29 2.414207e-23
[1] 2.312378e-16 2.850428e-25 6.032873e-62 2.416383e-23
