myseed=1749 

Attaching package: ‘pls’

The following object is masked from ‘package:stats’:

    loadings

Loading required package: lattice
Loading required package: ggplot2
Registered S3 methods overwritten by 'ggplot2':
  method         from 
  [.quosures     rlang
  c.quosures     rlang
  print.quosures rlang

Attaching package: ‘caret’

The following object is masked from ‘package:pls’:

    R2

Loading required package: Matrix
Loading required package: foreach
Loaded glmnet 2.0-18

Parsed with column specification:
cols(
  .default = col_double()
)
See spec(...) for full column specifications.
Parsed with column specification:
cols(
  X1 = col_double()
)
Parsed with column specification:
cols(
  X1 = col_double()
)
numeric(0)
Algorithm converged after  1  iterations.
[1] 1.090714e-23
Algorithm converged after  2  iterations.
[1] 4.629294e-24
Algorithm converged after  2  iterations.
[1] 1.839846e-17
Algorithm converged after  2  iterations.
[1] 1.090714e-23 3.812715e-26
Algorithm converged after  2  iterations.
[1] 4.629294e-24 4.244872e-26
Algorithm converged after  2  iterations.
[1] 1.839846e-17 7.945521e-24
Algorithm converged after  2  iterations.
[1] 1.090714e-23 4.629294e-24
Algorithm converged after  2  iterations.
[1] 1.090714e-23 1.839846e-17
Algorithm converged after  2  iterations.
[1] 4.629294e-24 1.839846e-17
Algorithm converged after  2  iterations.
[1] 1.090714e-23 3.812715e-26 4.629294e-24
Algorithm converged after  2  iterations.
[1] 1.090714e-23 3.812715e-26 1.839846e-17
Algorithm converged after  2  iterations.
[1] 1.090714e-23 4.629294e-24 4.244872e-26
Algorithm converged after  2  iterations.
[1] 1.090714e-23 1.839846e-17 7.945521e-24
Algorithm converged after  2  iterations.
[1] 4.629294e-24 4.244872e-26 1.839846e-17
Algorithm converged after  2  iterations.
[1] 4.629294e-24 1.839846e-17 7.945521e-24
Algorithm converged after  2  iterations.
[1] 1.090714e-23 4.629294e-24 1.839846e-17
Algorithm converged after  2  iterations.
[1] 1.090714e-23 3.812715e-26 4.629294e-24 4.244872e-26
Algorithm converged after  2  iterations.
[1] 1.090714e-23 3.812715e-26 1.839846e-17 7.945521e-24
Algorithm converged after  2  iterations.
[1] 4.629294e-24 4.244872e-26 1.839846e-17 7.945521e-24
Algorithm converged after  2  iterations.
[1] 1.090714e-23 3.812715e-26 4.629294e-24 1.839846e-17
Algorithm converged after  2  iterations.
[1] 1.090714e-23 4.629294e-24 4.244872e-26 1.839846e-17
Algorithm converged after  2  iterations.
[1] 1.090714e-23 4.629294e-24 1.839846e-17 7.945521e-24
Algorithm converged after  2  iterations.
[1] 3.117736e-16
Algorithm converged after  2  iterations.
[1] 3.117736e-16 1.084675e-24
Algorithm converged after  6  iterations.
[1] 3.117736e-16 1.944025e-24
Algorithm converged after  5  iterations.
[1] 3.117736e-16 2.705348e-23
Algorithm converged after  7  iterations.
[1] 3.117736e-16 1.084675e-24 2.420593e-34
[1] 3.812548e-16 1.103768e-24 9.951071e-35
[1] 5.346920e-16 1.140373e-24 1.000880e-34
[1] 4.516770e-16 1.121680e-24 9.891693e-35
Algorithm converged after  36  iterations.
[1] 3.117736e-16 1.944025e-24 1.408931e-64
[1] 4.246747e-16 1.993350e-24 1.703934e-35
[1] 4.246750e-16 1.993350e-24 1.703934e-35
[1] 4.246752e-16 1.993350e-24 1.703934e-35
[1] 4.246754e-16 1.993350e-24 1.703935e-35
[1] 4.246756e-16 1.993350e-24 1.703935e-35
[1] 4.246758e-16 1.993350e-24 1.703935e-35
[1] 4.246760e-16 1.993350e-24 1.703935e-35
[1] 4.246762e-16 1.993350e-24 1.703935e-35
[1] 4.246764e-16 1.993351e-24 1.703936e-35
[1] 4.246766e-16 1.993351e-24 1.703936e-35
[1] 4.246768e-16 1.993351e-24 1.703936e-35
[1] 4.246770e-16 1.993351e-24 1.703936e-35
[1] 4.246772e-16 1.993351e-24 1.703936e-35
[1] 4.246774e-16 1.993351e-24 1.703937e-35
[1] 4.246776e-16 1.993351e-24 1.703937e-35
[1] 4.246778e-16 1.993351e-24 1.703937e-35
[1] 4.246780e-16 1.993351e-24 1.703937e-35
[1] 4.246782e-16 1.993351e-24 1.703937e-35
[1] 4.246784e-16 1.993351e-24 1.703938e-35
[1] 4.246786e-16 1.993351e-24 1.703938e-35
[1] 4.246788e-16 1.993352e-24 1.703938e-35
[1] 4.246790e-16 1.993352e-24 1.703938e-35
[1] 4.246792e-16 1.993352e-24 1.703938e-35
[1] 4.246794e-16 1.993352e-24 1.703939e-35
[1] 4.246796e-16 1.993352e-24 1.703939e-35
[1] 4.246798e-16 1.993352e-24 1.703939e-35
[1] 4.246800e-16 1.993352e-24 1.703939e-35
[1] 4.246802e-16 1.993352e-24 1.703939e-35
[1] 4.246804e-16 1.993352e-24 1.703939e-35
[1] 4.246806e-16 1.993352e-24 1.703940e-35
[1] 4.246808e-16 1.993352e-24 1.703940e-35
[1] 4.246810e-16 1.993352e-24 1.703940e-35
[1] 4.246812e-16 1.993352e-24 1.703940e-35
[1] 4.246814e-16 1.993353e-24 1.703940e-35
[1] 4.246816e-16 1.993353e-24 1.703941e-35
[1] 4.246817e-16 1.993353e-24 1.703941e-35
[1] 4.246819e-16 1.993353e-24 1.703941e-35
[1] 4.246821e-16 1.993353e-24 1.703941e-35
[1] 4.248035e-16 1.993402e-24 1.703944e-35
[1] 4.246826e-16 1.993353e-24 1.703942e-35
[1] 4.246652e-16 1.993346e-24 1.703941e-35
[1] 4.248038e-16 1.993402e-24 1.703944e-35
[1] 4.246831e-16 1.993353e-24 1.703943e-35
[1] 4.246658e-16 1.993346e-24 1.703942e-35
[1] 4.248040e-16 1.993402e-24 1.703945e-35
[1] 4.246835e-16 1.993353e-24 1.703943e-35
[1] 4.246663e-16 1.993346e-24 1.703942e-35
[1] 4.248042e-16 1.993402e-24 1.703945e-35
[1] 4.246840e-16 1.993354e-24 1.703943e-35
Algorithm did not converge after  500  iterations.
[1] 3.117736e-16 2.705348e-23 2.155875e-30
Algorithm converged after  9  iterations.
[1] 3.117736e-16 1.084675e-24 1.944025e-24
Algorithm converged after  6  iterations.
[1] 3.117736e-16 1.084675e-24 2.705348e-23
Algorithm converged after  8  iterations.
[1] 3.117736e-16 1.944025e-24 2.705348e-23
Algorithm converged after  8  iterations.
[1] 3.117736e-16 1.084675e-24 2.420593e-34 1.944025e-24
Algorithm converged after  7  iterations.
[1] 3.117736e-16 1.084675e-24 2.420593e-34 2.705348e-23
Algorithm converged after  8  iterations.
[1] 3.117736e-16 1.084675e-24 1.944025e-24 1.408931e-64
[1] 6.332639e-16 1.161355e-24 2.071042e-24 1.738612e-35
[1] 6.299369e-16 1.160789e-24 2.070127e-24 8.774144e-56
[1] 6.468639e-16 1.164285e-24 2.075916e-24 1.971169e-33
[1] 6.476126e-16 1.164379e-24 2.075998e-24 1.730686e-35
[1] 6.333444e-16 1.161472e-24 2.071162e-24 1.730913e-35
[1] 6.301456e-16 1.160933e-24 2.070280e-24 1.731198e-35
[1] 6.381380e-16 1.162621e-24 2.073058e-24 5.182491e-40
[1] 6.453731e-16 1.164121e-24 2.075511e-24 4.223921e-38
[1] 6.354001e-16 1.162046e-24 2.072010e-24 1.738468e-35
[1] 6.453775e-16 1.164171e-24 2.075555e-24 5.109301e-40
[1] 6.302520e-16 1.161095e-24 2.070432e-24 3.370471e-40
[1] 6.453075e-16 1.164234e-24 2.075594e-24 4.224111e-38
[1] 6.286066e-16 1.160868e-24 2.069992e-24 4.385232e-32
[1] 6.297421e-16 1.161141e-24 2.070384e-24 4.114567e-52
[1] 6.081358e-16 1.156538e-24 2.062613e-24 1.738308e-35
[1] 6.353552e-16 1.162477e-24 2.072342e-24 1.730186e-35
[1] 6.476511e-16 1.165093e-24 2.076700e-24 1.724123e-35
[1] 6.462504e-16 1.164766e-24 2.076056e-24 1.740227e-35
[1] 6.448405e-16 1.164585e-24 2.075785e-24 1.970788e-33
[1] 6.291232e-16 1.161391e-24 2.070488e-24 1.724513e-35
[1] 6.381824e-16 1.163291e-24 2.073610e-24 7.805726e-39
[1] 6.338156e-16 1.162369e-24 2.071968e-24 2.551006e-33
[1] 6.335401e-16 1.162378e-24 2.071933e-24 3.126804e-40
[1] 6.339941e-16 1.162502e-24 2.072121e-24 1.731124e-35
[1] 6.357419e-16 1.162926e-24 2.072788e-24 1.730273e-35
[1] 6.285880e-16 1.161589e-24 2.070586e-24 1.880850e-39
[1] 6.450596e-16 1.165011e-24 2.076181e-24 1.740286e-35
[1] 6.285910e-16 1.161672e-24 2.070651e-24 4.194240e-38
[1] 6.291152e-16 1.161805e-24 2.070835e-24 4.198140e-38
[1] 6.454066e-16 1.165171e-24 2.076370e-24 4.223968e-38
[1] 6.302529e-16 1.162089e-24 2.071244e-24 1.936904e-39
[1] 5.816274e-16 1.151877e-24 2.054317e-24 1.883239e-39
[1] 6.301187e-16 1.162122e-24 2.071250e-24 1.734151e-35
[1] 6.239030e-16 1.160709e-24 2.068787e-24 1.980196e-33
[1] 6.470739e-16 1.165600e-24 2.076917e-24 1.731455e-35
[1] 6.301431e-16 1.162220e-24 2.071337e-24 2.912606e-49
[1] 6.619768e-16 1.168778e-24 2.082135e-24 7.436778e-39
[1] 5.811095e-16 1.151963e-24 2.054309e-24 1.897272e-51
[1] 6.297520e-16 1.162238e-24 2.071293e-24 1.882118e-39
[1] 6.635563e-16 1.169176e-24 2.082749e-24 7.263179e-39
[1] 6.301032e-16 1.162360e-24 2.071450e-24 1.882342e-39
[1] 6.090270e-16 1.157888e-24 2.063938e-24 1.735781e-35
[1] 6.299821e-16 1.162403e-24 2.071469e-24 1.690000e-55
[1] 6.300966e-16 1.162465e-24 2.071530e-24 7.796186e-39
[1] 6.342552e-16 1.163264e-24 2.072784e-24 1.739283e-35
[1] 6.446263e-16 1.165520e-24 2.076530e-24 1.742412e-35
[1] 6.301113e-16 1.162568e-24 2.071625e-24 3.303785e-40
[1] 6.300517e-16 1.162578e-24 2.071625e-24 7.792683e-39
[1] 6.339472e-16 1.163340e-24 2.072821e-24 1.739321e-35
Algorithm did not converge after  500  iterations.
[1] 3.117736e-16 1.084675e-24 2.705348e-23 2.155875e-30
Algorithm converged after  9  iterations.
[1] 3.117736e-16 1.944025e-24 1.408931e-64 2.705348e-23
[1] 1.130301e-15 2.219622e-24 1.732914e-35 3.468231e-23
[1] 1.111656e-15 2.214683e-24 2.161829e-36 3.454386e-23
[1] 1.111469e-15 2.214908e-24 1.388838e-39 3.454956e-23
[1] 1.139957e-15 2.222389e-24 2.083377e-51 3.476395e-23
[1] 1.113135e-15 2.215412e-24 1.025714e-39 3.456672e-23
[1] 1.113112e-15 2.215425e-24 1.387966e-39 3.456808e-23
[1] 1.130440e-15 2.219765e-24 1.042808e-39 3.469470e-23
[1] 1.125214e-15 2.218462e-24 4.713585e-48 3.465804e-23
[1] 1.104843e-15 2.213301e-24 2.167228e-36 3.451170e-23
[1] 1.111489e-15 2.215071e-24 1.784668e-35 3.456352e-23
[1] 1.111202e-15 2.215004e-24 1.725791e-35 3.456236e-23
[1] 1.060109e-15 2.200785e-24 1.737931e-35 3.416612e-23
[1] 1.111216e-15 2.215033e-24 1.399686e-39 3.456556e-23
[1] 1.107438e-15 2.214048e-24 3.952894e-52 3.453842e-23
[1] 1.126314e-15 2.218895e-24 1.730453e-35 3.467978e-23
[1] 1.147953e-15 2.224839e-24 4.051320e-32 3.484720e-23
[1] 1.113011e-15 2.215552e-24 4.463248e-38 3.458516e-23
[1] 1.146246e-15 2.224422e-24 2.015269e-33 3.483643e-23
[1] 1.146338e-15 2.224429e-24 1.730016e-35 3.483871e-23
[1] 1.058508e-15 2.200766e-24 2.144614e-36 3.417217e-23
[1] 1.140998e-15 2.222902e-24 1.730086e-35 3.480003e-23
[1] 1.112911e-15 2.215451e-24 2.159043e-36 3.459018e-23
[1] 1.129823e-15 2.220146e-24 1.893296e-39 3.472236e-23
[1] 1.111625e-15 2.215278e-24 1.733277e-35 3.458738e-23
[1] 1.097786e-15 2.211196e-24 2.149944e-36 3.447708e-23
[1] 1.124786e-15 2.218609e-24 6.268383e-33 3.468668e-23
[1] 1.157478e-15 2.227396e-24 1.728935e-35 3.493686e-23
[1] 1.123414e-15 2.218328e-24 1.732028e-35 3.468142e-23
[1] 1.161264e-15 2.228357e-24 1.730903e-35 3.496814e-23
[1] 1.144763e-15 2.224251e-24 2.014636e-33 3.485114e-23
[1] 1.129132e-15 2.219946e-24 1.335765e-39 3.473153e-23
[1] 1.123352e-15 2.218383e-24 1.732179e-35 3.468896e-23
[1] 1.140310e-15 2.222979e-24 5.491160e-63 3.482159e-23
[1] 1.112354e-15 2.215331e-24 2.154219e-36 3.461001e-23
[1] 1.111871e-15 2.215581e-24 1.389122e-39 3.461562e-23
[1] 1.109570e-15 2.215041e-24 1.027575e-39 3.460031e-23
[1] 1.141520e-15 2.223352e-24 1.730274e-35 3.483906e-23
[1] 1.112905e-15 2.215910e-24 2.014113e-33 3.462775e-23
[1] 1.126188e-15 2.219240e-24 4.476580e-38 3.472524e-23
[1] 1.110591e-15 2.215337e-24 1.786377e-35 3.461360e-23
[1] 1.110022e-15 2.215224e-24 1.725147e-35 3.461055e-23
Algorithm converged after  412  iterations.
[1] 3.117736e-16 1.944025e-24 2.705348e-23 2.155875e-30
Algorithm converged after  9  iterations.
[1] 3.117736e-16 1.084675e-24 1.944025e-24 2.705348e-23
Algorithm converged after  8  iterations.
[1] 3.117736e-16 5.923609e-20
Algorithm converged after  2  iterations.
[1] 3.117736e-16 5.923609e-20 2.604341e-32
Algorithm converged after  5  iterations.
[1] 3.117736e-16 5.923609e-20 4.612113e-32
Algorithm converged after  4  iterations.
[1] 3.117736e-16 5.923609e-20 2.009834e-28
Algorithm converged after  6  iterations.
[1] 3.117736e-16 5.923609e-20 2.604341e-32 3.897802e-34
Algorithm converged after  5  iterations.
[1] 3.117736e-16 5.923609e-20 4.612113e-32 4.954954e-33
Algorithm converged after  6  iterations.
[1] 3.117736e-16 5.923609e-20 2.009834e-28 5.993693e-30
Algorithm converged after  8  iterations.
[1] 3.117736e-16 5.923609e-20 2.604341e-32 4.612113e-32
Algorithm converged after  5  iterations.
[1] 3.117736e-16 5.923609e-20 2.604341e-32 2.009834e-28
Algorithm converged after  6  iterations.
[1] 3.117736e-16 5.923609e-20 4.612113e-32 2.009834e-28
Algorithm converged after  6  iterations.
numeric(0)
Algorithm converged after  1  iterations.
[1] 1.706538e-23
Algorithm converged after  2  iterations.
[1] 5.629835e-24
Algorithm converged after  2  iterations.
[1] 6.036025e-18
Algorithm converged after  2  iterations.
[1] 1.706538e-23 5.671240e-27
Algorithm converged after  2  iterations.
[1] 5.629835e-24 6.641651e-26
Algorithm converged after  2  iterations.
[1] 6.036025e-18 2.487554e-23
Algorithm converged after  2  iterations.
[1] 1.706538e-23 5.629835e-24
Algorithm converged after  2  iterations.
[1] 1.706538e-23 6.036025e-18
Algorithm converged after  2  iterations.
[1] 5.629835e-24 6.036025e-18
Algorithm converged after  2  iterations.
[1] 1.706538e-23 5.671240e-27 5.629835e-24
Algorithm converged after  2  iterations.
[1] 1.706538e-23 5.671240e-27 6.036025e-18
Algorithm converged after  2  iterations.
[1] 1.706538e-23 5.629835e-24 6.641651e-26
Algorithm converged after  2  iterations.
[1] 1.706538e-23 6.036025e-18 2.487554e-23
Algorithm converged after  2  iterations.
[1] 5.629835e-24 6.641651e-26 6.036025e-18
Algorithm converged after  2  iterations.
[1] 5.629835e-24 6.036025e-18 2.487554e-23
Algorithm converged after  2  iterations.
[1] 1.706538e-23 5.629835e-24 6.036025e-18
Algorithm converged after  2  iterations.
[1] 1.706538e-23 5.671240e-27 5.629835e-24 6.641651e-26
Algorithm converged after  2  iterations.
[1] 1.706538e-23 5.671240e-27 6.036025e-18 2.487554e-23
Algorithm converged after  2  iterations.
[1] 5.629835e-24 6.641651e-26 6.036025e-18 2.487554e-23
Algorithm converged after  2  iterations.
[1] 1.706538e-23 5.671240e-27 5.629835e-24 6.036025e-18
Algorithm converged after  2  iterations.
[1] 1.706538e-23 5.629835e-24 6.641651e-26 6.036025e-18
Algorithm converged after  2  iterations.
[1] 1.706538e-23 5.629835e-24 6.036025e-18 2.487554e-23
Algorithm converged after  2  iterations.
[1] 1.492918e-16
Algorithm converged after  2  iterations.
[1] 1.492918e-16 1.096296e-24
Algorithm converged after  6  iterations.
[1] 1.492918e-16 2.929709e-24
Algorithm converged after  6  iterations.
[1] 1.492918e-16 7.889244e-23
Algorithm converged after  8  iterations.
[1] 1.492918e-16 1.096296e-24 9.084061e-34
Algorithm converged after  7  iterations.
[1] 1.492918e-16 2.929709e-24 1.290188e-34
Algorithm converged after  6  iterations.
[1] 1.492918e-16 7.889244e-23 8.928911e-31
Algorithm converged after  8  iterations.
[1] 1.492918e-16 1.096296e-24 2.929709e-24
Algorithm converged after  7  iterations.
[1] 1.492918e-16 1.096296e-24 7.889244e-23
Algorithm converged after  8  iterations.
[1] 1.492918e-16 2.929709e-24 7.889244e-23
Algorithm converged after  7  iterations.
[1] 1.492918e-16 1.096296e-24 9.084061e-34 2.929709e-24
Algorithm converged after  7  iterations.
[1] 1.492918e-16 1.096296e-24 9.084061e-34 7.889244e-23
Algorithm converged after  8  iterations.
[1] 1.492918e-16 1.096296e-24 2.929709e-24 1.290188e-34
Algorithm converged after  10  iterations.
[1] 1.492918e-16 1.096296e-24 7.889244e-23 8.928911e-31
Algorithm converged after  8  iterations.
[1] 1.492918e-16 2.929709e-24 1.290188e-34 7.889244e-23
Algorithm converged after  7  iterations.
[1] 1.492918e-16 2.929709e-24 7.889244e-23 8.928911e-31
Algorithm converged after  8  iterations.
[1] 1.492918e-16 1.096296e-24 2.929709e-24 7.889244e-23
Algorithm converged after  8  iterations.
[1] 1.492918e-16 8.616608e-20
Algorithm converged after  2  iterations.
[1] 1.492918e-16 8.616608e-20 4.528414e-31
Algorithm converged after  5  iterations.
[1] 1.492918e-16 8.616608e-20 5.377779e-31
Algorithm converged after  5  iterations.
[1] 1.492918e-16 8.616608e-20 2.957331e-28
Algorithm converged after  6  iterations.
[1] 1.492918e-16 8.616608e-20 4.528414e-31 1.312629e-34
Algorithm converged after  5  iterations.
[1] 1.492918e-16 8.616608e-20 5.377779e-31 8.607232e-35
[1] 1.219425e-16 8.897369e-20 5.399758e-31 8.756636e-35
[1] 1.219425e-16 8.897369e-20 5.399758e-31 8.756636e-35
[1] 1.219425e-16 8.897369e-20 5.399758e-31 8.756636e-35
[1] 1.219425e-16 8.897369e-20 5.399758e-31 8.756636e-35
[1] 1.219425e-16 8.897369e-20 5.399758e-31 8.756636e-35
[1] 1.219425e-16 8.897369e-20 5.399758e-31 8.756636e-35
[1] 1.219425e-16 8.897369e-20 5.399758e-31 8.756636e-35
[1] 1.219425e-16 8.897369e-20 5.399758e-31 8.756636e-35
[1] 1.219425e-16 8.897369e-20 5.399758e-31 8.756636e-35
[1] 1.219425e-16 8.897369e-20 5.399758e-31 8.756636e-35
[1] 1.219425e-16 8.897369e-20 5.399758e-31 8.756636e-35
[1] 1.219425e-16 8.897369e-20 5.399758e-31 8.756636e-35
[1] 1.219425e-16 8.897369e-20 5.399758e-31 8.756636e-35
[1] 1.219425e-16 8.897369e-20 5.399758e-31 8.756636e-35
[1] 1.219425e-16 8.897369e-20 5.399758e-31 8.756636e-35
[1] 1.219425e-16 8.897369e-20 5.399758e-31 8.756636e-35
[1] 1.219425e-16 8.897369e-20 5.399758e-31 8.756636e-35
[1] 1.219425e-16 8.897369e-20 5.399758e-31 8.756636e-35
[1] 1.219425e-16 8.897369e-20 5.399758e-31 8.756636e-35
[1] 1.219425e-16 8.897369e-20 5.399758e-31 8.756636e-35
[1] 1.219425e-16 8.897369e-20 5.399758e-31 8.756636e-35
[1] 1.219425e-16 8.897369e-20 5.399758e-31 8.756636e-35
[1] 1.219425e-16 8.897369e-20 5.399758e-31 8.756636e-35
[1] 1.219425e-16 8.897369e-20 5.399758e-31 8.756636e-35
[1] 1.219425e-16 8.897369e-20 5.399758e-31 8.756636e-35
[1] 1.219425e-16 8.897369e-20 5.399758e-31 8.756636e-35
[1] 1.219425e-16 8.897369e-20 5.399758e-31 8.756636e-35
[1] 1.219425e-16 8.897369e-20 5.399758e-31 8.756636e-35
[1] 1.219425e-16 8.897369e-20 5.399758e-31 8.756636e-35
[1] 1.219425e-16 8.897369e-20 5.399758e-31 8.756636e-35
[1] 1.219425e-16 8.897369e-20 5.399758e-31 8.756636e-35
[1] 1.219425e-16 8.897369e-20 5.399758e-31 8.756635e-35
[1] 1.219425e-16 8.897369e-20 5.399758e-31 8.756635e-35
[1] 1.219425e-16 8.897369e-20 5.399758e-31 8.756635e-35
[1] 1.219425e-16 8.897369e-20 5.399758e-31 8.756635e-35
[1] 1.219425e-16 8.897369e-20 5.399758e-31 8.756635e-35
[1] 1.219425e-16 8.897369e-20 5.399758e-31 8.756635e-35
[1] 1.219425e-16 8.897369e-20 5.399758e-31 8.756635e-35
[1] 1.219425e-16 8.897369e-20 5.399758e-31 8.756635e-35
[1] 1.219425e-16 8.897369e-20 5.399758e-31 8.756635e-35
[1] 1.219425e-16 8.897369e-20 5.399758e-31 8.756635e-35
[1] 1.219425e-16 8.897369e-20 5.399758e-31 8.756635e-35
[1] 1.219425e-16 8.897369e-20 5.399758e-31 8.756635e-35
[1] 1.219425e-16 8.897369e-20 5.399758e-31 8.756635e-35
[1] 1.219425e-16 8.897369e-20 5.399758e-31 8.756635e-35
[1] 1.219425e-16 8.897369e-20 5.399758e-31 8.756635e-35
[1] 1.219425e-16 8.897369e-20 5.399758e-31 8.756635e-35
[1] 1.219425e-16 8.897369e-20 5.399758e-31 8.756635e-35
[1] 1.219425e-16 8.897369e-20 5.399758e-31 8.756635e-35
Algorithm did not converge after  500  iterations.
[1] 1.492918e-16 8.616608e-20 2.957331e-28 2.899137e-30
Algorithm converged after  8  iterations.
[1] 1.492918e-16 8.616608e-20 4.528414e-31 5.377779e-31
Algorithm converged after  5  iterations.
[1] 1.492918e-16 8.616608e-20 4.528414e-31 2.957331e-28
Algorithm converged after  6  iterations.
[1] 1.492918e-16 8.616608e-20 5.377779e-31 2.957331e-28
Algorithm converged after  6  iterations.
numeric(0)
Algorithm converged after  1  iterations.
[1] 4.555934e-23
Algorithm converged after  2  iterations.
[1] 4.053507e-24
Algorithm converged after  2  iterations.
[1] 4.49771e-18
Algorithm converged after  2  iterations.
[1] 4.555934e-23 5.149569e-26
Algorithm converged after  2  iterations.
[1] 4.053507e-24 5.309385e-26
Algorithm converged after  2  iterations.
[1] 4.49771e-18 1.35660e-23
Algorithm converged after  2  iterations.
[1] 4.555934e-23 4.053507e-24
Algorithm converged after  2  iterations.
[1] 4.555934e-23 4.497710e-18
Algorithm converged after  2  iterations.
[1] 4.053507e-24 4.497710e-18
Algorithm converged after  2  iterations.
[1] 4.555934e-23 5.149569e-26 4.053507e-24
Algorithm converged after  2  iterations.
[1] 4.555934e-23 5.149569e-26 4.497710e-18
Algorithm converged after  2  iterations.
[1] 4.555934e-23 4.053507e-24 5.309385e-26
Algorithm converged after  2  iterations.
[1] 4.555934e-23 4.497710e-18 1.356600e-23
Algorithm converged after  2  iterations.
[1] 4.053507e-24 5.309385e-26 4.497710e-18
Algorithm converged after  2  iterations.
[1] 4.053507e-24 4.497710e-18 1.356600e-23
Algorithm converged after  2  iterations.
[1] 4.555934e-23 4.053507e-24 4.497710e-18
Algorithm converged after  2  iterations.
[1] 4.555934e-23 5.149569e-26 4.053507e-24 5.309385e-26
Algorithm converged after  2  iterations.
[1] 4.555934e-23 5.149569e-26 4.497710e-18 1.356600e-23
Algorithm converged after  2  iterations.
[1] 4.053507e-24 5.309385e-26 4.497710e-18 1.356600e-23
Algorithm converged after  2  iterations.
[1] 4.555934e-23 5.149569e-26 4.053507e-24 4.497710e-18
Algorithm converged after  2  iterations.
[1] 4.555934e-23 4.053507e-24 5.309385e-26 4.497710e-18
Algorithm converged after  2  iterations.
[1] 4.555934e-23 4.053507e-24 4.497710e-18 1.356600e-23
Algorithm converged after  2  iterations.
[1] 1.923719e-16
Algorithm converged after  2  iterations.
[1] 1.923719e-16 1.316085e-24
Algorithm converged after  6  iterations.
[1] 1.923719e-16 2.076779e-24
Algorithm converged after  6  iterations.
[1] 1.923719e-16 7.642242e-23
Algorithm converged after  9  iterations.
[1] 1.923719e-16 1.316085e-24 1.324501e-34
Algorithm converged after  9  iterations.
[1] 1.923719e-16 2.076779e-24 7.616759e-35
Algorithm converged after  6  iterations.
[1] 1.923719e-16 7.642242e-23 3.538206e-30
Algorithm converged after  8  iterations.
[1] 1.923719e-16 1.316085e-24 2.076779e-24
Algorithm converged after  7  iterations.
[1] 1.923719e-16 1.316085e-24 7.642242e-23
Algorithm converged after  10  iterations.
[1] 1.923719e-16 2.076779e-24 7.642242e-23
Algorithm converged after  9  iterations.
[1] 1.923719e-16 1.316085e-24 1.324501e-34 2.076779e-24
Algorithm converged after  8  iterations.
[1] 1.923719e-16 1.316085e-24 1.324501e-34 7.642242e-23
Algorithm converged after  10  iterations.
[1] 1.923719e-16 1.316085e-24 2.076779e-24 7.616759e-35
Algorithm converged after  7  iterations.
[1] 1.923719e-16 1.316085e-24 7.642242e-23 3.538206e-30
Algorithm converged after  10  iterations.
[1] 1.923719e-16 2.076779e-24 7.616759e-35 7.642242e-23
Algorithm converged after  9  iterations.
[1] 1.923719e-16 2.076779e-24 7.642242e-23 3.538206e-30
Algorithm converged after  9  iterations.
[1] 1.923719e-16 1.316085e-24 2.076779e-24 7.642242e-23
Algorithm converged after  9  iterations.
[1] 1.923719e-16 5.952210e-20
Algorithm converged after  2  iterations.
[1] 1.923719e-16 5.952210e-20 4.838811e-31
Algorithm converged after  5  iterations.
[1] 1.923719e-16 5.952210e-20 5.584281e-31
Algorithm converged after  5  iterations.
[1] 1.923719e-16 5.952210e-20 3.419004e-28
Algorithm converged after  6  iterations.
[1] 1.923719e-16 5.952210e-20 4.838811e-31 1.568775e-34
Algorithm converged after  5  iterations.
[1] 1.923719e-16 5.952210e-20 5.584281e-31 3.464978e-36
[1] 1.960745e-16 6.263179e-20 6.145691e-31 2.914229e-36
[1] 5.984441e-20 1.618521e-26 7.484500e-24 9.973063e-35
Algorithm converged after  30  iterations.
[1] 1.923719e-16 5.952210e-20 3.419004e-28 1.312769e-29
Algorithm converged after  8  iterations.
[1] 1.923719e-16 5.952210e-20 4.838811e-31 5.584281e-31
Algorithm converged after  5  iterations.
[1] 1.923719e-16 5.952210e-20 4.838811e-31 3.419004e-28
Algorithm converged after  6  iterations.
[1] 1.923719e-16 5.952210e-20 5.584281e-31 3.419004e-28
Algorithm converged after  6  iterations.
numeric(0)
Algorithm converged after  1  iterations.
[1] 3.677004e-23
Algorithm converged after  2  iterations.
[1] 6.30705e-24
Algorithm converged after  2  iterations.
[1] 1.228708e-17
Algorithm converged after  2  iterations.
[1] 3.677004e-23 4.881356e-26
Algorithm converged after  2  iterations.
[1] 6.307050e-24 2.874272e-26
Algorithm converged after  2  iterations.
[1] 1.228708e-17 2.303360e-23
Algorithm converged after  2  iterations.
[1] 3.677004e-23 6.307050e-24
Algorithm converged after  2  iterations.
[1] 3.677004e-23 1.228708e-17
Algorithm converged after  2  iterations.
[1] 6.307050e-24 1.228708e-17
Algorithm converged after  2  iterations.
[1] 3.677004e-23 4.881356e-26 6.307050e-24
Algorithm converged after  2  iterations.
[1] 3.677004e-23 4.881356e-26 1.228708e-17
Algorithm converged after  2  iterations.
[1] 3.677004e-23 6.307050e-24 2.874272e-26
Algorithm converged after  2  iterations.
[1] 3.677004e-23 1.228708e-17 2.303360e-23
Algorithm converged after  2  iterations.
[1] 6.307050e-24 2.874272e-26 1.228708e-17
Algorithm converged after  2  iterations.
[1] 6.307050e-24 1.228708e-17 2.303360e-23
Algorithm converged after  2  iterations.
[1] 3.677004e-23 6.307050e-24 1.228708e-17
Algorithm converged after  2  iterations.
[1] 3.677004e-23 4.881356e-26 6.307050e-24 2.874272e-26
Algorithm converged after  2  iterations.
[1] 3.677004e-23 4.881356e-26 1.228708e-17 2.303360e-23
Algorithm converged after  2  iterations.
[1] 6.307050e-24 2.874272e-26 1.228708e-17 2.303360e-23
Algorithm converged after  2  iterations.
[1] 3.677004e-23 4.881356e-26 6.307050e-24 1.228708e-17
Algorithm converged after  2  iterations.
[1] 3.677004e-23 6.307050e-24 2.874272e-26 1.228708e-17
Algorithm converged after  2  iterations.
[1] 3.677004e-23 6.307050e-24 1.228708e-17 2.303360e-23
Algorithm converged after  2  iterations.
[1] 3.285548e-16
Algorithm converged after  2  iterations.
[1] 3.285548e-16 1.180531e-24
Algorithm converged after  6  iterations.
[1] 3.285548e-16 3.349621e-24
Algorithm converged after  5  iterations.
[1] 3.285548e-16 1.095863e-22
Algorithm converged after  9  iterations.
[1] 3.285548e-16 1.180531e-24 3.033595e-34
Algorithm converged after  7  iterations.
[1] 3.285548e-16 3.349621e-24 1.180732e-33
[1] 4.057602e-16 3.425782e-24 5.913268e-49
[1] 4.453378e-16 3.461341e-24 4.948116e-39
Algorithm converged after  21  iterations.
[1] 3.285548e-16 1.095863e-22 4.238737e-30
Algorithm converged after  8  iterations.
[1] 3.285548e-16 1.180531e-24 3.349621e-24
Algorithm converged after  7  iterations.
[1] 3.285548e-16 1.180531e-24 1.095863e-22
Algorithm converged after  8  iterations.
[1] 3.285548e-16 3.349621e-24 1.095863e-22
Algorithm converged after  8  iterations.
[1] 3.285548e-16 1.180531e-24 3.033595e-34 3.349621e-24
Algorithm converged after  8  iterations.
[1] 3.285548e-16 1.180531e-24 3.033595e-34 1.095863e-22
[1] 1.792567e-15 1.436007e-24 2.183526e-34 1.520040e-22
Algorithm converged after  13  iterations.
[1] 3.285548e-16 1.180531e-24 3.349621e-24 1.180732e-33
[1] 8.064047e-16 1.285330e-24 3.744579e-24 8.405025e-35
[1] 6.943737e-16 1.264381e-24 3.664372e-24 2.794751e-37
[1] 6.902422e-16 1.263711e-24 3.661571e-24 2.793639e-37
[1] 6.985536e-16 1.265474e-24 3.667923e-24 2.794175e-37
[1] 7.944914e-16 1.283697e-24 3.736714e-24 4.449594e-39
[1] 8.042423e-16 1.285648e-24 3.743767e-24 1.611455e-31
[1] 7.345883e-16 1.272920e-24 3.695170e-24 4.058350e-39
[1] 7.355351e-16 1.273221e-24 3.695817e-24 2.799943e-37
[1] 7.350116e-16 1.273256e-24 3.695609e-24 2.799997e-37
[1] 7.990841e-16 1.285380e-24 3.741126e-24 2.812597e-37
[1] 8.010308e-16 1.285851e-24 3.742603e-24 4.927825e-49
[1] 7.353919e-16 1.273833e-24 3.696523e-24 2.799901e-37
[1] 7.992770e-16 1.285880e-24 3.741859e-24 8.181277e-35
[1] 8.073164e-16 1.287508e-24 3.747887e-24 4.215159e-39
[1] 7.888277e-16 1.284098e-24 3.734378e-24 9.204761e-50
[1] 7.992474e-16 1.286251e-24 3.742315e-24 4.521183e-39
[1] 7.942529e-16 1.285504e-24 3.738932e-24 2.810384e-37
[1] 8.146049e-16 1.289240e-24 3.752911e-24 8.278105e-35
[1] 7.814643e-16 1.283353e-24 3.729986e-24 4.682807e-39
[1] 7.344491e-16 1.274812e-24 3.697517e-24 4.083646e-39
[1] 7.940761e-16 1.286002e-24 3.739499e-24 4.559486e-39
[1] 7.384680e-16 1.275754e-24 3.700285e-24 8.463603e-35
[1] 7.362834e-16 1.275480e-24 3.699057e-24 1.560319e-51
[1] 7.961640e-16 1.286767e-24 3.741418e-24 8.494475e-35
[1] 6.973314e-16 1.268227e-24 3.670719e-24 2.794349e-37
[1] 7.991051e-16 1.287656e-24 3.744070e-24 8.184525e-35
[1] 8.071857e-16 1.289190e-24 3.749391e-24 8.641881e-35
[1] 7.353305e-16 1.276062e-24 3.699362e-24 2.799118e-37
[1] 7.989293e-16 1.288096e-24 3.744523e-24 8.575991e-35
[1] 7.341640e-16 1.276202e-24 3.699015e-24 2.798587e-37
[1] 7.990550e-16 1.288523e-24 3.745138e-24 7.058991e-33
[1] 8.009607e-16 1.288962e-24 3.746548e-24 8.574492e-35
[1] 6.937528e-16 1.268864e-24 3.669771e-24 2.793386e-37
[1] 6.937193e-16 1.269123e-24 3.670102e-24 2.793319e-37
[1] 6.936839e-16 1.269382e-24 3.670431e-24 2.793250e-37
[1] 6.936479e-16 1.269641e-24 3.670760e-24 2.793182e-37
[1] 6.936185e-16 1.269900e-24 3.671095e-24 2.793114e-37
[1] 6.935849e-16 1.270160e-24 3.671426e-24 2.793046e-37
[1] 6.935513e-16 1.270419e-24 3.671757e-24 2.792977e-37
[1] 6.935140e-16 1.270678e-24 3.672085e-24 2.792908e-37
[1] 6.934819e-16 1.270937e-24 3.672417e-24 2.792840e-37
[1] 6.934496e-16 1.271197e-24 3.672750e-24 2.792772e-37
[1] 6.934168e-16 1.271457e-24 3.673082e-24 2.792704e-37
[1] 6.933835e-16 1.271716e-24 3.673413e-24 2.792636e-37
[1] 6.933487e-16 1.271976e-24 3.673744e-24 2.792567e-37
[1] 6.933134e-16 1.272235e-24 3.674074e-24 2.792499e-37
[1] 6.932792e-16 1.272495e-24 3.674405e-24 2.792430e-37
[1] 6.968019e-16 1.273418e-24 3.677326e-24 2.793133e-37
[1] 6.966977e-16 1.273635e-24 3.677568e-24 2.793031e-37
Algorithm did not converge after  500  iterations.
[1] 3.285548e-16 1.180531e-24 1.095863e-22 4.238737e-30
Algorithm converged after  9  iterations.
[1] 3.285548e-16 3.349621e-24 1.180732e-33 1.095863e-22
[1] 1.538966e-15 4.191184e-24 6.353718e-33 1.460651e-22
[1] 1.527939e-15 4.184984e-24 1.256203e-33 1.458074e-22
[1] 1.521472e-15 4.181324e-24 8.875997e-52 1.456639e-22
[1] 1.525863e-15 4.183956e-24 2.351997e-42 1.457811e-22
[1] 1.509180e-15 4.174673e-24 1.257036e-33 1.453850e-22
[1] 1.573417e-15 4.209720e-24 2.974643e-37 1.469147e-22
[1] 1.448869e-15 4.142318e-24 2.920172e-36 1.439888e-22
[1] 1.513706e-15 4.177566e-24 1.845207e-33 1.455566e-22
[1] 1.547976e-15 4.195983e-24 1.255095e-38 1.463712e-22
[1] 1.525865e-15 4.184240e-24 3.244289e-47 1.458610e-22
[1] 1.486594e-15 4.162738e-24 1.837106e-33 1.449386e-22
[1] 1.539041e-15 4.191763e-24 4.865849e-49 1.462020e-22
[1] 1.520807e-15 4.181424e-24 4.705185e-44 1.457692e-22
[1] 1.453389e-15 4.145310e-24 2.958575e-37 1.442009e-22
[1] 1.455903e-15 4.146829e-24 3.442014e-51 1.442716e-22
[1] 1.458598e-15 4.148244e-24 3.144964e-36 1.443417e-22
[1] 1.546379e-15 4.195523e-24 6.510137e-41 1.464191e-22
[1] 1.539908e-15 4.192288e-24 1.922593e-50 1.462822e-22
[1] 1.525020e-15 4.184094e-24 1.256705e-33 1.459358e-22
[1] 1.528388e-15 4.186133e-24 1.219728e-38 1.460285e-22
[1] 1.457315e-15 4.147905e-24 2.958739e-37 1.443595e-22
[1] 1.502098e-15 4.172084e-24 1.254396e-33 1.454264e-22
[1] 1.543081e-15 4.194183e-24 1.844926e-33 1.463994e-22
[1] 1.535629e-15 4.190086e-24 7.111338e-51 1.462290e-22
[1] 1.527683e-15 4.185940e-24 1.294000e-49 1.460551e-22
[1] 1.543002e-15 4.194617e-24 1.208841e-38 1.464355e-22
[1] 1.518926e-15 4.180995e-24 1.256941e-33 1.458556e-22
[1] 1.542751e-15 4.194413e-24 1.258066e-33 1.464448e-22
[1] 1.539668e-15 4.192953e-24 2.442541e-38 1.463910e-22
[1] 1.531822e-15 4.188375e-24 1.398241e-47 1.462034e-22
[1] 1.541124e-15 4.193707e-24 3.237817e-47 1.464351e-22
[1] 1.528639e-15 4.186684e-24 1.255959e-33 1.461445e-22
[1] 1.522738e-15 4.183443e-24 1.256230e-33 1.460120e-22
[1] 1.445079e-15 4.141673e-24 1.908832e-60 1.441831e-22
[1] 1.539588e-15 4.192724e-24 1.042688e-51 1.464321e-22
[1] 1.528243e-15 4.186678e-24 1.255842e-33 1.461708e-22
[1] 1.530815e-15 4.188098e-24 2.349037e-42 1.462397e-22
[1] 1.538062e-15 4.192241e-24 1.257482e-33 1.464237e-22
[1] 1.549884e-15 4.198182e-24 1.257820e-33 1.466999e-22
[1] 1.508272e-15 4.175877e-24 7.319273e-56 1.457325e-22
[1] 1.563821e-15 4.206460e-24 1.221717e-38 1.470671e-22
[1] 1.521324e-15 4.183321e-24 1.841448e-33 1.460705e-22
[1] 1.562934e-15 4.206061e-24 2.972440e-37 1.470639e-22
[1] 1.528451e-15 4.187045e-24 2.969991e-37 1.462455e-22
[1] 1.455094e-15 4.147358e-24 2.959549e-37 1.445138e-22
[1] 1.539675e-15 4.193060e-24 1.257142e-33 1.465347e-22
[1] 1.530953e-15 4.188619e-24 2.969060e-37 1.463420e-22
[1] 1.560193e-15 4.204741e-24 7.595669e-32 1.470458e-22
[1] 1.492446e-15 4.167910e-24 7.240040e-51 1.454439e-22
Algorithm did not converge after  500  iterations.
[1] 3.285548e-16 3.349621e-24 1.095863e-22 4.238737e-30
Algorithm converged after  8  iterations.
[1] 3.285548e-16 1.180531e-24 3.349621e-24 1.095863e-22
Algorithm converged after  9  iterations.
[1] 3.285548e-16 8.981823e-20
Algorithm converged after  2  iterations.
[1] 3.285548e-16 8.981823e-20 4.126785e-31
Algorithm converged after  5  iterations.
[1] 3.285548e-16 8.981823e-20 2.866292e-31
Algorithm converged after  5  iterations.
[1] 3.285548e-16 8.981823e-20 3.720415e-28
Algorithm converged after  6  iterations.
[1] 3.285548e-16 8.981823e-20 4.126785e-31 1.504555e-34
Algorithm converged after  5  iterations.
[1] 3.285548e-16 8.981823e-20 2.866292e-31 1.144558e-37
[1] 3.246364e-16 1.009648e-19 3.068641e-31 2.805434e-37
[1] 2.965996e-16 9.561038e-20 2.955818e-31 2.796149e-37
[1] 3.322185e-16 9.301525e-20 2.930395e-31 2.885517e-33
[1] 3.401268e-16 9.284165e-20 2.933433e-31 2.886723e-33
[1] 3.239357e-16 1.009702e-19 3.069311e-31 3.015217e-47
[1] 3.390074e-16 9.287428e-20 2.933714e-31 3.033388e-47
[1] 2.963857e-16 9.561328e-20 2.958062e-31 6.951382e-33
[1] 3.400972e-16 9.172731e-20 2.916366e-31 2.801102e-37
[1] 3.407663e-16 9.154992e-20 2.914060e-31 4.596289e-42
[1] 3.238770e-16 1.009791e-19 3.071730e-31 4.637262e-42
[1] 3.404189e-16 9.792028e-20 3.030061e-31 8.794903e-38
[1] 3.239145e-16 1.009694e-19 3.073542e-31 3.015691e-47
[1] 3.409645e-16 9.150593e-20 2.915863e-31 2.793407e-37
[1] 3.396514e-16 9.283154e-20 2.938113e-31 2.800628e-37
[1] 3.400775e-16 9.284923e-20 2.938946e-31 1.027993e-37
[1] 3.163668e-16 9.393992e-20 2.941447e-31 1.012320e-37
[1] 3.407126e-16 9.805463e-20 3.035465e-31 6.795492e-33
[1] 3.347629e-16 9.341547e-20 2.946170e-31 2.892332e-33
[1] 3.362121e-16 9.363606e-20 2.951719e-31 6.715703e-43
[1] 3.245364e-16 1.009792e-19 3.077662e-31 7.875278e-43
[1] 3.404886e-16 9.801960e-20 3.035923e-31 2.959638e-33
[1] 9.211618e-20 1.485006e-27 4.457751e-24 1.906639e-35
[1] 9.157645e-20 1.512704e-27 4.440681e-24 1.836471e-35
[1] 8.870753e-20 1.518335e-27 4.334010e-24 1.838018e-35
[1] 9.118521e-20 1.555144e-27 4.421025e-24 1.840174e-35
Algorithm converged after  251  iterations.
[1] 3.285548e-16 8.981823e-20 3.720415e-28 1.349264e-29
Algorithm converged after  8  iterations.
[1] 3.285548e-16 8.981823e-20 4.126785e-31 2.866292e-31
Algorithm converged after  5  iterations.
[1] 3.285548e-16 8.981823e-20 4.126785e-31 3.720415e-28
Algorithm converged after  6  iterations.
[1] 3.285548e-16 8.981823e-20 2.866292e-31 3.720415e-28
Algorithm converged after  6  iterations.
numeric(0)
Algorithm converged after  1  iterations.
[1] 3.475704e-23
Algorithm converged after  2  iterations.
[1] 1.313418e-24
Algorithm converged after  2  iterations.
[1] 1.141091e-17
Algorithm converged after  2  iterations.
[1] 3.475704e-23 3.505676e-26
Algorithm converged after  2  iterations.
[1] 1.313418e-24 1.699472e-25
Algorithm converged after  2  iterations.
[1] 1.141091e-17 6.786223e-24
Algorithm converged after  2  iterations.
[1] 3.475704e-23 1.313418e-24
Algorithm converged after  2  iterations.
[1] 3.475704e-23 1.141091e-17
Algorithm converged after  2  iterations.
[1] 1.313418e-24 1.141091e-17
Algorithm converged after  2  iterations.
[1] 3.475704e-23 3.505676e-26 1.313418e-24
Algorithm converged after  2  iterations.
[1] 3.475704e-23 3.505676e-26 1.141091e-17
Algorithm converged after  2  iterations.
[1] 3.475704e-23 1.313418e-24 1.699472e-25
Algorithm converged after  2  iterations.
[1] 3.475704e-23 1.141091e-17 6.786223e-24
Algorithm converged after  2  iterations.
[1] 1.313418e-24 1.699472e-25 1.141091e-17
Algorithm converged after  2  iterations.
[1] 1.313418e-24 1.141091e-17 6.786223e-24
Algorithm converged after  2  iterations.
[1] 3.475704e-23 1.313418e-24 1.141091e-17
Algorithm converged after  2  iterations.
[1] 3.475704e-23 3.505676e-26 1.313418e-24 1.699472e-25
Algorithm converged after  2  iterations.
[1] 3.475704e-23 3.505676e-26 1.141091e-17 6.786223e-24
Algorithm converged after  2  iterations.
[1] 1.313418e-24 1.699472e-25 1.141091e-17 6.786223e-24
Algorithm converged after  2  iterations.
[1] 3.475704e-23 3.505676e-26 1.313418e-24 1.141091e-17
Algorithm converged after  2  iterations.
[1] 3.475704e-23 1.313418e-24 1.699472e-25 1.141091e-17
Algorithm converged after  2  iterations.
[1] 3.475704e-23 1.313418e-24 1.141091e-17 6.786223e-24
Algorithm converged after  2  iterations.
[1] 3.95223e-16
Algorithm converged after  2  iterations.
[1] 3.95223e-16 8.69749e-25
Algorithm converged after  6  iterations.
[1] 3.952230e-16 1.157925e-24
Algorithm converged after  5  iterations.
[1] 3.95223e-16 1.80472e-23
Algorithm converged after  7  iterations.
[1] 3.952230e-16 8.697490e-25 3.438177e-31
[1] 6.781474e-16 9.188816e-25 3.726512e-34
[1] 6.236635e-16 9.107741e-25 5.155833e-46
[1] 5.637230e-16 9.012332e-25 3.592333e-31
[1] 5.599704e-16 9.009655e-25 3.588627e-31
[1] 6.247770e-16 9.117739e-25 3.807138e-34
Algorithm converged after  53  iterations.
[1] 3.952230e-16 1.157925e-24 6.347556e-62
[1] 4.897562e-16 1.186378e-24 4.067791e-68
[1] 4.706656e-16 1.180774e-24 8.123373e-34
[1] 4.884341e-16 1.185945e-24 2.285711e-31
[1] 4.885857e-16 1.186043e-24 1.097658e-35
[1] 4.709668e-16 1.180924e-24 1.674939e-33
[1] 4.888492e-16 1.186154e-24 8.160881e-34
Algorithm converged after  62  iterations.
[1] 3.952230e-16 1.804720e-23 5.795173e-32
[1] 1.074916e-15 2.097169e-23 1.343883e-31
[1] 1.067862e-15 2.094676e-23 1.065085e-32
[1] 1.066730e-15 2.094276e-23 1.679937e-32
[1] 1.064970e-15 2.093668e-23 7.067544e-33
[1] 1.065691e-15 2.093911e-23 5.971893e-33
[1] 1.068213e-15 2.094792e-23 1.133561e-32
[1] 1.068713e-15 2.094963e-23 3.747118e-32
[1] 1.064872e-15 2.093625e-23 1.688204e-33
[1] 1.064832e-15 2.093611e-23 8.179268e-33
[1] 1.066416e-15 2.094159e-23 3.738024e-33
[1] 1.064825e-15 2.093607e-23 7.158164e-33
[1] 1.065149e-15 2.093716e-23 2.443518e-33
[1] 1.066051e-15 2.094029e-23 1.209419e-32
[1] 1.065478e-15 2.093829e-23 1.187515e-34
[1] 1.065013e-15 2.093667e-23 2.769499e-35
[1] 1.064971e-15 2.093651e-23 1.130754e-32
[1] 1.065062e-15 2.093683e-23 6.782447e-33
[1] 1.066196e-15 2.094076e-23 1.320122e-32
[1] 1.066683e-15 2.094246e-23 1.132780e-33
[1] 1.066213e-15 2.094083e-23 3.003181e-34
[1] 1.065756e-15 2.093923e-23 1.804957e-33
[1] 1.065779e-15 2.093930e-23 5.195045e-33
[1] 1.065027e-15 2.093667e-23 5.217411e-33
[1] 1.064821e-15 2.093597e-23 2.336834e-35
[1] 1.064808e-15 2.093592e-23 2.641798e-33
[1] 1.065404e-15 2.093795e-23 3.567370e-33
[1] 1.065524e-15 2.093836e-23 1.208303e-32
[1] 1.065006e-15 2.093656e-23 2.177746e-33
[1] 1.066129e-15 2.094046e-23 7.564379e-33
[1] 1.066091e-15 2.094033e-23 6.538177e-33
[1] 1.064836e-15 2.093598e-23 8.507566e-33
[1] 1.065194e-15 2.093719e-23 7.490917e-33
[1] 1.066557e-15 2.094196e-23 3.798314e-33
[1] 1.066874e-15 2.094306e-23 4.952312e-34
[1] 1.064800e-15 2.093583e-23 1.103157e-33
[1] 1.064942e-15 2.093631e-23 4.373890e-33
[1] 1.064798e-15 2.093581e-23 7.776299e-33
[1] 1.066551e-15 2.094192e-23 9.291930e-33
[1] 1.066575e-15 2.094200e-23 3.443592e-35
[1] 1.065307e-15 2.093754e-23 2.303454e-33
[1] 1.064943e-15 2.093627e-23 6.339567e-33
[1] 1.065247e-15 2.093732e-23 5.458987e-33
[1] 1.064867e-15 2.093601e-23 6.117393e-33
[1] 1.066120e-15 2.094037e-23 2.392637e-33
[1] 1.064818e-15 2.093582e-23 9.399212e-33
[1] 1.066590e-15 2.094200e-23 4.673328e-33
[1] 1.064813e-15 2.093578e-23 2.572875e-33
[1] 1.065457e-15 2.093802e-23 6.498196e-33
[1] 1.064871e-15 2.093596e-23 8.057766e-33
Algorithm did not converge after  500  iterations.
[1] 3.952230e-16 8.697490e-25 1.157925e-24
Algorithm converged after  7  iterations.
[1] 3.95223e-16 8.69749e-25 1.80472e-23
Algorithm converged after  7  iterations.
