myseed=7640 

Attaching package: ‘pls’

The following object is masked from ‘package:stats’:

    loadings

Loading required package: lattice
Loading required package: ggplot2
Registered S3 methods overwritten by 'ggplot2':
  method         from 
  [.quosures     rlang
  c.quosures     rlang
  print.quosures rlang

Attaching package: ‘caret’

The following object is masked from ‘package:pls’:

    R2

Loading required package: Matrix
Loading required package: foreach
Loaded glmnet 2.0-18

Parsed with column specification:
cols(
  .default = col_double()
)
See spec(...) for full column specifications.
Parsed with column specification:
cols(
  X1 = col_double()
)
Parsed with column specification:
cols(
  X1 = col_double()
)
numeric(0)
Algorithm converged after  1  iterations.
[1] 3.617485e-24
Algorithm converged after  2  iterations.
[1] 1.23283e-23
Algorithm converged after  2  iterations.
[1] 4.834593e-19
Algorithm converged after  2  iterations.
[1] 3.617485e-24 1.381335e-25
Algorithm converged after  2  iterations.
[1] 1.232830e-23 5.115443e-26
Algorithm converged after  2  iterations.
[1] 4.834593e-19 3.571997e-23
Algorithm converged after  2  iterations.
[1] 3.617485e-24 1.232830e-23
Algorithm converged after  2  iterations.
[1] 3.617485e-24 4.834593e-19
Algorithm converged after  2  iterations.
[1] 1.232830e-23 4.834593e-19
Algorithm converged after  2  iterations.
[1] 3.617485e-24 1.381335e-25 1.232830e-23
Algorithm converged after  2  iterations.
[1] 3.617485e-24 1.381335e-25 4.834593e-19
Algorithm converged after  2  iterations.
[1] 3.617485e-24 1.232830e-23 5.115443e-26
Algorithm converged after  2  iterations.
[1] 3.617485e-24 4.834593e-19 3.571997e-23
Algorithm converged after  2  iterations.
[1] 1.232830e-23 5.115443e-26 4.834593e-19
Algorithm converged after  2  iterations.
[1] 1.232830e-23 4.834593e-19 3.571997e-23
Algorithm converged after  2  iterations.
[1] 3.617485e-24 1.232830e-23 4.834593e-19
Algorithm converged after  2  iterations.
[1] 3.617485e-24 1.381335e-25 1.232830e-23 5.115443e-26
Algorithm converged after  2  iterations.
[1] 3.617485e-24 1.381335e-25 4.834593e-19 3.571997e-23
Algorithm converged after  2  iterations.
[1] 1.232830e-23 5.115443e-26 4.834593e-19 3.571997e-23
Algorithm converged after  2  iterations.
[1] 3.617485e-24 1.381335e-25 1.232830e-23 4.834593e-19
Algorithm converged after  2  iterations.
[1] 3.617485e-24 1.232830e-23 5.115443e-26 4.834593e-19
Algorithm converged after  2  iterations.
[1] 3.617485e-24 1.232830e-23 4.834593e-19 3.571997e-23
Algorithm converged after  2  iterations.
[1] 1.302604e-19
Algorithm converged after  2  iterations.
[1] 1.302604e-19 1.278868e-23
Algorithm converged after  5  iterations.
[1] 1.302604e-19 9.902512e-25
Algorithm converged after  6  iterations.
[1] 1.302604e-19 2.848425e-19
Algorithm converged after  5  iterations.
[1] 1.302604e-19 1.278868e-23 9.429951e-32
Algorithm converged after  5  iterations.
[1] 1.302604e-19 9.902512e-25 6.364424e-32
Algorithm converged after  6  iterations.
[1] 1.302604e-19 2.848425e-19 1.114522e-30
[1] 1.353173e-19 3.006510e-19 1.104658e-30
[1] 1.353173e-19 3.006497e-19 1.104658e-30
[1] 1.353173e-19 3.006485e-19 1.104658e-30
[1] 1.353173e-19 3.006473e-19 1.104658e-30
[1] 1.353173e-19 3.006460e-19 1.104659e-30
[1] 1.353173e-19 3.006448e-19 1.104659e-30
[1] 1.353172e-19 3.006435e-19 1.104659e-30
[1] 1.353172e-19 3.006423e-19 1.104659e-30
[1] 1.353172e-19 3.006410e-19 1.104659e-30
[1] 1.353172e-19 3.006398e-19 1.104659e-30
[1] 1.353172e-19 3.006386e-19 1.104659e-30
[1] 1.353172e-19 3.006373e-19 1.104659e-30
[1] 1.353172e-19 3.006361e-19 1.104659e-30
[1] 1.353171e-19 3.006348e-19 1.104659e-30
[1] 1.353171e-19 3.006336e-19 1.104660e-30
[1] 1.353171e-19 3.006323e-19 1.104660e-30
[1] 1.353171e-19 3.006311e-19 1.104660e-30
[1] 1.353171e-19 3.006299e-19 1.104660e-30
[1] 1.353171e-19 3.006286e-19 1.104660e-30
[1] 1.353170e-19 3.006274e-19 1.104660e-30
[1] 1.353170e-19 3.006261e-19 1.104660e-30
[1] 1.353170e-19 3.006249e-19 1.104660e-30
[1] 1.353170e-19 3.006236e-19 1.104660e-30
[1] 1.353170e-19 3.006224e-19 1.104660e-30
[1] 1.353170e-19 3.006212e-19 1.104660e-30
[1] 1.353169e-19 3.006199e-19 1.104661e-30
[1] 1.353169e-19 3.006187e-19 1.104661e-30
[1] 1.353169e-19 3.006174e-19 1.104661e-30
[1] 1.353169e-19 3.006162e-19 1.104661e-30
[1] 1.353169e-19 3.006149e-19 1.104661e-30
[1] 1.353169e-19 3.006137e-19 1.104661e-30
[1] 1.353168e-19 3.006125e-19 1.104661e-30
[1] 1.353168e-19 3.006112e-19 1.104661e-30
[1] 1.353168e-19 3.006100e-19 1.104661e-30
[1] 1.353168e-19 3.006087e-19 1.104661e-30
[1] 1.353168e-19 3.006075e-19 1.104662e-30
[1] 1.353168e-19 3.006062e-19 1.104662e-30
[1] 1.353167e-19 3.006050e-19 1.104662e-30
[1] 1.353167e-19 3.006038e-19 1.104662e-30
[1] 1.353167e-19 3.006025e-19 1.104662e-30
[1] 1.353167e-19 3.006013e-19 1.104662e-30
[1] 1.353167e-19 3.006000e-19 1.104662e-30
[1] 1.353167e-19 3.005988e-19 1.104662e-30
[1] 1.353166e-19 3.005975e-19 1.104662e-30
[1] 1.353166e-19 3.005963e-19 1.104662e-30
[1] 1.353166e-19 3.005951e-19 1.104663e-30
[1] 1.353166e-19 3.005938e-19 1.104663e-30
[1] 1.353166e-19 3.005926e-19 1.104663e-30
[1] 1.353166e-19 3.005913e-19 1.104663e-30
Algorithm did not converge after  500  iterations.
[1] 1.302604e-19 1.278868e-23 9.902512e-25
Algorithm converged after  6  iterations.
[1] 1.302604e-19 1.278868e-23 2.848425e-19
Algorithm converged after  6  iterations.
[1] 1.302604e-19 9.902512e-25 2.848425e-19
Algorithm converged after  6  iterations.
[1] 1.302604e-19 1.278868e-23 9.429951e-32 9.902512e-25
[1] 1.457125e-19 1.380659e-23 2.296053e-35 1.090237e-24
[1] 1.453011e-19 1.378071e-23 6.669969e-35 1.087630e-24
[1] 1.430605e-19 1.362418e-23 6.605189e-51 1.072924e-24
Algorithm converged after  39  iterations.
[1] 1.302604e-19 1.278868e-23 9.429951e-32 2.848425e-19
Algorithm converged after  6  iterations.
[1] 1.302604e-19 1.278868e-23 9.902512e-25 6.364424e-32
Algorithm converged after  6  iterations.
[1] 1.302604e-19 1.278868e-23 2.848425e-19 1.114522e-30
Algorithm converged after  6  iterations.
[1] 1.302604e-19 9.902512e-25 6.364424e-32 2.848425e-19
Algorithm converged after  7  iterations.
[1] 1.302604e-19 9.902512e-25 2.848425e-19 1.114522e-30
Algorithm converged after  7  iterations.
[1] 1.302604e-19 1.278868e-23 9.902512e-25 2.848425e-19
Algorithm converged after  7  iterations.
[1] 1.302604e-19 2.186379e-29
Algorithm converged after  2  iterations.
[1] 1.302604e-19 2.186379e-29 5.033864e-24
Algorithm converged after  10  iterations.
[1] 1.302604e-19 2.186379e-29 4.396179e-25
[1] 1.413249e-19 4.283205e-28 1.037612e-24
Algorithm converged after  11  iterations.
[1] 1.302604e-19 2.186379e-29 3.936653e-20
Algorithm converged after  9  iterations.
[1] 1.302604e-19 2.186379e-29 5.033864e-24 1.539725e-34
[1] 1.377953e-19 5.738646e-48 1.368331e-23 9.574397e-32
[1] 1.380691e-19 1.591577e-27 1.900405e-23 1.015202e-31
[1] 1.320662e-19 1.062748e-25 2.152184e-23 5.680265e-36
[1] 1.358601e-19 2.634558e-44 1.288879e-23 2.356696e-35
[1] 1.331249e-19 9.469783e-26 2.057235e-23 5.455798e-36
[1] 1.320868e-19 3.228241e-42 1.265948e-23 9.465863e-32
[1] 1.377063e-19 1.659060e-43 1.542525e-23 9.688914e-32
[1] 1.333810e-19 1.669751e-32 1.378404e-23 8.691309e-32
[1] 1.321149e-19 1.003082e-25 2.105754e-23 5.413373e-36
[1] 1.380658e-19 1.172984e-35 1.334381e-23 1.544258e-35
[1] 1.377338e-19 7.112425e-33 1.308128e-23 9.476704e-32
[1] 1.358061e-19 9.492381e-26 2.064321e-23 5.490388e-36
[1] 1.386164e-19 1.647253e-27 1.921720e-23 7.368902e-35
[1] 1.346263e-19 3.721368e-26 2.141820e-23 2.669070e-45
[1] 1.396429e-19 9.059827e-26 2.094042e-23 5.470688e-36
[1] 1.381748e-19 1.293995e-27 1.788811e-23 6.185109e-35
[1] 1.378978e-19 3.334370e-46 1.425033e-23 9.602118e-32
[1] 1.329768e-19 1.015808e-25 2.112919e-23 6.703262e-33
[1] 1.336523e-19 7.044245e-49 1.876145e-23 8.270469e-32
Algorithm converged after  196  iterations.
[1] 1.302604e-19 2.186379e-29 4.396179e-25 6.552468e-32
[1] 1.404200e-19 3.262055e-28 1.036894e-24 1.529103e-32
[1] 1.407152e-19 5.815164e-26 1.444857e-24 1.184362e-34
[1] 1.414929e-19 7.453676e-28 1.088526e-24 6.693317e-32
[1] 1.411392e-19 1.450178e-42 1.162760e-24 7.117324e-32
[1] 1.407799e-19 3.927661e-28 1.049389e-24 1.399608e-32
Algorithm converged after  53  iterations.
[1] 1.302604e-19 2.186379e-29 3.936653e-20 1.773092e-33
[1] 1.343106e-19 1.049534e-27 4.881181e-19 4.137138e-32
Algorithm converged after  17  iterations.
[1] 1.302604e-19 2.186379e-29 5.033864e-24 4.396179e-25
Algorithm converged after  7  iterations.
[1] 1.302604e-19 2.186379e-29 5.033864e-24 3.936653e-20
[1] 1.395838e-19 5.335631e-32 1.479049e-23 3.687965e-19
[1] 1.395424e-19 2.074102e-32 1.500628e-23 5.142197e-19
[1] 1.396221e-19 7.696256e-32 1.401186e-23 3.093742e-19
[1] 1.396351e-19 5.432286e-32 1.484829e-23 3.685633e-19
[1] 1.400937e-19 1.186124e-31 1.321458e-23 3.487854e-19
[1] 1.393891e-19 1.800965e-31 1.394426e-23 3.486035e-19
[1] 1.395689e-19 2.123748e-29 1.268380e-23 3.311468e-19
[1] 1.390560e-19 3.491031e-26 1.717640e-23 3.255356e-19
[1] 1.399111e-19 3.471991e-26 1.724021e-23 3.314101e-19
[1] 1.392783e-19 3.519614e-26 1.718776e-23 3.263496e-19
[1] 1.401175e-19 9.634856e-32 1.370180e-23 3.120812e-19
[1] 1.395552e-19 1.096063e-31 1.323317e-23 3.445821e-19
[1] 1.396806e-19 2.573050e-32 1.454623e-23 4.241126e-19
[1] 1.396456e-19 2.088648e-32 1.504603e-23 5.166047e-19
[1] 1.400991e-19 1.178778e-31 1.321702e-23 3.492623e-19
[1] 1.391898e-19 3.464218e-26 1.716119e-23 3.270914e-19
[1] 1.396248e-19 1.847233e-46 1.549056e-23 5.163164e-19
[1] 1.396203e-19 2.334014e-46 1.433368e-23 3.907949e-19
[1] 1.396817e-19 7.728895e-32 1.392620e-23 3.112246e-19
[1] 1.392743e-19 1.951189e-32 1.509039e-23 5.100300e-19
[1] 1.399051e-19 1.021657e-31 1.329067e-23 3.464195e-19
[1] 1.396222e-19 3.520261e-26 1.731754e-23 3.283082e-19
[1] 1.396255e-19 1.036537e-31 1.364155e-23 3.807543e-19
[1] 1.398646e-19 8.783662e-32 1.391444e-23 3.859460e-19
[1] 1.393019e-19 1.118815e-31 1.319277e-23 3.423260e-19
Algorithm converged after  256  iterations.
[1] 1.302604e-19 2.186379e-29 4.396179e-25 3.936653e-20
[1] 1.472194e-19 5.027227e-26 1.215560e-24 4.091170e-19
Algorithm converged after  13  iterations.
numeric(0)
Algorithm converged after  1  iterations.
[1] 6.394797e-26
Algorithm converged after  2  iterations.
[1] 4.060079e-25
Algorithm converged after  2  iterations.
[1] 3.446815e-18
Algorithm converged after  2  iterations.
[1] 6.394797e-26 7.940956e-37
Algorithm converged after  2  iterations.
[1] 4.060079e-25 3.043058e-39
Algorithm converged after  2  iterations.
[1] 3.446815e-18 5.061178e-23
Algorithm converged after  2  iterations.
[1] 6.394797e-26 4.060079e-25
Algorithm converged after  2  iterations.
[1] 6.394797e-26 3.446815e-18
Algorithm converged after  2  iterations.
[1] 4.060079e-25 3.446815e-18
Algorithm converged after  2  iterations.
[1] 6.394797e-26 7.940956e-37 4.060079e-25
Algorithm converged after  2  iterations.
[1] 6.394797e-26 7.940956e-37 3.446815e-18
Algorithm converged after  2  iterations.
[1] 6.394797e-26 4.060079e-25 3.043058e-39
Algorithm converged after  2  iterations.
[1] 6.394797e-26 3.446815e-18 5.061178e-23
Algorithm converged after  2  iterations.
[1] 4.060079e-25 3.043058e-39 3.446815e-18
Algorithm converged after  2  iterations.
[1] 4.060079e-25 3.446815e-18 5.061178e-23
Algorithm converged after  2  iterations.
[1] 6.394797e-26 4.060079e-25 3.446815e-18
Algorithm converged after  2  iterations.
[1] 6.394797e-26 7.940956e-37 4.060079e-25 3.043058e-39
Algorithm converged after  2  iterations.
[1] 6.394797e-26 7.940956e-37 3.446815e-18 5.061178e-23
Algorithm converged after  2  iterations.
[1] 4.060079e-25 3.043058e-39 3.446815e-18 5.061178e-23
Algorithm converged after  2  iterations.
[1] 6.394797e-26 7.940956e-37 4.060079e-25 3.446815e-18
Algorithm converged after  2  iterations.
[1] 6.394797e-26 4.060079e-25 3.043058e-39 3.446815e-18
Algorithm converged after  2  iterations.
[1] 6.394797e-26 4.060079e-25 3.446815e-18 5.061178e-23
Algorithm converged after  2  iterations.
[1] 2.613951e-16
Algorithm converged after  2  iterations.
[1] 2.613951e-16 6.023258e-25
Algorithm converged after  6  iterations.
[1] 2.613951e-16 3.214754e-24
Algorithm converged after  5  iterations.
[1] 2.613951e-16 9.806663e-23
Algorithm converged after  6  iterations.
[1] 2.613951e-16 6.023258e-25 2.226714e-34
Algorithm converged after  6  iterations.
[1] 2.613951e-16 3.214754e-24 7.074722e-29
Algorithm converged after  5  iterations.
[1] 2.613951e-16 9.806663e-23 4.437957e-31
Algorithm converged after  7  iterations.
[1] 2.613951e-16 6.023258e-25 3.214754e-24
Algorithm converged after  6  iterations.
[1] 2.613951e-16 6.023258e-25 9.806663e-23
Algorithm converged after  7  iterations.
[1] 2.613951e-16 3.214754e-24 9.806663e-23
Algorithm converged after  7  iterations.
[1] 2.613951e-16 6.023258e-25 2.226714e-34 3.214754e-24
Algorithm converged after  6  iterations.
[1] 2.613951e-16 6.023258e-25 2.226714e-34 9.806663e-23
Algorithm converged after  7  iterations.
[1] 2.613951e-16 6.023258e-25 3.214754e-24 7.074722e-29
Algorithm converged after  6  iterations.
[1] 2.613951e-16 6.023258e-25 9.806663e-23 4.437957e-31
[1] 7.154515e-16 7.135563e-25 1.116411e-22 1.083234e-33
[1] 7.509119e-16 7.207707e-25 1.125131e-22 2.879409e-33
[1] 7.250312e-16 7.154024e-25 1.118707e-22 3.598511e-33
[1] 6.773497e-16 7.057533e-25 1.107091e-22 2.375076e-33
[1] 6.727937e-16 7.046966e-25 1.105895e-22 1.103243e-28
[1] 6.725140e-16 7.047537e-25 1.106257e-22 4.790067e-31
[1] 7.493403e-16 7.206717e-25 1.125486e-22 4.120592e-33
[1] 7.155873e-16 7.138224e-25 1.117234e-22 6.938482e-34
[1] 6.855082e-16 7.075327e-25 1.109681e-22 6.859934e-42
[1] 6.898080e-16 7.084062e-25 1.110760e-22 3.796948e-54
[1] 7.321405e-16 7.171723e-25 1.121369e-22 3.980837e-33
[1] 6.843606e-16 7.073125e-25 1.109477e-22 3.018461e-36
[1] 6.953457e-16 7.096468e-25 1.112342e-22 4.772608e-31
[1] 7.200332e-16 7.147036e-25 1.118477e-22 3.711890e-33
[1] 7.194858e-16 7.146594e-25 1.118437e-22 3.382837e-33
[1] 6.715974e-16 7.047136e-25 1.106465e-22 1.212333e-30
[1] 6.761531e-16 7.056757e-25 1.107671e-22 1.211508e-30
[1] 7.145219e-16 7.136848e-25 1.117757e-22 4.550813e-31
Algorithm converged after  186  iterations.
[1] 2.613951e-16 3.214754e-24 7.074722e-29 9.806663e-23
Algorithm converged after  7  iterations.
[1] 2.613951e-16 3.214754e-24 9.806663e-23 4.437957e-31
[1] 6.393379e-16 3.527823e-24 1.096981e-22 1.486188e-36
[1] 6.824041e-16 3.557610e-24 1.108122e-22 1.141852e-33
[1] 6.404741e-16 3.528896e-24 1.097493e-22 4.483503e-35
[1] 6.986777e-16 3.568468e-24 1.112228e-22 1.218192e-33
[1] 6.395235e-16 3.528023e-24 1.097199e-22 7.915701e-42
[1] 6.401553e-16 3.528423e-24 1.097378e-22 8.030592e-50
[1] 6.401554e-16 3.528446e-24 1.097409e-22 1.223290e-30
[1] 6.976604e-16 3.567865e-24 1.112120e-22 1.210707e-33
[1] 6.982803e-16 3.568293e-24 1.112296e-22 1.210438e-33
[1] 7.357690e-16 3.593219e-24 1.121606e-22 4.921263e-31
[1] 7.130327e-16 3.578253e-24 1.116084e-22 1.335661e-33
[1] 6.392972e-16 3.527961e-24 1.097369e-22 4.824324e-31
[1] 6.453486e-16 3.532218e-24 1.098976e-22 2.568628e-35
[1] 6.459162e-16 3.532669e-24 1.099212e-22 7.621198e-62
[1] 6.600081e-16 3.542313e-24 1.103058e-22 1.305100e-49
[1] 6.422106e-16 3.530205e-24 1.098596e-22 1.063933e-41
[1] 6.397147e-16 3.528478e-24 1.097986e-22 1.223485e-30
[1] 6.464991e-16 3.533228e-24 1.099802e-22 2.571282e-35
[1] 6.757001e-16 3.553053e-24 1.107192e-22 2.595017e-35
[1] 6.624901e-16 3.544119e-24 1.103910e-22 2.579531e-35
[1] 7.133830e-16 3.578822e-24 1.116930e-22 1.541726e-34
[1] 6.405330e-16 3.529164e-24 1.098446e-22 2.558255e-35
[1] 6.658768e-16 3.546752e-24 1.105063e-22 7.391721e-34
[1] 6.410627e-16 3.529524e-24 1.098677e-22 4.833039e-31
[1] 6.410039e-16 3.529822e-24 1.098838e-22 2.513771e-34
[1] 6.830068e-16 3.558608e-24 1.109609e-22 9.504142e-35
[1] 7.134049e-16 3.578986e-24 1.117232e-22 1.312780e-33
[1] 6.543857e-16 3.538884e-24 1.102535e-22 1.113236e-28
[1] 7.453734e-16 3.600067e-24 1.125381e-22 1.475265e-32
Algorithm converged after  293  iterations.
[1] 2.613951e-16 6.023258e-25 3.214754e-24 9.806663e-23
Algorithm converged after  7  iterations.
[1] 2.613951e-16 1.547301e-19
Algorithm converged after  2  iterations.
[1] 2.613951e-16 1.547301e-19 4.293817e-31
Algorithm converged after  5  iterations.
[1] 2.613951e-16 1.547301e-19 8.966871e-29
Algorithm converged after  4  iterations.
[1] 2.613951e-16 1.547301e-19 7.968981e-29
Algorithm converged after  6  iterations.
[1] 2.613951e-16 1.547301e-19 4.293817e-31 1.219871e-46
[1] 3.195328e-16 1.483679e-19 4.373291e-31 8.853742e-37
[1] 3.503811e-16 1.531180e-19 4.398358e-31 2.402310e-48
[1] 3.373447e-16 1.530775e-19 4.385419e-31 3.473507e-46
[1] 3.146526e-16 1.568811e-19 4.353888e-31 7.927446e-56
[1] 3.149683e-16 1.568931e-19 4.354826e-31 1.533396e-53
[1] 3.151141e-16 1.515001e-19 4.365528e-31 2.672860e-48
[1] 3.221184e-16 1.528806e-19 4.368598e-31 8.769317e-37
[1] 3.069902e-16 1.494238e-19 4.359721e-31 1.019004e-32
[1] 3.014278e-16 1.492459e-19 4.353330e-31 8.855170e-37
[1] 2.924899e-16 1.487235e-19 4.344957e-31 8.844947e-37
[1] 3.068789e-16 1.505613e-19 4.358012e-31 8.771015e-37
[1] 2.923690e-16 1.487781e-19 4.345223e-31 8.746269e-37
[1] 2.878997e-16 1.569287e-19 4.324055e-31 7.725162e-54
[1] 3.050425e-16 1.551228e-19 4.349458e-31 3.040022e-36
[1] 3.043217e-16 1.547971e-19 4.348988e-31 2.041807e-40
[1] 3.151446e-16 1.568996e-19 4.357239e-31 3.047052e-36
[1] 3.070105e-16 1.503153e-19 4.359768e-31 3.074658e-36
[1] 3.151341e-16 1.514795e-19 4.367894e-31 3.087260e-36
[1] 3.040862e-16 1.547367e-19 4.349381e-31 3.048415e-36
[1] 2.917093e-16 1.604004e-19 4.322832e-31 1.006548e-62
[1] 3.070035e-16 1.504441e-19 4.360439e-31 8.768128e-37
[1] 2.833289e-16 1.507668e-19 4.328176e-31 1.188430e-36
[1] 3.185528e-16 1.533326e-19 4.366770e-31 1.384349e-47
[1] 3.152553e-16 1.569255e-19 4.359104e-31 8.806711e-37
[1] 3.045137e-16 1.549116e-19 4.351329e-31 1.257390e-36
[1] 3.155428e-16 1.568616e-19 4.359890e-31 1.896823e-48
[1] 2.864485e-16 1.511323e-19 4.336662e-31 3.067170e-36
[1] 3.195309e-16 1.483477e-19 4.379643e-31 8.768139e-37
[1] 2.967871e-16 1.499556e-19 4.353040e-31 8.788108e-37
[1] 3.082718e-16 1.504739e-19 4.365090e-31 1.265040e-36
[1] 3.170603e-16 1.567728e-19 4.361389e-31 8.675346e-37
Algorithm converged after  311  iterations.
[1] 2.613951e-16 1.547301e-19 8.966871e-29 2.885134e-43
[1] 2.391197e-16 1.638342e-19 8.888678e-29 1.383772e-32
Algorithm converged after  20  iterations.
[1] 2.613951e-16 1.547301e-19 7.968981e-29 1.393468e-34
Algorithm converged after  6  iterations.
[1] 2.613951e-16 1.547301e-19 4.293817e-31 8.966871e-29
Algorithm converged after  5  iterations.
[1] 2.613951e-16 1.547301e-19 4.293817e-31 7.968981e-29
Algorithm converged after  6  iterations.
[1] 2.613951e-16 1.547301e-19 8.966871e-29 7.968981e-29
Algorithm converged after  6  iterations.
numeric(0)
Algorithm converged after  1  iterations.
[1] 1.91713e-23
Algorithm converged after  2  iterations.
[1] 3.691326e-24
Algorithm converged after  2  iterations.
[1] 2.821124e-18
Algorithm converged after  2  iterations.
[1] 1.917130e-23 1.744799e-25
Algorithm converged after  2  iterations.
[1] 3.691326e-24 9.746477e-25
Algorithm converged after  2  iterations.
[1] 2.821124e-18 3.333252e-23
Algorithm converged after  2  iterations.
[1] 1.917130e-23 3.691326e-24
Algorithm converged after  2  iterations.
[1] 1.917130e-23 2.821124e-18
Algorithm converged after  2  iterations.
[1] 3.691326e-24 2.821124e-18
Algorithm converged after  2  iterations.
[1] 1.917130e-23 1.744799e-25 3.691326e-24
Algorithm converged after  2  iterations.
[1] 1.917130e-23 1.744799e-25 2.821124e-18
Algorithm converged after  2  iterations.
[1] 1.917130e-23 3.691326e-24 9.746477e-25
Algorithm converged after  2  iterations.
[1] 1.917130e-23 2.821124e-18 3.333252e-23
Algorithm converged after  2  iterations.
[1] 3.691326e-24 9.746477e-25 2.821124e-18
Algorithm converged after  2  iterations.
[1] 3.691326e-24 2.821124e-18 3.333252e-23
Algorithm converged after  2  iterations.
[1] 1.917130e-23 3.691326e-24 2.821124e-18
Algorithm converged after  2  iterations.
[1] 1.917130e-23 1.744799e-25 3.691326e-24 9.746477e-25
Algorithm converged after  2  iterations.
[1] 1.917130e-23 1.744799e-25 2.821124e-18 3.333252e-23
Algorithm converged after  2  iterations.
[1] 3.691326e-24 9.746477e-25 2.821124e-18 3.333252e-23
Algorithm converged after  2  iterations.
[1] 1.917130e-23 1.744799e-25 3.691326e-24 2.821124e-18
Algorithm converged after  2  iterations.
[1] 1.917130e-23 3.691326e-24 9.746477e-25 2.821124e-18
Algorithm converged after  2  iterations.
[1] 1.917130e-23 3.691326e-24 2.821124e-18 3.333252e-23
Algorithm converged after  2  iterations.
[1] 1.735004e-16
Algorithm converged after  2  iterations.
[1] 1.735004e-16 2.727233e-24
Algorithm converged after  6  iterations.
[1] 1.735004e-16 6.663944e-24
Algorithm converged after  5  iterations.
[1] 1.735004e-16 1.263164e-22
Algorithm converged after  7  iterations.
[1] 1.735004e-16 2.727233e-24 3.287493e-40
[1] 2.892732e-16 2.872460e-24 5.736145e-31
[1] 2.557458e-16 2.833437e-24 5.682411e-31
Algorithm converged after  26  iterations.
[1] 1.735004e-16 6.663944e-24 9.036215e-34
[1] 2.364973e-16 6.828861e-24 2.030277e-33
[1] 1.924449e-16 6.718150e-24 1.223313e-35
[1] 2.377207e-16 6.832813e-24 9.532921e-36
[1] 1.924114e-16 6.718842e-24 1.218619e-35
[1] 1.924751e-16 6.719431e-24 1.228760e-35
[1] 1.889459e-16 6.710353e-24 8.786664e-34
[1] 1.931589e-16 6.722210e-24 2.391323e-52
[1] 2.346956e-16 6.827626e-24 8.854555e-34
[1] 1.889017e-16 6.711810e-24 8.792060e-34
[1] 1.888960e-16 6.712248e-24 8.792653e-34
[1] 2.142282e-16 6.778478e-24 8.647390e-34
[1] 1.917857e-16 6.720860e-24 4.613653e-46
[1] 1.887858e-16 6.713340e-24 1.186597e-35
[1] 1.894501e-16 6.715720e-24 5.108365e-70
[1] 1.892608e-16 6.715560e-24 8.649621e-34
Algorithm converged after  160  iterations.
[1] 1.735004e-16 1.263164e-22 5.534294e-34
[1] 5.135707e-16 1.519551e-22 3.746030e-30
[1] 5.758860e-16 1.557564e-22 9.364935e-35
[1] 4.968134e-16 1.509750e-22 1.517884e-52
[1] 5.761275e-16 1.558179e-22 7.131112e-31
[1] 5.704942e-16 1.555046e-22 3.795031e-43
[1] 5.133046e-16 1.520325e-22 3.427663e-29
[1] 5.473944e-16 1.541422e-22 4.500985e-35
[1] 5.378943e-16 1.535874e-22 6.961114e-31
[1] 5.752658e-16 1.558420e-22 3.815701e-30
[1] 4.888825e-16 1.505712e-22 6.807415e-38
[1] 5.749729e-16 1.558670e-22 1.058294e-37
[1] 4.944057e-16 1.509553e-22 6.713764e-31
[1] 5.156241e-16 1.523021e-22 3.455063e-29
[1] 5.186066e-16 1.525024e-22 1.084128e-37
[1] 5.361775e-16 1.535992e-22 6.942707e-31
[1] 5.735707e-16 1.558709e-22 4.535322e-35
[1] 5.763094e-16 1.560504e-22 9.949687e-38
[1] 5.408715e-16 1.539420e-22 4.192826e-50
[1] 5.758100e-16 1.560536e-22 3.603379e-29
[1] 5.194965e-16 1.526524e-22 6.926035e-31
[1] 5.756862e-16 1.560749e-22 7.457115e-49
[1] 5.790727e-16 1.562810e-22 7.042683e-31
Algorithm converged after  222  iterations.
[1] 1.735004e-16 2.727233e-24 6.663944e-24
Algorithm converged after  6  iterations.
[1] 1.735004e-16 2.727233e-24 1.263164e-22
Algorithm converged after  8  iterations.
[1] 1.735004e-16 6.663944e-24 1.263164e-22
Algorithm converged after  8  iterations.
[1] 1.735004e-16 2.727233e-24 3.287493e-40 6.663944e-24
Algorithm converged after  7  iterations.
[1] 1.735004e-16 2.727233e-24 3.287493e-40 1.263164e-22
[1] 6.711442e-16 3.224023e-24 5.995381e-31 1.616615e-22
[1] 7.182706e-16 3.260792e-24 8.151367e-35 1.643212e-22
[1] 7.242882e-16 3.265425e-24 8.171162e-35 1.646598e-22
[1] 7.190342e-16 3.261442e-24 2.770005e-35 1.643790e-22
[1] 6.465071e-16 3.204718e-24 5.979530e-31 1.602854e-22
[1] 7.244024e-16 3.265618e-24 1.208199e-34 1.646881e-22
[1] 7.181953e-16 3.260912e-24 6.037757e-31 1.643547e-22
[1] 7.162561e-16 3.259490e-24 3.161239e-35 1.642532e-22
[1] 6.718480e-16 3.224783e-24 5.995555e-31 1.617586e-22
[1] 6.662938e-16 3.220495e-24 5.992681e-31 1.614523e-22
[1] 7.194308e-16 3.261892e-24 9.914065e-35 1.644506e-22
[1] 7.197594e-16 3.262189e-24 3.147014e-35 1.644775e-22
[1] 6.776594e-16 3.229318e-24 5.994598e-31 1.621125e-22
[1] 7.184090e-16 3.261259e-24 4.990974e-44 1.644201e-22
[1] 6.778284e-16 3.229519e-24 5.995297e-31 1.621412e-22
[1] 6.755621e-16 3.227810e-24 5.993763e-31 1.620234e-22
[1] 7.242076e-16 3.265808e-24 6.613824e-36 1.647668e-22
[1] 7.192194e-16 3.261937e-24 1.170285e-34 1.644956e-22
[1] 7.184395e-16 3.261447e-24 2.967310e-34 1.644711e-22
[1] 7.188849e-16 3.261797e-24 6.033281e-31 1.645012e-22
[1] 6.700426e-16 3.223474e-24 5.983341e-31 1.617447e-22
[1] 6.761224e-16 3.228412e-24 5.992592e-31 1.621051e-22
[1] 6.594517e-16 3.215728e-24 5.996265e-31 1.611840e-22
[1] 6.765893e-16 3.228841e-24 5.993344e-31 1.621466e-22
[1] 6.636967e-16 3.218892e-24 5.988471e-31 1.614277e-22
[1] 6.732342e-16 3.226301e-24 5.989472e-31 1.619767e-22
[1] 6.696916e-16 3.223612e-24 5.989866e-31 1.617860e-22
[1] 6.470203e-16 3.205792e-24 5.976450e-31 1.604996e-22
[1] 7.243982e-16 3.266273e-24 3.864344e-35 1.648777e-22
[1] 6.759418e-16 3.228510e-24 5.991606e-31 1.621588e-22
[1] 7.188369e-16 3.262059e-24 1.202985e-34 1.645858e-22
[1] 7.192694e-16 3.262382e-24 8.701696e-35 1.646167e-22
[1] 7.193859e-16 3.262486e-24 3.310070e-35 1.646310e-22
[1] 7.194460e-16 3.262550e-24 4.051816e-36 1.646426e-22
[1] 6.760523e-16 3.228699e-24 5.990243e-31 1.622012e-22
[1] 7.194241e-16 3.262594e-24 9.501119e-35 1.646552e-22
[1] 6.637067e-16 3.219204e-24 5.986687e-31 1.615188e-22
[1] 6.683689e-16 3.222842e-24 5.987817e-31 1.617889e-22
[1] 6.690744e-16 3.223407e-24 5.987712e-31 1.618357e-22
[1] 6.673913e-16 3.222132e-24 5.987506e-31 1.617480e-22
[1] 6.649682e-16 3.220264e-24 5.986645e-31 1.616145e-22
[1] 7.181893e-16 3.261841e-24 1.473735e-50 1.646239e-22
[1] 6.968520e-16 3.245962e-24 5.986914e-31 1.636454e-22
[1] 6.779354e-16 3.231384e-24 5.984459e-31 1.625914e-22
[1] 6.716205e-16 3.226561e-24 5.983175e-31 1.622442e-22
[1] 6.715232e-16 3.226510e-24 5.983557e-31 1.622445e-22
[1] 6.781536e-16 3.231618e-24 5.984540e-31 1.626239e-22
[1] 6.755215e-16 3.229631e-24 5.984197e-31 1.624836e-22
[1] 6.757525e-16 3.229827e-24 5.984267e-31 1.625017e-22
Algorithm did not converge after  500  iterations.
[1] 1.735004e-16 2.727233e-24 6.663944e-24 9.036215e-34
[1] 2.776546e-16 2.859814e-24 6.927567e-24 9.310103e-34
[1] 3.215265e-16 2.908643e-24 7.024017e-24 1.534448e-59
[1] 2.783478e-16 2.861289e-24 6.930088e-24 9.158877e-34
[1] 3.341638e-16 2.922722e-24 7.051728e-24 9.020428e-34
[1] 2.782897e-16 2.861606e-24 6.930400e-24 1.326543e-34
[1] 2.777209e-16 2.861107e-24 6.929143e-24 5.535527e-58
[1] 3.264686e-16 2.915274e-24 7.036273e-24 2.692554e-54
[1] 2.767800e-16 2.860626e-24 6.927935e-24 7.921101e-45
[1] 2.762914e-16 2.860239e-24 6.926961e-24 8.291708e-36
[1] 2.776876e-16 2.861975e-24 6.930139e-24 2.169930e-52
[1] 3.271438e-16 2.917025e-24 7.039412e-24 8.644355e-34
[1] 3.338526e-16 2.924197e-24 7.053146e-24 7.527398e-33
[1] 3.324698e-16 2.923335e-24 7.051455e-24 8.619570e-34
Algorithm converged after  138  iterations.
[1] 1.735004e-16 2.727233e-24 1.263164e-22 5.534294e-34
[1] 7.300976e-16 3.269717e-24 1.649694e-22 6.705560e-31
[1] 6.994977e-16 3.246317e-24 1.632747e-22 4.035356e-30
[1] 7.324050e-16 3.271551e-24 1.651023e-22 6.734265e-31
[1] 6.741685e-16 3.226663e-24 1.618537e-22 6.591892e-31
[1] 7.297858e-16 3.269499e-24 1.649711e-22 4.579547e-35
[1] 6.659860e-16 3.220369e-24 1.614163e-22 4.527753e-35
[1] 7.317133e-16 3.271170e-24 1.650943e-22 6.728413e-31
[1] 6.983241e-16 3.245583e-24 1.632410e-22 6.639783e-31
[1] 7.319149e-16 3.271359e-24 1.651083e-22 9.807400e-38
[1] 7.250578e-16 3.266030e-24 1.647257e-22 4.575589e-35
[1] 7.251474e-16 3.266331e-24 1.647462e-22 4.576557e-35
[1] 6.610162e-16 3.216246e-24 1.611291e-22 6.516648e-31
[1] 7.269293e-16 3.267661e-24 1.648521e-22 4.311302e-29
[1] 6.971805e-16 3.244841e-24 1.631998e-22 6.639221e-31
[1] 7.322903e-16 3.271755e-24 1.651500e-22 6.734059e-31
[1] 7.266976e-16 3.267461e-24 1.648391e-22 4.577596e-35
[1] 6.745427e-16 3.227302e-24 1.619419e-22 9.912330e-38
[1] 6.951814e-16 3.243374e-24 1.631055e-22 6.638100e-31
[1] 7.240184e-16 3.265309e-24 1.647031e-22 1.170341e-62
[1] 7.221803e-16 3.264126e-24 1.646178e-22 6.674256e-31
[1] 6.738786e-16 3.226900e-24 1.619225e-22 4.544193e-35
[1] 7.245048e-16 3.265953e-24 1.647517e-22 4.290603e-29
[1] 7.261045e-16 3.267293e-24 1.648490e-22 4.574251e-35
[1] 7.318485e-16 3.271636e-24 1.651644e-22 4.322203e-29
[1] 6.969536e-16 3.244904e-24 1.632283e-22 4.037356e-30
[1] 6.980492e-16 3.245737e-24 1.632890e-22 2.424848e-62
[1] 7.253927e-16 3.266445e-24 1.648030e-22 6.597294e-31
[1] 6.995404e-16 3.247005e-24 1.633949e-22 6.644873e-31
[1] 6.983591e-16 3.246111e-24 1.633304e-22 4.555827e-35
[1] 7.278259e-16 3.268737e-24 1.649699e-22 6.720270e-31
[1] 6.985733e-16 3.246302e-24 1.633474e-22 6.641076e-31
[1] 7.321320e-16 3.272023e-24 1.652124e-22 6.723975e-31
Algorithm converged after  325  iterations.
[1] 1.735004e-16 6.663944e-24 9.036215e-34 1.263164e-22
[1] 5.867495e-16 7.511073e-24 1.254512e-34 1.566891e-22
Algorithm converged after  15  iterations.
[1] 1.735004e-16 6.663944e-24 1.263164e-22 5.534294e-34
[1] 6.546821e-16 7.619968e-24 1.606939e-22 8.476663e-51
[1] 6.275605e-16 7.576891e-24 1.591297e-22 4.609141e-35
[1] 8.539557e-16 7.912078e-24 1.714940e-22 4.579642e-29
[1] 6.760894e-16 7.653956e-24 1.620084e-22 4.743226e-35
[1] 6.971126e-16 7.685964e-24 1.631845e-22 4.767253e-35
[1] 6.971141e-16 7.686002e-24 1.631869e-22 4.767260e-35
[1] 6.971149e-16 7.686039e-24 1.631891e-22 4.767266e-35
[1] 6.336592e-16 7.587233e-24 1.595657e-22 6.894795e-31
[1] 6.633612e-16 7.634274e-24 1.612986e-22 7.056974e-31
[1] 6.647548e-16 7.636518e-24 1.613892e-22 4.720980e-35
[1] 6.822874e-16 7.663752e-24 1.623916e-22 7.144382e-31
[1] 6.272117e-16 7.577741e-24 1.592443e-22 1.355465e-50
[1] 6.576608e-16 7.625608e-24 1.610038e-22 7.049473e-31
[1] 6.576632e-16 7.625647e-24 1.610061e-22 7.049460e-31
[1] 6.244824e-16 7.572981e-24 1.590823e-22 9.408197e-38
[1] 6.561468e-16 7.623377e-24 1.609312e-22 4.684468e-35
[1] 6.649501e-16 7.637065e-24 1.614373e-22 4.039940e-30
[1] 6.674429e-16 7.641027e-24 1.615922e-22 4.727542e-35
[1] 6.710172e-16 7.646548e-24 1.617987e-22 7.089961e-31
[1] 6.710492e-16 7.646613e-24 1.618015e-22 7.089929e-31
[1] 6.710503e-16 7.646632e-24 1.618026e-22 7.089920e-31
[1] 6.710515e-16 7.646651e-24 1.618037e-22 7.089911e-31
[1] 6.710528e-16 7.646670e-24 1.618048e-22 7.089903e-31
[1] 6.710543e-16 7.646689e-24 1.618059e-22 7.089895e-31
[1] 6.710560e-16 7.646709e-24 1.618070e-22 7.089887e-31
[1] 6.710578e-16 7.646728e-24 1.618082e-22 7.089879e-31
[1] 6.710598e-16 7.646748e-24 1.618093e-22 7.089872e-31
[1] 6.710620e-16 7.646769e-24 1.618105e-22 7.089865e-31
[1] 6.710643e-16 7.646789e-24 1.618116e-22 7.089858e-31
[1] 6.710669e-16 7.646810e-24 1.618128e-22 7.089852e-31
[1] 6.710696e-16 7.646831e-24 1.618140e-22 7.089846e-31
[1] 6.710756e-16 7.646858e-24 1.618154e-22 7.089846e-31
[1] 6.710763e-16 7.646876e-24 1.618164e-22 7.089836e-31
[1] 6.710817e-16 7.646901e-24 1.618178e-22 7.089835e-31
[1] 6.710557e-16 7.646878e-24 1.618173e-22 7.089769e-31
[1] 6.710808e-16 7.646933e-24 1.618198e-22 7.089815e-31
[1] 6.710836e-16 7.646955e-24 1.618210e-22 7.089809e-31
[1] 6.710578e-16 7.646932e-24 1.618205e-22 7.089741e-31
[1] 6.710582e-16 7.646950e-24 1.618216e-22 7.089734e-31
[1] 6.710587e-16 7.646967e-24 1.618227e-22 7.089724e-31
[1] 6.710592e-16 7.646985e-24 1.618237e-22 7.089714e-31
[1] 6.710597e-16 7.647003e-24 1.618248e-22 7.089703e-31
[1] 6.710604e-16 7.647021e-24 1.618258e-22 7.089693e-31
[1] 6.710615e-16 7.647040e-24 1.618269e-22 7.089685e-31
[1] 6.710617e-16 7.647057e-24 1.618280e-22 7.089674e-31
[1] 6.710623e-16 7.647075e-24 1.618291e-22 7.089664e-31
[1] 6.710629e-16 7.647093e-24 1.618301e-22 7.089654e-31
[1] 6.710635e-16 7.647111e-24 1.618312e-22 7.089644e-31
[1] 6.710641e-16 7.647128e-24 1.618322e-22 7.089634e-31
Algorithm did not converge after  500  iterations.
[1] 1.735004e-16 2.727233e-24 6.663944e-24 1.263164e-22
Algorithm converged after  9  iterations.
[1] 1.735004e-16 2.009755e-19
Algorithm converged after  2  iterations.
[1] 1.735004e-16 2.009755e-19 7.887990e-31
Algorithm converged after  5  iterations.
[1] 1.735004e-16 2.009755e-19 3.893810e-29
Algorithm converged after  4  iterations.
[1] 1.735004e-16 2.009755e-19 1.289632e-29
Algorithm converged after  5  iterations.
[1] 1.735004e-16 2.009755e-19 7.887990e-31 1.082016e-32
[1] 2.152736e-16 1.888475e-19 8.042103e-31 1.086338e-32
[1] 2.152736e-16 1.888475e-19 8.042103e-31 1.086338e-32
[1] 2.152736e-16 1.888475e-19 8.042103e-31 1.086338e-32
[1] 2.152736e-16 1.888475e-19 8.042103e-31 1.086338e-32
[1] 2.152736e-16 1.888475e-19 8.042103e-31 1.086338e-32
[1] 2.152736e-16 1.888475e-19 8.042103e-31 1.086338e-32
[1] 2.152736e-16 1.888475e-19 8.042103e-31 1.086338e-32
[1] 2.152736e-16 1.888475e-19 8.042103e-31 1.086338e-32
[1] 2.152736e-16 1.888475e-19 8.042103e-31 1.086338e-32
[1] 2.152736e-16 1.888475e-19 8.042103e-31 1.086338e-32
[1] 2.152736e-16 1.888475e-19 8.042103e-31 1.086338e-32
[1] 2.152736e-16 1.888475e-19 8.042103e-31 1.086338e-32
[1] 2.152736e-16 1.888475e-19 8.042103e-31 1.086338e-32
[1] 2.152736e-16 1.888475e-19 8.042103e-31 1.086338e-32
[1] 2.152736e-16 1.888475e-19 8.042103e-31 1.086338e-32
[1] 2.152736e-16 1.888475e-19 8.042103e-31 1.086338e-32
[1] 2.152736e-16 1.888475e-19 8.042103e-31 1.086338e-32
[1] 2.152736e-16 1.888475e-19 8.042103e-31 1.086338e-32
[1] 2.152736e-16 1.888475e-19 8.042103e-31 1.086338e-32
[1] 2.152736e-16 1.888475e-19 8.042103e-31 1.086338e-32
[1] 2.152736e-16 1.888475e-19 8.042103e-31 1.086338e-32
[1] 2.152736e-16 1.888475e-19 8.042103e-31 1.086338e-32
[1] 2.152736e-16 1.888475e-19 8.042103e-31 1.086338e-32
[1] 2.152736e-16 1.888475e-19 8.042103e-31 1.086338e-32
[1] 2.152736e-16 1.888475e-19 8.042103e-31 1.086338e-32
[1] 2.152736e-16 1.888475e-19 8.042103e-31 1.086338e-32
[1] 2.152736e-16 1.888475e-19 8.042103e-31 1.086338e-32
[1] 2.152736e-16 1.888475e-19 8.042103e-31 1.086338e-32
[1] 2.152736e-16 1.888475e-19 8.042103e-31 1.086338e-32
[1] 2.152736e-16 1.888475e-19 8.042103e-31 1.086338e-32
[1] 2.152736e-16 1.888475e-19 8.042103e-31 1.086338e-32
[1] 2.152736e-16 1.888475e-19 8.042103e-31 1.086338e-32
[1] 2.152736e-16 1.888475e-19 8.042103e-31 1.086338e-32
[1] 2.152736e-16 1.888475e-19 8.042103e-31 1.086338e-32
[1] 2.152736e-16 1.888475e-19 8.042103e-31 1.086338e-32
[1] 2.152736e-16 1.888475e-19 8.042103e-31 1.086338e-32
[1] 2.152736e-16 1.888475e-19 8.042103e-31 1.086338e-32
[1] 2.152736e-16 1.888475e-19 8.042103e-31 1.086338e-32
[1] 2.152736e-16 1.888475e-19 8.042103e-31 1.086338e-32
[1] 2.152736e-16 1.888475e-19 8.042103e-31 1.086338e-32
[1] 2.152736e-16 1.888475e-19 8.042103e-31 1.086338e-32
[1] 2.152736e-16 1.888475e-19 8.042103e-31 1.086338e-32
[1] 2.152736e-16 1.888475e-19 8.042103e-31 1.086338e-32
[1] 2.152736e-16 1.888475e-19 8.042103e-31 1.086338e-32
[1] 2.152736e-16 1.888475e-19 8.042103e-31 1.086338e-32
[1] 2.152736e-16 1.888475e-19 8.042103e-31 1.086338e-32
[1] 2.152736e-16 1.888475e-19 8.042103e-31 1.086338e-32
[1] 2.152736e-16 1.888475e-19 8.042103e-31 1.086338e-32
[1] 2.152736e-16 1.888475e-19 8.042103e-31 1.086338e-32
Algorithm did not converge after  500  iterations.
[1] 1.735004e-16 2.009755e-19 3.893810e-29 2.700087e-33
[1] 1.403690e-16 1.916740e-19 3.984938e-29 9.117773e-33
[1] 1.533452e-16 1.962900e-19 3.950090e-29 9.229119e-33
[1] 1.480602e-16 1.876106e-19 3.993653e-29 9.083581e-33
[1] 1.409160e-16 1.915181e-19 3.986851e-29 2.617908e-33
Algorithm converged after  48  iterations.
[1] 1.735004e-16 2.009755e-19 1.289632e-29 1.765564e-30
[1] 2.638650e-16 1.940686e-19 1.409540e-29 1.932408e-30
Algorithm converged after  12  iterations.
[1] 1.735004e-16 2.009755e-19 7.887990e-31 3.893810e-29
Algorithm converged after  5  iterations.
[1] 1.735004e-16 2.009755e-19 7.887990e-31 1.289632e-29
Algorithm converged after  5  iterations.
[1] 1.735004e-16 2.009755e-19 3.893810e-29 1.289632e-29
Algorithm converged after  5  iterations.
numeric(0)
Algorithm converged after  1  iterations.
[1] 6.518526e-34
Algorithm converged after  2  iterations.
[1] 4.500471e-25
Algorithm converged after  2  iterations.
[1] 1.079032e-18
Algorithm converged after  2  iterations.
[1] 6.518526e-34 5.414504e-58
Algorithm converged after  2  iterations.
[1] 4.500471e-25 1.097509e-30
Algorithm converged after  2  iterations.
[1] 1.079032e-18 3.155564e-23
Algorithm converged after  2  iterations.
[1] 6.518526e-34 4.500471e-25
Algorithm converged after  2  iterations.
[1] 6.518526e-34 1.079032e-18
Algorithm converged after  2  iterations.
[1] 4.500471e-25 1.079032e-18
Algorithm converged after  2  iterations.
[1] 6.518526e-34 5.414504e-58 4.500471e-25
Algorithm converged after  2  iterations.
[1] 6.518526e-34 5.414504e-58 1.079032e-18
Algorithm converged after  2  iterations.
[1] 6.518526e-34 4.500471e-25 1.097509e-30
Algorithm converged after  2  iterations.
[1] 6.518526e-34 1.079032e-18 3.155564e-23
Algorithm converged after  2  iterations.
[1] 4.500471e-25 1.097509e-30 1.079032e-18
Algorithm converged after  2  iterations.
[1] 4.500471e-25 1.079032e-18 3.155564e-23
Algorithm converged after  2  iterations.
[1] 6.518526e-34 4.500471e-25 1.079032e-18
Algorithm converged after  2  iterations.
[1] 6.518526e-34 5.414504e-58 4.500471e-25 1.097509e-30
Algorithm converged after  2  iterations.
[1] 6.518526e-34 5.414504e-58 1.079032e-18 3.155564e-23
Algorithm converged after  2  iterations.
[1] 4.500471e-25 1.097509e-30 1.079032e-18 3.155564e-23
Algorithm converged after  2  iterations.
[1] 6.518526e-34 5.414504e-58 4.500471e-25 1.079032e-18
Algorithm converged after  2  iterations.
[1] 6.518526e-34 4.500471e-25 1.097509e-30 1.079032e-18
Algorithm converged after  2  iterations.
[1] 6.518526e-34 4.500471e-25 1.079032e-18 3.155564e-23
Algorithm converged after  2  iterations.
[1] 1.10737e-16
Algorithm converged after  2  iterations.
[1] 1.107370e-16 7.732169e-25
Algorithm converged after  6  iterations.
[1] 1.107370e-16 5.300681e-24
Algorithm converged after  5  iterations.
[1] 1.107370e-16 5.010113e-23
Algorithm converged after  6  iterations.
[1] 1.107370e-16 7.732169e-25 4.441550e-31
[1] 1.480416e-16 8.078274e-25 5.054164e-33
[1] 1.479866e-16 8.077844e-25 4.930208e-33
[1] 1.479430e-16 8.077584e-25 3.976311e-33
[1] 1.479356e-16 8.077480e-25 4.852104e-33
[1] 1.479355e-16 8.077508e-25 5.091090e-33
[1] 1.479358e-16 8.077457e-25 4.081231e-33
[1] 1.479506e-16 8.077549e-25 4.703869e-33
[1] 1.479281e-16 8.077422e-25 4.368230e-33
[1] 1.479262e-16 8.077393e-25 3.922351e-33
[1] 1.479374e-16 8.077442e-25 3.940245e-33
[1] 1.480141e-16 8.078017e-25 5.094513e-33
[1] 1.479671e-16 8.077646e-25 5.079343e-33
[1] 1.479238e-16 8.077323e-25 5.060492e-33
[1] 1.479154e-16 8.077302e-25 5.092907e-33
[1] 1.479153e-16 8.077303e-25 4.544587e-33
[1] 1.479096e-16 8.077240e-25 4.306952e-33
[1] 1.479011e-16 8.077145e-25 4.159743e-33
[1] 1.480292e-16 8.078091e-25 4.803615e-33
[1] 1.478981e-16 8.077129e-25 4.612531e-33
[1] 1.478964e-16 8.077111e-25 5.047063e-33
[1] 1.479562e-16 8.077499e-25 4.547173e-33
[1] 1.617186e-16 8.195423e-25 4.424844e-33
[1] 1.479846e-16 8.077827e-25 4.877784e-33
[1] 1.478915e-16 8.077125e-25 4.537268e-33
[1] 1.479810e-16 8.077917e-25 4.985275e-33
[1] 1.480037e-16 8.078090e-25 4.257123e-33
[1] 1.479061e-16 8.077395e-25 4.843702e-33
[1] 1.479767e-16 8.077869e-25 5.135976e-33
[1] 1.478988e-16 8.077319e-25 4.518458e-33
[1] 1.478965e-16 8.077297e-25 4.558872e-33
[1] 1.478959e-16 8.077289e-25 4.049773e-33
[1] 1.478886e-16 8.077205e-25 4.713457e-33
[1] 1.478911e-16 8.077241e-25 8.108935e-34
[1] 1.463903e-16 8.064040e-25 5.088632e-34
[1] 1.479711e-16 8.077810e-25 8.480772e-34
[1] 1.479947e-16 8.078174e-25 8.440600e-34
[1] 1.479822e-16 8.078228e-25 5.056085e-34
[1] 1.462938e-16 8.063948e-25 4.828369e-33
[1] 1.479401e-16 8.078521e-25 4.778894e-33
[1] 1.478917e-16 8.078169e-25 4.630196e-33
[1] 1.479620e-16 8.078681e-25 4.935588e-33
[1] 1.479017e-16 8.078339e-25 5.055509e-33
[1] 1.479128e-16 8.078350e-25 4.450250e-33
[1] 1.504470e-16 8.099465e-25 3.183153e-66
[1] 1.466620e-16 8.067530e-25 4.536121e-31
[1] 1.478314e-16 8.078325e-25 1.843615e-36
