myseed=4171 

Attaching package: ‘pls’

The following object is masked from ‘package:stats’:

    loadings

Loading required package: lattice
Loading required package: ggplot2
Registered S3 methods overwritten by 'ggplot2':
  method         from 
  [.quosures     rlang
  c.quosures     rlang
  print.quosures rlang

Attaching package: ‘caret’

The following object is masked from ‘package:pls’:

    R2

Loading required package: Matrix
Loading required package: foreach
Loaded glmnet 2.0-18

Parsed with column specification:
cols(
  .default = col_double()
)
See spec(...) for full column specifications.
Parsed with column specification:
cols(
  X1 = col_double()
)
Parsed with column specification:
cols(
  X1 = col_double()
)
numeric(0)
Algorithm converged after  1  iterations.
[1] 3.334563e-23
Algorithm converged after  2  iterations.
[1] 1.345119e-25
Algorithm converged after  2  iterations.
[1] 1.084625e-17
Algorithm converged after  2  iterations.
[1] 3.334563e-23 1.172181e-25
Algorithm converged after  2  iterations.
[1] 1.345119e-25 1.671572e-37
Algorithm converged after  2  iterations.
[1] 1.084625e-17 5.688981e-23
Algorithm converged after  2  iterations.
[1] 3.334563e-23 1.345119e-25
Algorithm converged after  2  iterations.
[1] 3.334563e-23 1.084625e-17
Algorithm converged after  2  iterations.
[1] 1.345119e-25 1.084625e-17
Algorithm converged after  2  iterations.
[1] 3.334563e-23 1.172181e-25 1.345119e-25
Algorithm converged after  2  iterations.
[1] 3.334563e-23 1.172181e-25 1.084625e-17
Algorithm converged after  2  iterations.
[1] 3.334563e-23 1.345119e-25 1.671572e-37
Algorithm converged after  2  iterations.
[1] 3.334563e-23 1.084625e-17 5.688981e-23
Algorithm converged after  2  iterations.
[1] 1.345119e-25 1.671572e-37 1.084625e-17
Algorithm converged after  2  iterations.
[1] 1.345119e-25 1.084625e-17 5.688981e-23
Algorithm converged after  2  iterations.
[1] 3.334563e-23 1.345119e-25 1.084625e-17
Algorithm converged after  2  iterations.
[1] 3.334563e-23 1.172181e-25 1.345119e-25 1.671572e-37
Algorithm converged after  2  iterations.
[1] 3.334563e-23 1.172181e-25 1.084625e-17 5.688981e-23
Algorithm converged after  2  iterations.
[1] 1.345119e-25 1.671572e-37 1.084625e-17 5.688981e-23
Algorithm converged after  2  iterations.
[1] 3.334563e-23 1.172181e-25 1.345119e-25 1.084625e-17
Algorithm converged after  2  iterations.
[1] 3.334563e-23 1.345119e-25 1.671572e-37 1.084625e-17
Algorithm converged after  2  iterations.
[1] 3.334563e-23 1.345119e-25 1.084625e-17 5.688981e-23
Algorithm converged after  2  iterations.
[1] 5.024294e-16
Algorithm converged after  2  iterations.
[1] 5.024294e-16 2.944381e-24
Algorithm converged after  6  iterations.
[1] 5.024294e-16 2.021073e-24
Algorithm converged after  6  iterations.
[1] 5.024294e-16 1.144248e-22
Algorithm converged after  6  iterations.
[1] 5.024294e-16 2.944381e-24 1.333507e-34
[1] 6.894738e-16 3.065144e-24 1.295823e-34
[1] 5.949200e-16 3.007147e-24 1.717348e-66
[1] 7.473177e-16 3.099290e-24 1.109066e-37
[1] 7.345851e-16 3.092692e-24 1.265039e-34
[1] 7.602995e-16 3.107706e-24 3.085579e-45
[1] 8.109798e-16 3.136822e-24 6.542042e-63
[1] 5.949985e-16 3.009214e-24 2.350113e-44
[1] 5.962477e-16 3.010467e-24 5.933853e-35
[1] 8.106413e-16 3.138200e-24 1.350232e-43
[1] 5.958255e-16 3.011228e-24 1.071788e-35
[1] 6.836771e-16 3.065792e-24 3.504670e-38
[1] 7.317140e-16 3.094416e-24 1.741991e-32
[1] 8.070307e-16 3.138399e-24 5.615696e-35
[1] 5.923766e-16 3.011542e-24 2.562854e-68
[1] 7.951365e-16 3.132743e-24 3.116134e-45
[1] 5.964338e-16 3.014686e-24 1.318750e-34
[1] 7.582004e-16 3.112715e-24 9.795841e-55
[1] 7.891557e-16 3.130910e-24 1.259447e-34
[1] 7.019412e-16 3.080723e-24 5.821620e-35
[1] 7.600143e-16 3.115513e-24 2.718085e-37
[1] 8.100289e-16 3.144415e-24 1.236521e-44
[1] 7.337767e-16 3.103094e-24 5.850979e-35
[1] 7.906243e-16 3.136999e-24 4.174283e-44
[1] 5.901042e-16 3.017665e-24 6.054696e-35
Algorithm converged after  242  iterations.
[1] 5.024294e-16 2.021073e-24 3.059033e-47
[1] 5.544735e-16 2.043043e-24 3.672943e-29
[1] 6.925635e-16 2.096548e-24 3.766042e-63
[1] 7.122271e-16 2.104139e-24 6.591516e-33
[1] 6.979302e-16 2.098749e-24 7.142932e-33
[1] 5.601686e-16 2.047012e-24 6.952177e-33
[1] 7.270169e-16 2.110290e-24 1.305948e-49
[1] 6.892303e-16 2.097264e-24 7.157038e-48
[1] 5.541961e-16 2.045250e-24 3.023662e-47
[1] 7.112131e-16 2.105850e-24 7.981142e-47
[1] 7.112668e-16 2.105975e-24 7.108762e-33
[1] 6.620145e-16 2.088429e-24 3.644283e-29
[1] 7.250426e-16 2.111906e-24 7.608134e-47
[1] 5.558341e-16 2.048167e-24 3.663126e-29
[1] 5.534128e-16 2.047559e-24 7.376073e-33
Algorithm converged after  144  iterations.
[1] 5.024294e-16 1.144248e-22 3.407499e-30
Algorithm converged after  8  iterations.
[1] 5.024294e-16 2.944381e-24 2.021073e-24
Algorithm converged after  7  iterations.
[1] 5.024294e-16 2.944381e-24 1.144248e-22
Algorithm converged after  7  iterations.
[1] 5.024294e-16 2.021073e-24 1.144248e-22
Algorithm converged after  7  iterations.
[1] 5.024294e-16 2.944381e-24 1.333507e-34 2.021073e-24
Algorithm converged after  8  iterations.
[1] 5.024294e-16 2.944381e-24 1.333507e-34 1.144248e-22
Algorithm converged after  9  iterations.
[1] 5.024294e-16 2.944381e-24 2.021073e-24 3.059033e-47
[1] 8.235240e-16 3.141920e-24 2.143151e-24 7.035617e-33
Algorithm converged after  15  iterations.
[1] 5.024294e-16 2.944381e-24 1.144248e-22 3.407499e-30
Algorithm converged after  9  iterations.
[1] 5.024294e-16 2.021073e-24 3.059033e-47 1.144248e-22
Algorithm converged after  9  iterations.
[1] 5.024294e-16 2.021073e-24 1.144248e-22 3.407499e-30
Algorithm converged after  8  iterations.
[1] 5.024294e-16 2.944381e-24 2.021073e-24 1.144248e-22
Algorithm converged after  8  iterations.
[1] 5.024294e-16 1.682352e-19
Algorithm converged after  2  iterations.
[1] 5.024294e-16 1.682352e-19 2.032944e-32
Algorithm converged after  5  iterations.
[1] 5.024294e-16 1.682352e-19 6.263545e-29
Algorithm converged after  4  iterations.
[1] 5.024294e-16 1.682352e-19 1.483968e-28
Algorithm converged after  6  iterations.
[1] 5.024294e-16 1.682352e-19 2.032944e-32 5.122166e-33
Algorithm converged after  5  iterations.
[1] 5.024294e-16 1.682352e-19 6.263545e-29 5.406028e-33
[1] 3.844749e-16 1.613979e-19 6.427181e-29 5.582192e-33
Algorithm converged after  13  iterations.
[1] 5.024294e-16 1.682352e-19 1.483968e-28 7.898277e-30
Algorithm converged after  7  iterations.
[1] 5.024294e-16 1.682352e-19 2.032944e-32 6.263545e-29
Algorithm converged after  5  iterations.
[1] 5.024294e-16 1.682352e-19 2.032944e-32 1.483968e-28
Algorithm converged after  6  iterations.
[1] 5.024294e-16 1.682352e-19 6.263545e-29 1.483968e-28
Algorithm converged after  6  iterations.
numeric(0)
Algorithm converged after  1  iterations.
[1] 1.271748e-22
Algorithm converged after  2  iterations.
[1] 3.049628e-23
Algorithm converged after  2  iterations.
[1] 2.24242e-18
Algorithm converged after  2  iterations.
[1] 1.271748e-22 9.754226e-26
Algorithm converged after  2  iterations.
[1] 3.049628e-23 1.306857e-25
Algorithm converged after  2  iterations.
[1] 2.242420e-18 2.661018e-23
Algorithm converged after  2  iterations.
[1] 1.271748e-22 3.049628e-23
Algorithm converged after  2  iterations.
[1] 1.271748e-22 2.242420e-18
Algorithm converged after  2  iterations.
[1] 3.049628e-23 2.242420e-18
Algorithm converged after  2  iterations.
[1] 1.271748e-22 9.754226e-26 3.049628e-23
Algorithm converged after  2  iterations.
[1] 1.271748e-22 9.754226e-26 2.242420e-18
Algorithm converged after  2  iterations.
[1] 1.271748e-22 3.049628e-23 1.306857e-25
Algorithm converged after  2  iterations.
[1] 1.271748e-22 2.242420e-18 2.661018e-23
Algorithm converged after  2  iterations.
[1] 3.049628e-23 1.306857e-25 2.242420e-18
Algorithm converged after  2  iterations.
[1] 3.049628e-23 2.242420e-18 2.661018e-23
Algorithm converged after  2  iterations.
[1] 1.271748e-22 3.049628e-23 2.242420e-18
Algorithm converged after  2  iterations.
[1] 1.271748e-22 9.754226e-26 3.049628e-23 1.306857e-25
Algorithm converged after  2  iterations.
[1] 1.271748e-22 9.754226e-26 2.242420e-18 2.661018e-23
Algorithm converged after  2  iterations.
[1] 3.049628e-23 1.306857e-25 2.242420e-18 2.661018e-23
Algorithm converged after  2  iterations.
[1] 1.271748e-22 9.754226e-26 3.049628e-23 2.242420e-18
Algorithm converged after  2  iterations.
[1] 1.271748e-22 3.049628e-23 1.306857e-25 2.242420e-18
Algorithm converged after  2  iterations.
[1] 1.271748e-22 3.049628e-23 2.242420e-18 2.661018e-23
Algorithm converged after  2  iterations.
[1] 1.632112e-16
Algorithm converged after  2  iterations.
[1] 1.632112e-16 4.942967e-24
Algorithm converged after  6  iterations.
[1] 1.632112e-16 8.438183e-25
Algorithm converged after  6  iterations.
[1] 1.632112e-16 5.192025e-23
Algorithm converged after  6  iterations.
[1] 1.632112e-16 4.942967e-24 3.136850e-35
Algorithm converged after  6  iterations.
[1] 1.632112e-16 8.438183e-25 5.737464e-34
[1] 1.713065e-16 8.498649e-25 5.389775e-34
[1] 1.737402e-16 8.517237e-25 5.412855e-34
Algorithm converged after  24  iterations.
[1] 1.632112e-16 5.192025e-23 3.207346e-30
Algorithm converged after  8  iterations.
[1] 1.632112e-16 4.942967e-24 8.438183e-25
Algorithm converged after  7  iterations.
[1] 1.632112e-16 4.942967e-24 5.192025e-23
Algorithm converged after  7  iterations.
[1] 1.632112e-16 8.438183e-25 5.192025e-23
Algorithm converged after  7  iterations.
[1] 1.632112e-16 4.942967e-24 3.136850e-35 8.438183e-25
Algorithm converged after  7  iterations.
[1] 1.632112e-16 4.942967e-24 3.136850e-35 5.192025e-23
Algorithm converged after  7  iterations.
[1] 1.632112e-16 4.942967e-24 8.438183e-25 5.737464e-34
[1] 3.623897e-16 5.375045e-24 9.632153e-25 4.257397e-46
Algorithm converged after  20  iterations.
[1] 1.632112e-16 4.942967e-24 5.192025e-23 3.207346e-30
[1] 5.355948e-16 5.668907e-24 6.112551e-23 3.512684e-30
[1] 5.355972e-16 5.669157e-24 6.112691e-23 3.512479e-30
[1] 5.355969e-16 5.669402e-24 6.112825e-23 3.512132e-30
[1] 5.355966e-16 5.669647e-24 6.112959e-23 3.511785e-30
[1] 5.355963e-16 5.669892e-24 6.113093e-23 3.511438e-30
[1] 5.355960e-16 5.670137e-24 6.113226e-23 3.511092e-30
[1] 5.355957e-16 5.670382e-24 6.113360e-23 3.510745e-30
[1] 5.355954e-16 5.670626e-24 6.113494e-23 3.510399e-30
[1] 5.355950e-16 5.670871e-24 6.113627e-23 3.510053e-30
[1] 5.355947e-16 5.671115e-24 6.113761e-23 3.509708e-30
[1] 5.355944e-16 5.671359e-24 6.113894e-23 3.509363e-30
[1] 5.355941e-16 5.671603e-24 6.114027e-23 3.509018e-30
[1] 5.355938e-16 5.671847e-24 6.114160e-23 3.508673e-30
[1] 5.355934e-16 5.672091e-24 6.114293e-23 3.508328e-30
[1] 5.355931e-16 5.672334e-24 6.114427e-23 3.507984e-30
[1] 5.355928e-16 5.672578e-24 6.114560e-23 3.507640e-30
[1] 5.355925e-16 5.672821e-24 6.114692e-23 3.507297e-30
[1] 5.355921e-16 5.673064e-24 6.114825e-23 3.506953e-30
[1] 5.355918e-16 5.673308e-24 6.114958e-23 3.506610e-30
[1] 5.355915e-16 5.673551e-24 6.115091e-23 3.506267e-30
[1] 5.355911e-16 5.673794e-24 6.115223e-23 3.505925e-30
[1] 5.355908e-16 5.674036e-24 6.115356e-23 3.505583e-30
[1] 5.355905e-16 5.674279e-24 6.115488e-23 3.505241e-30
[1] 5.355901e-16 5.674521e-24 6.115621e-23 3.504899e-30
[1] 5.355898e-16 5.674764e-24 6.115753e-23 3.504557e-30
[1] 5.355894e-16 5.675006e-24 6.115885e-23 3.504216e-30
[1] 5.355891e-16 5.675248e-24 6.116018e-23 3.503875e-30
[1] 5.355888e-16 5.675490e-24 6.116150e-23 3.503535e-30
[1] 5.355884e-16 5.675732e-24 6.116282e-23 3.503194e-30
[1] 5.355881e-16 5.675974e-24 6.116414e-23 3.502854e-30
[1] 5.355877e-16 5.676216e-24 6.116546e-23 3.502514e-30
[1] 5.355874e-16 5.676457e-24 6.116678e-23 3.502175e-30
[1] 5.355872e-16 5.676699e-24 6.116810e-23 3.501834e-30
[1] 5.355868e-16 5.676940e-24 6.116941e-23 3.501495e-30
[1] 5.355864e-16 5.677181e-24 6.117073e-23 3.501156e-30
[1] 5.355860e-16 5.677422e-24 6.117204e-23 3.500818e-30
[1] 5.355857e-16 5.677663e-24 6.117336e-23 3.500480e-30
[1] 5.355853e-16 5.677904e-24 6.117467e-23 3.500142e-30
[1] 5.355849e-16 5.678145e-24 6.117599e-23 3.499804e-30
[1] 5.355845e-16 5.678385e-24 6.117730e-23 3.499467e-30
[1] 5.355842e-16 5.678626e-24 6.117861e-23 3.499130e-30
[1] 5.355838e-16 5.678866e-24 6.117992e-23 3.498793e-30
[1] 5.355834e-16 5.679106e-24 6.118123e-23 3.498456e-30
[1] 5.355830e-16 5.679346e-24 6.118254e-23 3.498120e-30
[1] 5.355827e-16 5.679586e-24 6.118385e-23 3.497784e-30
[1] 5.355823e-16 5.679826e-24 6.118516e-23 3.497448e-30
[1] 5.355819e-16 5.680066e-24 6.118647e-23 3.497113e-30
[1] 5.355815e-16 5.680305e-24 6.118777e-23 3.496777e-30
[1] 5.355811e-16 5.680545e-24 6.118908e-23 3.496442e-30
Algorithm did not converge after  500  iterations.
[1] 1.632112e-16 8.438183e-25 5.737464e-34 5.192025e-23
[1] 4.101693e-16 9.875211e-25 3.116854e-38 5.847240e-23
[1] 4.048169e-16 9.849575e-25 4.451537e-29 5.835817e-23
Algorithm converged after  21  iterations.
[1] 1.632112e-16 8.438183e-25 5.192025e-23 3.207346e-30
Algorithm converged after  10  iterations.
[1] 1.632112e-16 4.942967e-24 8.438183e-25 5.192025e-23
Algorithm converged after  8  iterations.
[1] 1.632112e-16 1.137165e-19
Algorithm converged after  2  iterations.
[1] 1.632112e-16 1.137165e-19 1.914668e-32
Algorithm converged after  5  iterations.
[1] 1.632112e-16 1.137165e-19 5.487658e-29
Algorithm converged after  4  iterations.
[1] 1.632112e-16 1.137165e-19 5.180497e-30
Algorithm converged after  7  iterations.
[1] 1.632112e-16 1.137165e-19 1.914668e-32 4.196845e-33
Algorithm converged after  5  iterations.
[1] 1.632112e-16 1.137165e-19 5.487658e-29 5.145549e-34
Algorithm converged after  9  iterations.
[1] 1.632112e-16 1.137165e-19 5.180497e-30 4.082180e-33
[1] 3.535898e-16 1.131320e-19 5.913025e-30 4.161104e-32
[1] 3.536290e-16 1.131326e-19 5.914158e-30 4.163059e-32
[1] 3.536508e-16 1.131327e-19 5.915220e-30 4.163425e-32
[1] 3.536727e-16 1.131329e-19 5.916282e-30 4.163780e-32
[1] 3.536959e-16 1.131330e-19 5.917348e-30 4.164128e-32
[1] 3.537159e-16 1.131331e-19 5.918403e-30 4.164490e-32
[1] 3.537376e-16 1.131332e-19 5.919464e-30 4.164846e-32
[1] 3.537593e-16 1.131333e-19 5.920525e-30 4.165200e-32
[1] 3.537825e-16 1.131334e-19 5.921590e-30 4.165549e-32
[1] 3.538025e-16 1.131335e-19 5.922644e-30 4.165909e-32
[1] 2.672069e-16 1.104875e-19 5.622670e-30 4.218971e-32
Algorithm converged after  115  iterations.
[1] 1.632112e-16 1.137165e-19 1.914668e-32 5.487658e-29
Algorithm converged after  5  iterations.
[1] 1.632112e-16 1.137165e-19 1.914668e-32 5.180497e-30
[1] 3.204453e-16 1.137534e-19 2.024552e-32 5.732113e-30
[1] 2.940126e-16 1.195351e-19 2.018441e-32 4.899137e-30
Algorithm converged after  26  iterations.
[1] 1.632112e-16 1.137165e-19 5.487658e-29 5.180497e-30
Algorithm converged after  7  iterations.
numeric(0)
Algorithm converged after  1  iterations.
[1] 3.059227e-23
Algorithm converged after  2  iterations.
[1] 5.058298e-24
Algorithm converged after  2  iterations.
[1] 3.086684e-17
Algorithm converged after  2  iterations.
[1] 3.059227e-23 1.009578e-25
Algorithm converged after  2  iterations.
[1] 5.058298e-24 3.179918e-25
Algorithm converged after  2  iterations.
[1] 3.086684e-17 4.433021e-23
Algorithm converged after  2  iterations.
[1] 3.059227e-23 5.058298e-24
Algorithm converged after  2  iterations.
[1] 3.059227e-23 3.086684e-17
Algorithm converged after  2  iterations.
[1] 5.058298e-24 3.086684e-17
Algorithm converged after  2  iterations.
[1] 3.059227e-23 1.009578e-25 5.058298e-24
Algorithm converged after  2  iterations.
[1] 3.059227e-23 1.009578e-25 3.086684e-17
Algorithm converged after  2  iterations.
[1] 3.059227e-23 5.058298e-24 3.179918e-25
Algorithm converged after  2  iterations.
[1] 3.059227e-23 3.086684e-17 4.433021e-23
Algorithm converged after  2  iterations.
[1] 5.058298e-24 3.179918e-25 3.086684e-17
Algorithm converged after  2  iterations.
[1] 5.058298e-24 3.086684e-17 4.433021e-23
Algorithm converged after  2  iterations.
[1] 3.059227e-23 5.058298e-24 3.086684e-17
Algorithm converged after  2  iterations.
[1] 3.059227e-23 1.009578e-25 5.058298e-24 3.179918e-25
Algorithm converged after  2  iterations.
[1] 3.059227e-23 1.009578e-25 3.086684e-17 4.433021e-23
Algorithm converged after  2  iterations.
[1] 5.058298e-24 3.179918e-25 3.086684e-17 4.433021e-23
Algorithm converged after  2  iterations.
[1] 3.059227e-23 1.009578e-25 5.058298e-24 3.086684e-17
Algorithm converged after  2  iterations.
[1] 3.059227e-23 5.058298e-24 3.179918e-25 3.086684e-17
Algorithm converged after  2  iterations.
[1] 3.059227e-23 5.058298e-24 3.086684e-17 4.433021e-23
Algorithm converged after  2  iterations.
[1] 9.578667e-16
Algorithm converged after  2  iterations.
[1] 9.578667e-16 1.563294e-24
Algorithm converged after  6  iterations.
[1] 9.578667e-16 2.693447e-24
Algorithm converged after  6  iterations.
[1] 9.578667e-16 7.440368e-23
Algorithm converged after  6  iterations.
[1] 9.578667e-16 1.563294e-24 5.046184e-35
Algorithm converged after  6  iterations.
[1] 9.578667e-16 2.693447e-24 1.048053e-33
Algorithm converged after  5  iterations.
[1] 9.578667e-16 7.440368e-23 1.482680e-59
[1] 2.045575e-15 8.170641e-23 3.237465e-45
[1] 1.894799e-15 8.082121e-23 3.275058e-45
[1] 2.105931e-15 8.205717e-23 1.176114e-31
[1] 2.039189e-15 8.168335e-23 1.348996e-39
[1] 1.885460e-15 8.078053e-23 1.275887e-30
[1] 1.774959e-15 8.011539e-23 1.247416e-49
[1] 2.121767e-15 8.216763e-23 3.019261e-42
[1] 1.804613e-15 8.030685e-23 1.262123e-30
[1] 2.122286e-15 8.218185e-23 7.166270e-64
[1] 1.760930e-15 8.005065e-23 1.120488e-31
[1] 2.044022e-15 8.175076e-23 2.813945e-42
[1] 2.122250e-15 8.220116e-23 1.179685e-31
[1] 1.863207e-15 8.068906e-23 3.534485e-39
[1] 2.042238e-15 8.175513e-23 3.761593e-39
[1] 1.993471e-15 8.148057e-23 3.188653e-67
[1] 2.043027e-15 8.182760e-23 4.761396e-48
[1] 2.047202e-15 8.185679e-23 8.618249e-38
[1] 1.788725e-15 8.031808e-23 6.760697e-46
[1] 1.766574e-15 8.018416e-23 1.251235e-30
[1] 1.745484e-15 8.005825e-23 5.478704e-47
[1] 2.124499e-15 8.231550e-23 1.192326e-31
[1] 2.062530e-15 8.196711e-23 2.851894e-42
[1] 1.717110e-15 7.989459e-23 1.723667e-49
[1] 1.792573e-15 8.036904e-23 1.114636e-41
[1] 1.780522e-15 8.030161e-23 2.626392e-42
[1] 2.123680e-15 8.233945e-23 1.179640e-31
[1] 2.000459e-15 8.163522e-23 1.169145e-31
[1] 2.042614e-15 8.188806e-23 1.079469e-41
[1] 1.739858e-15 8.007041e-23 1.121826e-31
[1] 2.007779e-15 8.169237e-23 1.385553e-39
[1] 1.764061e-15 8.022933e-23 2.976820e-36
[1] 1.886727e-15 8.098362e-23 1.140369e-31
[1] 1.750247e-15 8.015705e-23 1.246962e-30
[1] 2.022976e-15 8.180522e-23 1.153583e-37
[1] 1.798856e-15 8.046784e-23 1.579299e-39
[1] 1.762974e-15 8.025207e-23 8.625867e-45
[1] 2.050165e-15 8.198201e-23 1.670943e-39
[1] 2.053082e-15 8.199931e-23 2.861361e-42
[1] 2.000790e-15 8.170427e-23 2.271888e-29
[1] 1.843904e-15 8.076991e-23 1.286860e-30
[1] 1.751550e-15 8.024772e-23 1.117101e-31
[1] 2.105824e-15 8.236915e-23 1.488327e-48
[1] 1.763119e-15 8.032994e-23 1.125504e-37
[1] 2.051906e-15 8.207241e-23 1.075132e-41
[1] 1.644404e-15 7.958766e-23 1.071289e-31
[1] 1.779410e-15 8.045398e-23 1.122707e-31
[1] 2.128149e-15 8.253171e-23 1.182276e-48
[1] 1.926282e-15 8.135499e-23 1.054905e-48
[1] 2.041300e-15 8.204220e-23 1.160459e-37
Algorithm did not converge after  500  iterations.
[1] 9.578667e-16 1.563294e-24 2.693447e-24
Algorithm converged after  7  iterations.
[1] 9.578667e-16 1.563294e-24 7.440368e-23
Algorithm converged after  7  iterations.
[1] 9.578667e-16 2.693447e-24 7.440368e-23
Algorithm converged after  7  iterations.
[1] 9.578667e-16 1.563294e-24 5.046184e-35 2.693447e-24
Algorithm converged after  7  iterations.
[1] 9.578667e-16 1.563294e-24 5.046184e-35 7.440368e-23
Algorithm converged after  8  iterations.
[1] 9.578667e-16 1.563294e-24 2.693447e-24 1.048053e-33
Algorithm converged after  7  iterations.
[1] 9.578667e-16 1.563294e-24 7.440368e-23 1.482680e-59
[1] 2.749084e-15 1.786046e-24 8.558198e-23 1.364691e-30
[1] 2.463390e-15 1.756205e-24 8.408194e-23 1.673621e-44
[1] 2.367985e-15 1.745928e-24 8.356513e-23 4.264874e-40
[1] 2.894303e-15 1.800791e-24 8.632236e-23 1.381616e-30
[1] 2.614547e-15 1.772240e-24 8.488691e-23 1.055049e-37
[1] 2.775424e-15 1.789002e-24 8.573186e-23 1.388343e-30
[1] 2.398453e-15 1.749410e-24 8.373982e-23 1.329356e-49
[1] 2.445309e-15 1.754484e-24 8.399420e-23 9.317219e-49
[1] 2.457551e-15 1.755807e-24 8.406031e-23 2.347899e-46
[1] 2.392408e-15 1.748831e-24 8.370989e-23 4.623708e-45
[1] 2.767311e-15 1.788213e-24 8.568947e-23 1.329560e-31
[1] 2.613820e-15 1.772428e-24 8.489502e-23 1.304987e-31
[1] 2.641002e-15 1.775243e-24 8.503579e-23 1.511805e-49
[1] 2.469498e-15 1.757265e-24 8.413330e-23 3.267405e-45
[1] 2.331393e-15 1.742242e-24 8.337723e-23 8.122454e-39
[1] 2.506571e-15 1.761427e-24 8.434322e-23 2.872759e-40
[1] 2.457986e-15 1.756137e-24 8.407633e-23 4.175101e-40
[1] 2.765445e-15 1.788371e-24 8.569490e-23 1.334346e-31
[1] 2.588886e-15 1.770143e-24 8.477851e-23 3.269507e-45
[1] 2.642303e-15 1.775670e-24 8.505540e-23 1.428309e-67
[1] 2.772204e-15 1.789220e-24 8.573841e-23 2.829610e-40
[1] 2.465017e-15 1.757126e-24 8.412480e-23 7.434041e-47
[1] 2.453663e-15 1.755942e-24 8.406523e-23 2.967234e-49
[1] 2.772615e-15 1.789150e-24 8.573293e-23 1.314712e-30
[1] 2.583391e-15 1.769948e-24 8.477293e-23 1.298060e-31
[1] 2.452467e-15 1.756081e-24 8.407610e-23 6.880537e-49
[1] 2.934373e-15 1.805910e-24 8.658168e-23 3.316875e-34
[1] 2.476579e-15 1.758814e-24 8.421314e-23 1.382835e-53
[1] 2.524977e-15 1.764000e-24 8.447300e-23 8.862605e-41
[1] 2.588463e-15 1.770758e-24 8.481355e-23 6.807842e-49
[1] 2.880931e-15 1.800745e-24 8.632086e-23 3.661167e-34
[1] 2.444371e-15 1.755539e-24 8.404788e-23 1.634771e-44
[1] 2.608755e-15 1.772930e-24 8.492158e-23 1.293430e-31
[1] 2.315892e-15 1.741557e-24 8.334353e-23 1.253606e-37
[1] 2.463992e-15 1.757716e-24 8.415622e-23 1.196243e-46
[1] 2.444771e-15 1.755721e-24 8.405618e-23 1.635592e-44
[1] 2.466849e-15 1.758097e-24 8.417519e-23 9.811698e-42
[1] 2.457428e-15 1.757176e-24 8.412894e-23 7.662117e-49
[1] 2.786444e-15 1.791535e-24 8.585689e-23 4.691019e-45
[1] 2.440454e-15 1.755391e-24 8.403882e-23 1.355310e-49
[1] 2.540721e-15 1.766123e-24 8.457968e-23 1.275237e-45
[1] 2.749699e-15 1.787951e-24 8.567847e-23 1.351387e-31
[1] 2.477618e-15 1.759610e-24 8.425441e-23 3.272556e-45
[1] 2.465131e-15 1.758474e-24 8.419675e-23 2.897661e-40
[1] 2.455694e-15 1.757570e-24 8.415220e-23 1.326386e-30
[1] 2.479250e-15 1.760175e-24 8.428418e-23 3.161899e-48
[1] 2.776424e-15 1.791214e-24 8.584619e-23 9.436895e-42
[1] 2.486445e-15 1.761000e-24 8.432559e-23 2.890446e-40
[1] 2.446917e-15 1.756785e-24 8.411342e-23 4.638982e-45
Algorithm did not converge after  500  iterations.
[1] 9.578667e-16 2.693447e-24 1.048053e-33 7.440368e-23
Algorithm converged after  7  iterations.
[1] 9.578667e-16 2.693447e-24 7.440368e-23 1.482680e-59
[1] 2.512299e-15 3.116536e-24 8.434075e-23 2.718029e-40
[1] 2.141209e-15 3.028996e-24 8.229544e-23 3.391123e-42
[1] 2.499603e-15 3.113891e-24 8.427904e-23 4.090104e-40
[1] 2.138762e-15 3.028485e-24 8.228477e-23 1.378764e-46
[1] 2.572636e-15 3.130451e-24 8.466596e-23 1.410149e-37
[1] 2.389821e-15 3.088563e-24 8.368937e-23 1.098540e-41
[1] 2.207944e-15 3.045510e-24 8.268343e-23 4.098268e-46
[1] 3.941235e-15 3.413970e-24 9.124925e-23 1.319125e-31
[1] 2.199979e-15 3.044819e-24 8.269976e-23 1.220848e-31
[1] 2.488138e-15 3.112910e-24 8.429256e-23 2.729679e-40
[1] 2.602871e-15 3.138856e-24 8.489672e-23 4.632740e-39
[1] 2.421145e-15 3.097589e-24 8.393612e-23 1.158287e-37
[1] 2.402887e-15 3.093092e-24 8.383209e-23 3.185067e-46
[1] 2.219301e-15 3.049788e-24 8.282226e-23 1.113442e-54
[1] 2.215229e-15 3.048939e-24 8.280473e-23 2.428651e-39
Algorithm converged after  156  iterations.
[1] 9.578667e-16 1.563294e-24 2.693447e-24 7.440368e-23
Algorithm converged after  8  iterations.
[1] 9.578667e-16 1.641453e-19
Algorithm converged after  2  iterations.
[1] 9.578667e-16 1.641453e-19 1.460264e-32
Algorithm converged after  5  iterations.
[1] 9.578667e-16 1.641453e-19 2.027584e-29
Algorithm converged after  4  iterations.
[1] 9.578667e-16 1.641453e-19 1.331595e-28
Algorithm converged after  5  iterations.
[1] 9.578667e-16 1.641453e-19 1.460264e-32 4.725230e-33
Algorithm converged after  5  iterations.
[1] 9.578667e-16 1.641453e-19 2.027584e-29 1.039426e-33
Algorithm converged after  7  iterations.
[1] 9.578667e-16 1.641453e-19 1.331595e-28 3.143061e-72
[1] 1.002652e-15 1.592857e-19 1.358505e-28 2.103946e-30
[1] 1.294775e-15 1.593368e-19 1.398940e-28 2.269837e-30
Algorithm converged after  29  iterations.
[1] 9.578667e-16 1.641453e-19 1.460264e-32 2.027584e-29
Algorithm converged after  5  iterations.
[1] 9.578667e-16 1.641453e-19 1.460264e-32 1.331595e-28
Algorithm converged after  5  iterations.
[1] 9.578667e-16 1.641453e-19 2.027584e-29 1.331595e-28
Algorithm converged after  5  iterations.
numeric(0)
Algorithm converged after  1  iterations.
[1] 4.369021e-23
Algorithm converged after  2  iterations.
[1] 5.602516e-24
Algorithm converged after  2  iterations.
[1] 2.046604e-17
Algorithm converged after  2  iterations.
[1] 4.369021e-23 8.989044e-26
Algorithm converged after  2  iterations.
[1] 5.602516e-24 4.769186e-25
Algorithm converged after  2  iterations.
[1] 2.046604e-17 5.131797e-23
Algorithm converged after  2  iterations.
[1] 4.369021e-23 5.602516e-24
Algorithm converged after  2  iterations.
[1] 4.369021e-23 2.046604e-17
Algorithm converged after  2  iterations.
[1] 5.602516e-24 2.046604e-17
Algorithm converged after  2  iterations.
[1] 4.369021e-23 8.989044e-26 5.602516e-24
Algorithm converged after  2  iterations.
[1] 4.369021e-23 8.989044e-26 2.046604e-17
Algorithm converged after  2  iterations.
[1] 4.369021e-23 5.602516e-24 4.769186e-25
Algorithm converged after  2  iterations.
[1] 4.369021e-23 2.046604e-17 5.131797e-23
Algorithm converged after  2  iterations.
[1] 5.602516e-24 4.769186e-25 2.046604e-17
Algorithm converged after  2  iterations.
[1] 5.602516e-24 2.046604e-17 5.131797e-23
Algorithm converged after  2  iterations.
[1] 4.369021e-23 5.602516e-24 2.046604e-17
Algorithm converged after  2  iterations.
[1] 4.369021e-23 8.989044e-26 5.602516e-24 4.769186e-25
Algorithm converged after  2  iterations.
[1] 4.369021e-23 8.989044e-26 2.046604e-17 5.131797e-23
Algorithm converged after  2  iterations.
[1] 5.602516e-24 4.769186e-25 2.046604e-17 5.131797e-23
Algorithm converged after  2  iterations.
[1] 4.369021e-23 8.989044e-26 5.602516e-24 2.046604e-17
Algorithm converged after  2  iterations.
[1] 4.369021e-23 5.602516e-24 4.769186e-25 2.046604e-17
Algorithm converged after  2  iterations.
[1] 4.369021e-23 5.602516e-24 2.046604e-17 5.131797e-23
Algorithm converged after  2  iterations.
[1] 8.558739e-16
Algorithm converged after  2  iterations.
[1] 8.558739e-16 1.732457e-24
Algorithm converged after  6  iterations.
[1] 8.558739e-16 3.570987e-24
Algorithm converged after  6  iterations.
[1] 8.558739e-16 9.948727e-23
Algorithm converged after  7  iterations.
[1] 8.558739e-16 1.732457e-24 7.567836e-35
Algorithm converged after  7  iterations.
[1] 8.558739e-16 3.570987e-24 8.193282e-33
Algorithm converged after  6  iterations.
[1] 8.558739e-16 9.948727e-23 3.381219e-39
[1] 2.174304e-15 1.122554e-22 2.981090e-30
Algorithm converged after  12  iterations.
[1] 8.558739e-16 1.732457e-24 3.570987e-24
Algorithm converged after  7  iterations.
[1] 8.558739e-16 1.732457e-24 9.948727e-23
Algorithm converged after  7  iterations.
[1] 8.558739e-16 3.570987e-24 9.948727e-23
Algorithm converged after  7  iterations.
[1] 8.558739e-16 1.732457e-24 7.567836e-35 3.570987e-24
Algorithm converged after  7  iterations.
[1] 8.558739e-16 1.732457e-24 7.567836e-35 9.948727e-23
Algorithm converged after  7  iterations.
[1] 8.558739e-16 1.732457e-24 3.570987e-24 8.193282e-33
Algorithm converged after  6  iterations.
[1] 8.558739e-16 1.732457e-24 9.948727e-23 3.381219e-39
[1] 2.888423e-15 2.047646e-24 1.178396e-22 2.836273e-30
[1] 2.884777e-15 2.047310e-24 1.178229e-22 2.138263e-42
[1] 2.891562e-15 2.048196e-24 1.178732e-22 2.113927e-29
[1] 2.617483e-15 2.013751e-24 1.158719e-22 1.263924e-31
[1] 2.901450e-15 2.049740e-24 1.179675e-22 1.085749e-50
[1] 2.894571e-15 2.048976e-24 1.179253e-22 2.816741e-30
Algorithm converged after  66  iterations.
[1] 8.558739e-16 3.570987e-24 8.193282e-33 9.948727e-23
[1] 2.147588e-15 4.051335e-24 2.927070e-30 1.121260e-22
[1] 2.134008e-15 4.047179e-24 2.928542e-30 1.120231e-22
[1] 1.992514e-15 4.001752e-24 9.110008e-33 1.109093e-22
Algorithm converged after  32  iterations.
[1] 8.558739e-16 3.570987e-24 9.948727e-23 3.381219e-39
Algorithm converged after  9  iterations.
[1] 8.558739e-16 1.732457e-24 3.570987e-24 9.948727e-23
Algorithm converged after  8  iterations.
[1] 8.558739e-16 1.810835e-19
Algorithm converged after  2  iterations.
[1] 8.558739e-16 1.810835e-19 1.879798e-32
Algorithm converged after  5  iterations.
[1] 8.558739e-16 1.810835e-19 2.715409e-29
Algorithm converged after  4  iterations.
[1] 8.558739e-16 1.810835e-19 4.648482e-30
Algorithm converged after  7  iterations.
[1] 8.558739e-16 1.810835e-19 1.879798e-32 4.408155e-33
Algorithm converged after  5  iterations.
[1] 8.558739e-16 1.810835e-19 2.715409e-29 8.623252e-34
[1] 7.371327e-16 1.843274e-19 2.722701e-29 8.637453e-34
[1] 8.654448e-16 1.772774e-19 2.735852e-29 2.467265e-48
Algorithm converged after  29  iterations.
[1] 8.558739e-16 1.810835e-19 4.648482e-30 1.320641e-31
Algorithm converged after  8  iterations.
[1] 8.558739e-16 1.810835e-19 1.879798e-32 2.715409e-29
Algorithm converged after  5  iterations.
[1] 8.558739e-16 1.810835e-19 1.879798e-32 4.648482e-30
Algorithm converged after  7  iterations.
[1] 8.558739e-16 1.810835e-19 2.715409e-29 4.648482e-30
Algorithm converged after  7  iterations.
numeric(0)
Algorithm converged after  1  iterations.
[1] 6.676945e-23
Algorithm converged after  2  iterations.
[1] 5.300793e-24
Algorithm converged after  2  iterations.
[1] 4.846463e-18
Algorithm converged after  2  iterations.
[1] 6.676945e-23 1.600818e-25
Algorithm converged after  2  iterations.
[1] 5.300793e-24 2.172106e-26
Algorithm converged after  2  iterations.
[1] 4.846463e-18 2.758442e-23
Algorithm converged after  2  iterations.
[1] 6.676945e-23 5.300793e-24
Algorithm converged after  2  iterations.
[1] 6.676945e-23 4.846463e-18
Algorithm converged after  2  iterations.
[1] 5.300793e-24 4.846463e-18
Algorithm converged after  2  iterations.
[1] 6.676945e-23 1.600818e-25 5.300793e-24
Algorithm converged after  2  iterations.
[1] 6.676945e-23 1.600818e-25 4.846463e-18
Algorithm converged after  2  iterations.
[1] 6.676945e-23 5.300793e-24 2.172106e-26
Algorithm converged after  2  iterations.
[1] 6.676945e-23 4.846463e-18 2.758442e-23
Algorithm converged after  2  iterations.
[1] 5.300793e-24 2.172106e-26 4.846463e-18
Algorithm converged after  2  iterations.
[1] 5.300793e-24 4.846463e-18 2.758442e-23
Algorithm converged after  2  iterations.
[1] 6.676945e-23 5.300793e-24 4.846463e-18
Algorithm converged after  2  iterations.
[1] 6.676945e-23 1.600818e-25 5.300793e-24 2.172106e-26
Algorithm converged after  2  iterations.
[1] 6.676945e-23 1.600818e-25 4.846463e-18 2.758442e-23
Algorithm converged after  2  iterations.
[1] 5.300793e-24 2.172106e-26 4.846463e-18 2.758442e-23
Algorithm converged after  2  iterations.
[1] 6.676945e-23 1.600818e-25 5.300793e-24 4.846463e-18
Algorithm converged after  2  iterations.
[1] 6.676945e-23 5.300793e-24 2.172106e-26 4.846463e-18
Algorithm converged after  2  iterations.
[1] 6.676945e-23 5.300793e-24 4.846463e-18 2.758442e-23
Algorithm converged after  2  iterations.
[1] 1.422877e-16
Algorithm converged after  2  iterations.
[1] 1.422877e-16 5.130853e-24
Algorithm converged after  6  iterations.
[1] 1.422877e-16 1.903546e-24
Algorithm converged after  6  iterations.
[1] 1.422877e-16 6.206279e-23
Algorithm converged after  7  iterations.
[1] 1.422877e-16 5.130853e-24 5.855858e-35
Algorithm converged after  6  iterations.
[1] 1.422877e-16 1.903546e-24 5.283779e-33
Algorithm converged after  9  iterations.
[1] 1.422877e-16 6.206279e-23 2.066405e-29
[1] 3.654827e-16 7.031824e-23 4.542313e-30
[1] 3.943131e-16 7.119500e-23 4.502507e-30
[1] 3.680474e-16 7.041400e-23 6.349923e-50
Algorithm converged after  39  iterations.
[1] 1.422877e-16 5.130853e-24 1.903546e-24
Algorithm converged after  7  iterations.
[1] 1.422877e-16 5.130853e-24 6.206279e-23
Algorithm converged after  7  iterations.
[1] 1.422877e-16 1.903546e-24 6.206279e-23
Algorithm converged after  7  iterations.
[1] 1.422877e-16 5.130853e-24 5.855858e-35 1.903546e-24
Algorithm converged after  6  iterations.
[1] 1.422877e-16 5.130853e-24 5.855858e-35 6.206279e-23
Algorithm converged after  7  iterations.
[1] 1.422877e-16 5.130853e-24 1.903546e-24 5.283779e-33
[1] 2.947662e-16 5.541120e-24 2.133174e-24 5.008028e-33
[1] 2.870885e-16 5.523985e-24 2.123377e-24 7.381865e-42
[1] 2.876557e-16 5.525735e-24 2.124266e-24 2.708631e-34
[1] 3.075856e-16 5.572485e-24 2.150525e-24 2.257746e-34
[1] 2.878155e-16 5.527586e-24 2.125043e-24 5.202677e-31
[1] 2.877900e-16 5.527873e-24 2.125119e-24 6.241509e-42
[1] 3.288892e-16 5.621281e-24 2.177801e-24 5.025304e-33
[1] 2.879600e-16 5.529353e-24 2.125788e-24 5.013575e-33
[1] 2.994492e-16 5.555985e-24 2.140679e-24 5.021301e-33
[1] 2.976121e-16 5.551339e-24 2.137447e-24 5.219517e-33
[1] 3.194177e-16 5.602918e-24 2.166878e-24 5.001429e-33
[1] 2.877710e-16 5.531348e-24 2.126293e-24 2.046694e-63
[1] 2.884543e-16 5.533428e-24 2.127352e-24 2.076329e-34
[1] 3.177064e-16 5.600272e-24 2.164816e-24 5.091142e-33
[1] 3.288071e-16 5.625829e-24 2.179344e-24 5.137193e-31
[1] 2.994109e-16 5.560186e-24 2.142111e-24 5.016232e-33
[1] 3.085699e-16 5.581539e-24 2.154097e-24 5.014473e-33
[1] 2.885477e-16 5.536095e-24 2.128362e-24 3.701099e-46
[1] 2.969731e-16 5.555967e-24 2.139449e-24 5.015704e-33
[1] 2.879359e-16 5.535548e-24 2.127906e-24 9.737556e-51
[1] 3.150111e-16 5.597712e-24 2.162821e-24 5.039912e-33
[1] 2.880508e-16 5.536862e-24 2.128374e-24 8.554079e-53
[1] 2.878842e-16 5.536974e-24 2.128385e-24 3.679594e-46
[1] 2.879675e-16 5.537727e-24 2.128624e-24 2.293812e-34
[1] 3.193791e-16 5.611442e-24 2.169773e-24 5.004542e-33
[1] 2.883234e-16 5.541016e-24 2.129839e-24 2.155519e-34
[1] 3.098714e-16 5.590829e-24 2.157856e-24 5.028544e-33
[1] 3.080139e-16 5.587308e-24 2.155774e-24 5.014043e-33
[1] 3.124196e-16 5.597851e-24 2.161649e-24 5.007185e-33
[1] 3.001644e-16 5.570337e-24 2.145959e-24 5.021512e-33
[1] 3.035978e-16 5.579163e-24 2.150611e-24 5.043610e-33
[1] 3.324509e-16 5.645524e-24 2.187918e-24 5.003274e-33
[1] 3.243035e-16 5.628215e-24 2.177730e-24 2.277972e-34
[1] 2.882976e-16 5.547135e-24 2.131879e-24 1.261908e-63
[1] 2.876058e-16 5.546134e-24 2.131208e-24 2.783830e-46
[1] 2.892396e-16 5.550727e-24 2.133622e-24 9.524394e-57
[1] 3.324512e-16 5.649262e-24 2.189267e-24 2.982819e-34
[1] 2.878809e-16 5.548351e-24 2.132111e-24 5.077046e-33
[1] 2.874312e-16 5.547779e-24 2.131685e-24 1.595392e-57
[1] 2.966174e-16 5.569468e-24 2.143800e-24 5.019374e-33
[1] 3.095244e-16 5.599668e-24 2.160768e-24 5.014963e-33
[1] 2.826286e-16 5.538446e-24 2.125709e-24 3.886170e-46
[1] 2.882260e-16 5.552398e-24 2.133641e-24 8.478635e-51
[1] 2.876344e-16 5.551546e-24 2.133108e-24 8.466526e-51
[1] 3.060105e-16 5.594328e-24 2.157088e-24 5.021440e-33
[1] 3.287528e-16 5.646118e-24 2.186252e-24 2.286678e-34
[1] 2.985699e-16 5.578441e-24 2.147872e-24 4.998835e-33
[1] 2.885190e-16 5.556572e-24 2.135210e-24 6.230944e-42
[1] 3.068435e-16 5.599173e-24 2.159054e-24 5.044498e-33
Algorithm did not converge after  500  iterations.
[1] 1.422877e-16 5.130853e-24 6.206279e-23 2.066405e-29
[1] 5.601599e-16 6.073085e-24 7.589896e-23 7.831969e-29
[1] 5.581255e-16 6.069139e-24 7.584397e-23 4.411671e-30
[1] 5.243066e-16 6.009625e-24 7.496935e-23 4.445571e-30
Algorithm converged after  37  iterations.
[1] 1.422877e-16 1.903546e-24 5.283779e-33 6.206279e-23
[1] 4.180669e-16 2.283422e-24 7.837961e-51 7.195490e-23
[1] 4.182178e-16 2.283702e-24 1.985437e-46 7.196422e-23
[1] 4.195648e-16 2.285241e-24 5.039334e-33 7.200763e-23
[1] 4.330394e-16 2.300429e-24 2.294695e-60 7.240051e-23
[1] 4.336010e-16 2.301207e-24 1.475573e-53 7.242353e-23
[1] 4.317877e-16 2.299157e-24 1.820917e-34 7.237679e-23
[1] 4.411035e-16 2.309553e-24 8.308162e-53 7.264889e-23
[1] 4.181536e-16 2.284138e-24 1.094672e-64 7.199368e-23
[1] 4.435221e-16 2.312381e-24 4.462044e-31 7.272791e-23
[1] 4.484733e-16 2.318211e-24 4.976455e-33 7.287899e-23
[1] 4.181664e-16 2.284401e-24 7.835446e-51 7.200959e-23
[1] 4.160018e-16 2.282009e-24 1.981958e-46 7.194929e-23
[1] 4.328752e-16 2.300935e-24 1.875441e-34 7.244027e-23
Algorithm converged after  138  iterations.
[1] 1.422877e-16 1.903546e-24 6.206279e-23 2.066405e-29
[1] 5.157923e-16 2.390926e-24 7.470062e-23 4.578292e-30
Algorithm converged after  12  iterations.
[1] 1.422877e-16 5.130853e-24 1.903546e-24 6.206279e-23
Algorithm converged after  8  iterations.
[1] 1.422877e-16 1.377143e-19
Algorithm converged after  2  iterations.
[1] 1.422877e-16 1.377143e-19 2.630994e-32
Algorithm converged after  5  iterations.
[1] 1.422877e-16 1.377143e-19 9.254732e-30
Algorithm converged after  4  iterations.
[1] 1.422877e-16 1.377143e-19 7.563965e-30
Algorithm converged after  6  iterations.
[1] 1.422877e-16 1.377143e-19 2.630994e-32 2.816645e-33
Algorithm converged after  5  iterations.
[1] 1.422877e-16 1.377143e-19 9.254732e-30 6.298001e-33
[1] 1.461138e-16 1.374479e-19 9.274930e-30 7.733457e-73
[1] 1.590194e-16 1.269009e-19 9.449724e-30 1.175743e-64
[1] 1.425978e-16 1.260510e-19 9.349620e-30 2.069033e-55
[1] 1.589070e-16 1.263627e-19 9.456749e-30 6.051572e-33
[1] 1.471009e-16 1.354642e-19 9.308459e-30 6.185254e-33
[1] 1.501776e-16 1.354696e-19 9.317445e-30 3.503142e-41
[1] 1.310313e-16 1.447203e-19 9.169894e-30 6.319549e-33
[1] 1.309146e-16 1.447160e-19 9.168869e-30 1.876350e-39
[1] 1.466311e-16 1.377718e-19 9.271443e-30 6.261799e-33
Algorithm converged after  95  iterations.
[1] 1.422877e-16 1.377143e-19 7.563965e-30 1.214735e-31
Algorithm converged after  8  iterations.
[1] 1.422877e-16 1.377143e-19 2.630994e-32 9.254732e-30
Algorithm converged after  5  iterations.
[1] 1.422877e-16 1.377143e-19 2.630994e-32 7.563965e-30
Algorithm converged after  7  iterations.
[1] 1.422877e-16 1.377143e-19 9.254732e-30 7.563965e-30
Algorithm converged after  6  iterations.
numeric(0)
Algorithm converged after  1  iterations.
[1] 5.155957e-23
Algorithm converged after  2  iterations.
[1] 5.775937e-39
Algorithm converged after  2  iterations.
[1] 2.43178e-17
Algorithm converged after  2  iterations.
[1] 5.155957e-23 7.234453e-26
Algorithm converged after  2  iterations.
[1] 5.775937e-39 3.708806e-52
Algorithm converged after  2  iterations.
[1] 2.431780e-17 6.718771e-23
Algorithm converged after  2  iterations.
[1] 5.155957e-23 5.775937e-39
Algorithm converged after  2  iterations.
[1] 5.155957e-23 2.431780e-17
Algorithm converged after  2  iterations.
[1] 5.775937e-39 2.431780e-17
Algorithm converged after  2  iterations.
[1] 5.155957e-23 7.234453e-26 5.775937e-39
Algorithm converged after  2  iterations.
[1] 5.155957e-23 7.234453e-26 2.431780e-17
Algorithm converged after  2  iterations.
[1] 5.155957e-23 5.775937e-39 3.708806e-52
Algorithm converged after  2  iterations.
[1] 5.155957e-23 2.431780e-17 6.718771e-23
Algorithm converged after  2  iterations.
[1] 5.775937e-39 3.708806e-52 2.431780e-17
Algorithm converged after  2  iterations.
[1] 5.775937e-39 2.431780e-17 6.718771e-23
Algorithm converged after  2  iterations.
[1] 5.155957e-23 5.775937e-39 2.431780e-17
Algorithm converged after  2  iterations.
[1] 5.155957e-23 7.234453e-26 5.775937e-39 3.708806e-52
Algorithm converged after  2  iterations.
[1] 5.155957e-23 7.234453e-26 2.431780e-17 6.718771e-23
Algorithm converged after  2  iterations.
[1] 5.775937e-39 3.708806e-52 2.431780e-17 6.718771e-23
Algorithm converged after  2  iterations.
[1] 5.155957e-23 7.234453e-26 5.775937e-39 2.431780e-17
Algorithm converged after  2  iterations.
[1] 5.155957e-23 5.775937e-39 3.708806e-52 2.431780e-17
Algorithm converged after  2  iterations.
