myseed=1050 

Attaching package: ‘pls’

The following object is masked from ‘package:stats’:

    loadings

Loading required package: lattice
Loading required package: ggplot2
Registered S3 methods overwritten by 'ggplot2':
  method         from 
  [.quosures     rlang
  c.quosures     rlang
  print.quosures rlang

Attaching package: ‘caret’

The following object is masked from ‘package:pls’:

    R2

Loading required package: Matrix
Loading required package: foreach
Loaded glmnet 2.0-18

Parsed with column specification:
cols(
  .default = col_double()
)
See spec(...) for full column specifications.
Parsed with column specification:
cols(
  X1 = col_double()
)
Parsed with column specification:
cols(
  X1 = col_double()
)
numeric(0)
Algorithm converged after  1  iterations.
[1] 1.898544e-23
Algorithm converged after  2  iterations.
[1] 1.167676e-23
Algorithm converged after  2  iterations.
[1] 4.610442e-18
Algorithm converged after  2  iterations.
[1] 1.898544e-23 5.628659e-26
Algorithm converged after  2  iterations.
[1] 1.167676e-23 1.048284e-25
Algorithm converged after  2  iterations.
[1] 4.610442e-18 1.989110e-23
Algorithm converged after  2  iterations.
[1] 1.898544e-23 1.167676e-23
Algorithm converged after  2  iterations.
[1] 1.898544e-23 4.610442e-18
Algorithm converged after  2  iterations.
[1] 1.167676e-23 4.610442e-18
Algorithm converged after  2  iterations.
[1] 1.898544e-23 5.628659e-26 1.167676e-23
Algorithm converged after  2  iterations.
[1] 1.898544e-23 5.628659e-26 4.610442e-18
Algorithm converged after  2  iterations.
[1] 1.898544e-23 1.167676e-23 1.048284e-25
Algorithm converged after  2  iterations.
[1] 1.898544e-23 4.610442e-18 1.989110e-23
Algorithm converged after  2  iterations.
[1] 1.167676e-23 1.048284e-25 4.610442e-18
Algorithm converged after  2  iterations.
[1] 1.167676e-23 4.610442e-18 1.989110e-23
Algorithm converged after  2  iterations.
[1] 1.898544e-23 1.167676e-23 4.610442e-18
Algorithm converged after  2  iterations.
[1] 1.898544e-23 5.628659e-26 1.167676e-23 1.048284e-25
Algorithm converged after  2  iterations.
[1] 1.898544e-23 5.628659e-26 4.610442e-18 1.989110e-23
Algorithm converged after  2  iterations.
[1] 1.167676e-23 1.048284e-25 4.610442e-18 1.989110e-23
Algorithm converged after  2  iterations.
[1] 1.898544e-23 5.628659e-26 1.167676e-23 4.610442e-18
Algorithm converged after  2  iterations.
[1] 1.898544e-23 1.167676e-23 1.048284e-25 4.610442e-18
Algorithm converged after  2  iterations.
[1] 1.898544e-23 1.167676e-23 4.610442e-18 1.989110e-23
Algorithm converged after  2  iterations.
[1] 2.006386e-16
Algorithm converged after  2  iterations.
[1] 2.006386e-16 1.242655e-24
Algorithm converged after  6  iterations.
[1] 2.006386e-16 4.503858e-24
Algorithm converged after  6  iterations.
[1] 2.006386e-16 8.474184e-23
Algorithm converged after  8  iterations.
[1] 2.006386e-16 1.242655e-24 1.116625e-31
[1] 3.637687e-16 1.328820e-24 5.503029e-59
[1] 3.655300e-16 1.329733e-24 5.873031e-52
[1] 3.657650e-16 1.329989e-24 1.140042e-31
[1] 3.249644e-16 1.310501e-24 1.133822e-31
[1] 3.658534e-16 1.330192e-24 1.140710e-31
Algorithm converged after  53  iterations.
[1] 2.006386e-16 4.503858e-24 1.585760e-32
Algorithm converged after  5  iterations.
[1] 2.006386e-16 8.474184e-23 6.896723e-30
[1] 7.700973e-16 1.073408e-22 2.568002e-30
[1] 7.760330e-16 1.075317e-22 2.588799e-30
Algorithm converged after  23  iterations.
[1] 2.006386e-16 1.242655e-24 4.503858e-24
Algorithm converged after  7  iterations.
[1] 2.006386e-16 1.242655e-24 8.474184e-23
Algorithm converged after  8  iterations.
[1] 2.006386e-16 4.503858e-24 8.474184e-23
Algorithm converged after  8  iterations.
[1] 2.006386e-16 1.242655e-24 1.116625e-31 4.503858e-24
[1] 4.544244e-16 1.368427e-24 1.147834e-31 4.864375e-24
[1] 5.163830e-16 1.394042e-24 2.564679e-55 4.937429e-24
[1] 5.164280e-16 1.394088e-24 8.019459e-50 4.937562e-24
Algorithm converged after  39  iterations.
[1] 2.006386e-16 1.242655e-24 1.116625e-31 8.474184e-23
[1] 9.277489e-16 1.539612e-24 1.140232e-31 1.122233e-22
[1] 9.181061e-16 1.536553e-24 1.306161e-50 1.119448e-22
[1] 9.163586e-16 1.535997e-24 2.249477e-49 1.118974e-22
[1] 9.153504e-16 1.535697e-24 1.135931e-31 1.119001e-22
[1] 1.004647e-15 1.563906e-24 1.144901e-31 1.145310e-22
[1] 9.170929e-16 1.536480e-24 1.140088e-31 1.119787e-22
[1] 9.858982e-16 1.557912e-24 1.140964e-31 1.139893e-22
[1] 9.409298e-16 1.543834e-24 1.136872e-31 1.126800e-22
[1] 9.922943e-16 1.559956e-24 1.135484e-31 1.141937e-22
[1] 1.005103e-15 1.564081e-24 1.141521e-31 1.145761e-22
[1] 1.005937e-15 1.564434e-24 9.756194e-51 1.146092e-22
[1] 1.003691e-15 1.563789e-24 2.541628e-54 1.145762e-22
[1] 9.210784e-16 1.537876e-24 2.994522e-66 1.121698e-22
[1] 1.006011e-15 1.564695e-24 1.144690e-31 1.146712e-22
[1] 1.009433e-15 1.565057e-24 1.132172e-31 1.147377e-22
[1] 9.409820e-16 1.544340e-24 1.116035e-49 1.127943e-22
[1] 1.005804e-15 1.564759e-24 7.963346e-51 1.147027e-22
[1] 8.868898e-16 1.527208e-24 6.995958e-54 1.112058e-22
[1] 1.005975e-15 1.564876e-24 7.092178e-54 1.147230e-22
[1] 9.963894e-16 1.561865e-24 1.140462e-31 1.144508e-22
[1] 9.920273e-16 1.560234e-24 1.106547e-31 1.144070e-22
[1] 9.163246e-16 1.537366e-24 1.135393e-31 1.122695e-22
[1] 9.988080e-16 1.563448e-24 1.142157e-31 1.147090e-22
[1] 9.066726e-16 1.534495e-24 1.138261e-31 1.120018e-22
[1] 9.366005e-16 1.543894e-24 2.274599e-49 1.128877e-22
[1] 9.098257e-16 1.535440e-24 2.606377e-52 1.121013e-22
[1] 9.955207e-16 1.562519e-24 2.589084e-58 1.146370e-22
[1] 1.006541e-15 1.565987e-24 1.145030e-31 1.149637e-22
[1] 9.441063e-16 1.546279e-24 1.137153e-31 1.131285e-22
[1] 1.001128e-15 1.564234e-24 1.139420e-31 1.148190e-22
[1] 9.146844e-16 1.537119e-24 1.136537e-31 1.122860e-22
[1] 9.442555e-16 1.546514e-24 1.138089e-31 1.131717e-22
[1] 9.244195e-16 1.540218e-24 1.136362e-31 1.125862e-22
[1] 9.981960e-16 1.563465e-24 1.140600e-31 1.147647e-22
[1] 9.370656e-16 1.544259e-24 1.137180e-31 1.129718e-22
[1] 9.737587e-16 1.555756e-24 1.139038e-31 1.140532e-22
[1] 1.002224e-15 1.564740e-24 1.237414e-38 1.149050e-22
[1] 1.004359e-15 1.565522e-24 7.089184e-54 1.149795e-22
[1] 9.207186e-16 1.539436e-24 4.319669e-45 1.125374e-22
[1] 1.004679e-15 1.565728e-24 1.235576e-52 1.150196e-22
[1] 9.173376e-16 1.538261e-24 1.134102e-31 1.124551e-22
[1] 1.002202e-15 1.564903e-24 1.138338e-49 1.149687e-22
[1] 8.981424e-16 1.532244e-24 1.133869e-31 1.119110e-22
[1] 9.950416e-16 1.562994e-24 1.141711e-31 1.147892e-22
[1] 1.006658e-15 1.566637e-24 1.144023e-31 1.151318e-22
[1] 9.969274e-16 1.563570e-24 1.140697e-31 1.148499e-22
[1] 9.005895e-16 1.533122e-24 1.133681e-31 1.120127e-22
[1] 9.933995e-16 1.562682e-24 1.142525e-31 1.147868e-22
[1] 9.407288e-16 1.545987e-24 2.428206e-55 1.132305e-22
Algorithm did not converge after  500  iterations.
[1] 2.006386e-16 1.242655e-24 4.503858e-24 1.585760e-32
Algorithm converged after  7  iterations.
[1] 2.006386e-16 1.242655e-24 8.474184e-23 6.896723e-30
[1] 9.742578e-16 1.554527e-24 1.136252e-22 6.065489e-43
[1] 9.425502e-16 1.544799e-24 1.127241e-22 3.090763e-43
[1] 9.588988e-16 1.549992e-24 1.132190e-22 3.329823e-47
[1] 8.707569e-16 1.521835e-24 1.106108e-22 2.489026e-30
[1] 8.665221e-16 1.520567e-24 1.104985e-22 2.488886e-30
[1] 9.495539e-16 1.547333e-24 1.129978e-22 3.617734e-34
[1] 9.088997e-16 1.534247e-24 1.117839e-22 2.496842e-30
[1] 9.907818e-16 1.560126e-24 1.142116e-22 3.587984e-34
[1] 9.842497e-16 1.558193e-24 1.140354e-22 2.509791e-30
[1] 9.830358e-16 1.557841e-24 1.140082e-22 2.506911e-30
[1] 9.193885e-16 1.537795e-24 1.121411e-22 2.498215e-30
[1] 9.847752e-16 1.558402e-24 1.140744e-22 3.862871e-30
[1] 9.862553e-16 1.558958e-24 1.141369e-22 2.507174e-30
[1] 9.421278e-16 1.545097e-24 1.128487e-22 8.742145e-30
[1] 9.838479e-16 1.558353e-24 1.140884e-22 8.437664e-39
[1] 9.765027e-16 1.556122e-24 1.138869e-22 2.508576e-30
[1] 9.602614e-16 1.551292e-24 1.134437e-22 3.587683e-34
[1] 9.503141e-16 1.548243e-24 1.131642e-22 4.588795e-69
[1] 9.765145e-16 1.556436e-24 1.139476e-22 2.512816e-30
[1] 9.262937e-16 1.540592e-24 1.124780e-22 2.501274e-30
[1] 9.659685e-16 1.553379e-24 1.136811e-22 3.608709e-34
[1] 9.322137e-16 1.542591e-24 1.126839e-22 8.733613e-30
[1] 9.838117e-16 1.558969e-24 1.142217e-22 2.509568e-30
[1] 8.524051e-16 1.517132e-24 1.103162e-22 2.488016e-30
[1] 8.658983e-16 1.521609e-24 1.107401e-22 3.818015e-30
[1] 1.030351e-15 1.573292e-24 1.155878e-22 8.886180e-30
[1] 9.511044e-16 1.549176e-24 1.133337e-22 3.088075e-43
[1] 9.700175e-16 1.555072e-24 1.138938e-22 8.511812e-39
[1] 8.648193e-16 1.521487e-24 1.107590e-22 4.657893e-34
[1] 1.038603e-15 1.575968e-24 1.158707e-22 2.521413e-30
[1] 9.953720e-16 1.562978e-24 1.146587e-22 2.430586e-40
[1] 9.834746e-16 1.559375e-24 1.143225e-22 2.507364e-30
Algorithm converged after  324  iterations.
[1] 2.006386e-16 4.503858e-24 1.585760e-32 8.474184e-23
Algorithm converged after  8  iterations.
[1] 2.006386e-16 4.503858e-24 8.474184e-23 6.896723e-30
[1] 9.959209e-16 5.410981e-24 1.141859e-22 1.934179e-37
[1] 9.793757e-16 5.397342e-24 1.137419e-22 8.952986e-30
[1] 9.818598e-16 5.399099e-24 1.138012e-22 9.970679e-54
[1] 8.955042e-16 5.322383e-24 1.112781e-22 2.512229e-30
[1] 9.783173e-16 5.396393e-24 1.137297e-22 3.879429e-30
[1] 9.853589e-16 5.402990e-24 1.139545e-22 6.156429e-35
[1] 9.057915e-16 5.332016e-24 1.116190e-22 2.072053e-51
[1] 9.407467e-16 5.364066e-24 1.126869e-22 3.245827e-43
[1] 9.685317e-16 5.388361e-24 1.134948e-22 7.326544e-40
[1] 9.954764e-16 5.411544e-24 1.142684e-22 2.530961e-30
[1] 9.161107e-16 5.341729e-24 1.119749e-22 2.516845e-30
[1] 9.881160e-16 5.405719e-24 1.141003e-22 7.416774e-40
[1] 9.833967e-16 5.401588e-24 1.139687e-22 8.840402e-30
[1] 8.511141e-16 5.282844e-24 1.100568e-22 2.503582e-30
Algorithm converged after  148  iterations.
[1] 2.006386e-16 1.242655e-24 4.503858e-24 8.474184e-23
Algorithm converged after  9  iterations.
[1] 2.006386e-16 9.879646e-20
Algorithm converged after  2  iterations.
[1] 2.006386e-16 9.879646e-20 1.272537e-31
Algorithm converged after  5  iterations.
[1] 2.006386e-16 9.879646e-20 2.523604e-29
Algorithm converged after  4  iterations.
[1] 2.006386e-16 9.879646e-20 8.836568e-35
[1] 2.421443e-16 9.376564e-20 1.282441e-29
[1] 2.421454e-16 9.376561e-20 1.282434e-29
[1] 2.421454e-16 9.376561e-20 1.282434e-29
[1] 2.421454e-16 9.376561e-20 1.282434e-29
[1] 2.421454e-16 9.376561e-20 1.282434e-29
[1] 2.421454e-16 9.376561e-20 1.282434e-29
[1] 2.421454e-16 9.376561e-20 1.282434e-29
[1] 2.421454e-16 9.376561e-20 1.282434e-29
[1] 2.421454e-16 9.376561e-20 1.282434e-29
[1] 2.421454e-16 9.376561e-20 1.282434e-29
[1] 2.421454e-16 9.376561e-20 1.282434e-29
[1] 2.421454e-16 9.376561e-20 1.282434e-29
[1] 2.421454e-16 9.376561e-20 1.282434e-29
[1] 2.421454e-16 9.376561e-20 1.282434e-29
[1] 2.421454e-16 9.376561e-20 1.282434e-29
[1] 2.421454e-16 9.376561e-20 1.282434e-29
[1] 2.421454e-16 9.376561e-20 1.282434e-29
[1] 2.421454e-16 9.376561e-20 1.282434e-29
[1] 2.421454e-16 9.376561e-20 1.282434e-29
[1] 2.421454e-16 9.376561e-20 1.282434e-29
[1] 2.421454e-16 9.376561e-20 1.282434e-29
[1] 2.421454e-16 9.376561e-20 1.282434e-29
[1] 2.421454e-16 9.376561e-20 1.282434e-29
[1] 2.421454e-16 9.376561e-20 1.282434e-29
[1] 2.421454e-16 9.376561e-20 1.282434e-29
[1] 2.421454e-16 9.376561e-20 1.282434e-29
[1] 2.421454e-16 9.376561e-20 1.282434e-29
[1] 2.421454e-16 9.376561e-20 1.282434e-29
[1] 2.421454e-16 9.376561e-20 1.282434e-29
[1] 2.421454e-16 9.376561e-20 1.282434e-29
[1] 2.421454e-16 9.376561e-20 1.282434e-29
[1] 2.421454e-16 9.376561e-20 1.282434e-29
[1] 2.421454e-16 9.376561e-20 1.282434e-29
[1] 2.421454e-16 9.376561e-20 1.282434e-29
[1] 2.421454e-16 9.376561e-20 1.282434e-29
[1] 2.421454e-16 9.376561e-20 1.282434e-29
[1] 2.421454e-16 9.376561e-20 1.282434e-29
[1] 2.421454e-16 9.376561e-20 1.282434e-29
[1] 2.421454e-16 9.376561e-20 1.282434e-29
[1] 2.421454e-16 9.376561e-20 1.282434e-29
[1] 2.421454e-16 9.376561e-20 1.282434e-29
[1] 2.421454e-16 9.376561e-20 1.282434e-29
[1] 2.421454e-16 9.376561e-20 1.282434e-29
[1] 2.421454e-16 9.376561e-20 1.282434e-29
[1] 2.421454e-16 9.376561e-20 1.282434e-29
[1] 2.421454e-16 9.376561e-20 1.282434e-29
[1] 2.421454e-16 9.376561e-20 1.282434e-29
[1] 2.421454e-16 9.376561e-20 1.282434e-29
[1] 2.421454e-16 9.376561e-20 1.282434e-29
Algorithm did not converge after  500  iterations.
[1] 2.006386e-16 9.879646e-20 1.272537e-31 7.514771e-33
Algorithm converged after  5  iterations.
[1] 2.006386e-16 9.879646e-20 2.523604e-29 3.111721e-45
[1] 1.608323e-16 9.595615e-20 2.587095e-29 1.448669e-54
[1] 1.949507e-16 9.754023e-20 2.541451e-29 1.300354e-32
[1] 1.608758e-16 9.595581e-20 2.588220e-29 1.106216e-52
[1] 1.608920e-16 9.595797e-20 2.589215e-29 1.152512e-44
[1] 1.872182e-16 1.019862e-19 2.523333e-29 2.384415e-45
[1] 1.607652e-16 9.603037e-20 2.590578e-29 1.329249e-32
[1] 1.852092e-16 9.593631e-20 2.563196e-29 2.110810e-53
[1] 1.608109e-16 9.595928e-20 2.592068e-29 5.700358e-55
[1] 1.606325e-16 9.601150e-20 2.592061e-29 1.342691e-32
[1] 1.949337e-16 9.754286e-20 2.546882e-29 1.300771e-32
[1] 1.952983e-16 9.765924e-20 2.546300e-29 1.300751e-32
[1] 1.899732e-16 9.348925e-20 2.579795e-29 1.306212e-32
[1] 1.948645e-16 9.805546e-20 2.545136e-29 1.302615e-32
[1] 1.993861e-16 9.685206e-20 2.549399e-29 8.320461e-36
[1] 1.854175e-16 9.931489e-20 2.546067e-29 2.504921e-52
[1] 1.947187e-16 9.719628e-20 2.553305e-29 1.300274e-32
[1] 1.603722e-16 9.605034e-20 2.597065e-29 1.784906e-55
[1] 1.925484e-16 9.781329e-20 2.552614e-29 1.307290e-32
Algorithm converged after  185  iterations.
[1] 2.006386e-16 9.879646e-20 8.836568e-35 1.106001e-31
[1] 1.938185e-16 1.021335e-19 6.323978e-30 7.575406e-30
[1] 3.975433e-16 9.194035e-20 1.345992e-29 5.158870e-30
Algorithm converged after  21  iterations.
[1] 2.006386e-16 9.879646e-20 1.272537e-31 2.523604e-29
Algorithm converged after  5  iterations.
[1] 2.006386e-16 9.879646e-20 1.272537e-31 8.836568e-35
Algorithm converged after  8  iterations.
[1] 2.006386e-16 9.879646e-20 2.523604e-29 8.836568e-35
Algorithm converged after  8  iterations.
numeric(0)
Algorithm converged after  1  iterations.
[1] 9.318319e-24
Algorithm converged after  2  iterations.
[1] 1.796761e-25
Algorithm converged after  2  iterations.
[1] 2.445872e-23
Algorithm converged after  2  iterations.
[1] 9.318319e-24 2.897316e-26
Algorithm converged after  2  iterations.
[1] 1.796761e-25 4.220783e-29
Algorithm converged after  2  iterations.
[1] 2.445872e-23 3.227783e-32
Algorithm converged after  2  iterations.
[1] 9.318319e-24 1.796761e-25
Algorithm converged after  2  iterations.
[1] 9.318319e-24 2.445872e-23
Algorithm converged after  2  iterations.
[1] 1.796761e-25 2.445872e-23
Algorithm converged after  2  iterations.
[1] 9.318319e-24 2.897316e-26 1.796761e-25
Algorithm converged after  2  iterations.
[1] 9.318319e-24 2.897316e-26 2.445872e-23
Algorithm converged after  2  iterations.
[1] 9.318319e-24 1.796761e-25 4.220783e-29
Algorithm converged after  2  iterations.
[1] 9.318319e-24 2.445872e-23 3.227783e-32
Algorithm converged after  2  iterations.
[1] 1.796761e-25 4.220783e-29 2.445872e-23
Algorithm converged after  2  iterations.
[1] 1.796761e-25 2.445872e-23 3.227783e-32
Algorithm converged after  2  iterations.
[1] 9.318319e-24 1.796761e-25 2.445872e-23
Algorithm converged after  2  iterations.
[1] 9.318319e-24 2.897316e-26 1.796761e-25 4.220783e-29
Algorithm converged after  2  iterations.
[1] 9.318319e-24 2.897316e-26 2.445872e-23 3.227783e-32
Algorithm converged after  2  iterations.
[1] 1.796761e-25 4.220783e-29 2.445872e-23 3.227783e-32
Algorithm converged after  2  iterations.
[1] 9.318319e-24 2.897316e-26 1.796761e-25 2.445872e-23
Algorithm converged after  2  iterations.
[1] 9.318319e-24 1.796761e-25 4.220783e-29 2.445872e-23
Algorithm converged after  2  iterations.
[1] 9.318319e-24 1.796761e-25 2.445872e-23 3.227783e-32
Algorithm converged after  2  iterations.
[1] 4.544578e-17
Algorithm converged after  2  iterations.
[1] 4.544578e-17 2.692687e-26
Algorithm converged after  4  iterations.
[1] 4.544578e-17 2.062556e-25
Algorithm converged after  5  iterations.
[1] 4.544578e-17 2.575994e-20
[1] 2.969756e-16 4.779143e-20
Algorithm converged after  12  iterations.
[1] 4.544578e-17 2.692687e-26 1.630663e-33
[1] 4.847223e-17 2.694484e-26 6.528411e-37
[1] 4.482087e-17 2.692803e-26 6.470900e-37
[1] 5.019204e-17 2.694942e-26 1.645436e-33
[1] 4.476708e-17 2.692797e-26 2.568256e-36
[1] 5.330735e-17 2.696458e-26 6.354635e-32
[1] 5.279203e-17 2.696383e-26 1.774550e-36
[1] 5.329033e-17 2.696482e-26 1.688033e-33
Algorithm converged after  79  iterations.
[1] 4.544578e-17 2.062556e-25 1.401283e-31
Algorithm converged after  5  iterations.
[1] 4.544578e-17 2.575994e-20 2.940271e-32
[1] 3.100634e-16 4.888769e-20 3.558275e-32
Algorithm converged after  13  iterations.
[1] 4.544578e-17 2.692687e-26 2.062556e-25
Algorithm converged after  5  iterations.
[1] 4.544578e-17 2.692687e-26 2.575994e-20
[1] 3.134042e-16 2.762869e-26 4.932174e-20
Algorithm converged after  13  iterations.
[1] 4.544578e-17 2.062556e-25 2.575994e-20
[1] 3.452987e-16 2.151124e-25 5.164850e-20
Algorithm converged after  13  iterations.
[1] 4.544578e-17 2.692687e-26 1.630663e-33 2.062556e-25
[1] 6.768107e-17 2.702471e-26 2.871878e-46 2.073652e-25
[1] 6.738872e-17 2.702350e-26 5.826399e-47 2.073565e-25
[1] 6.480788e-17 2.701156e-26 2.793769e-36 2.072385e-25
[1] 6.467364e-17 2.701109e-26 6.354732e-32 2.072357e-25
[1] 6.815868e-17 2.702546e-26 6.340352e-32 2.073999e-25
[1] 5.860955e-17 2.698842e-26 6.786776e-37 2.069630e-25
[1] 6.743823e-17 2.702419e-26 1.780119e-36 2.073817e-25
Algorithm converged after  73  iterations.
[1] 4.544578e-17 2.692687e-26 1.630663e-33 2.575994e-20
[1] 3.442585e-16 2.768716e-26 2.411041e-34 5.149109e-20
Algorithm converged after  13  iterations.
[1] 4.544578e-17 2.692687e-26 2.062556e-25 1.401283e-31
Algorithm converged after  6  iterations.
[1] 4.544578e-17 2.692687e-26 2.575994e-20 2.940271e-32
[1] 3.271586e-16 2.766110e-26 5.034100e-20 3.536572e-32
Algorithm converged after  13  iterations.
[1] 4.544578e-17 2.062556e-25 1.401283e-31 2.575994e-20
[1] 3.478636e-16 2.151689e-25 1.800566e-31 5.183148e-20
Algorithm converged after  13  iterations.
[1] 4.544578e-17 2.062556e-25 2.575994e-20 2.940271e-32
[1] 3.595738e-16 2.154308e-25 5.264978e-20 3.600664e-32
Algorithm converged after  13  iterations.
[1] 4.544578e-17 2.692687e-26 2.062556e-25 2.575994e-20
[1] 3.633311e-16 2.772490e-26 2.155054e-25 5.293639e-20
Algorithm converged after  13  iterations.
[1] 4.544578e-17 1.498460e-19
Algorithm converged after  2  iterations.
[1] 4.544578e-17 1.498460e-19 6.384796e-32
Algorithm converged after  4  iterations.
[1] 4.544578e-17 1.498460e-19 8.905781e-29
Algorithm converged after  5  iterations.
[1] 4.544578e-17 1.498460e-19 1.745791e-29
Algorithm converged after  7  iterations.
[1] 4.544578e-17 1.498460e-19 6.384796e-32 2.720980e-36
[1] 1.084477e-19 1.190532e-27 9.496111e-24 3.394309e-35
Algorithm converged after  20  iterations.
[1] 4.544578e-17 1.498460e-19 8.905781e-29 3.965095e-32
[1] 1.086586e-19 1.256789e-25 2.158525e-23 1.064436e-33
[1] 1.077065e-19 8.244384e-34 2.047563e-23 1.927070e-66
[1] 1.094284e-19 1.359889e-25 2.177529e-23 5.798031e-37
[1] 1.049836e-19 1.881076e-25 2.153880e-23 1.415460e-31
[1] 1.083886e-19 1.314798e-25 2.170569e-23 2.841366e-33
[1] 1.096096e-19 1.266335e-25 2.172141e-23 1.072559e-31
[1] 1.077362e-19 1.264845e-25 2.151786e-23 2.281390e-33
Algorithm converged after  80  iterations.
[1] 4.544578e-17 1.498460e-19 1.745791e-29 1.519259e-30
Algorithm converged after  5  iterations.
[1] 4.544578e-17 1.498460e-19 6.384796e-32 8.905781e-29
Algorithm converged after  5  iterations.
[1] 4.544578e-17 1.498460e-19 6.384796e-32 1.745791e-29
Algorithm converged after  9  iterations.
[1] 4.544578e-17 1.498460e-19 8.905781e-29 1.745791e-29
Algorithm converged after  5  iterations.
numeric(0)
Algorithm converged after  1  iterations.
[1] 2.131717e-23
Algorithm converged after  2  iterations.
[1] 2.324367e-25
Algorithm converged after  2  iterations.
[1] 1.406328e-23
Algorithm converged after  2  iterations.
[1] 2.131717e-23 4.544602e-26
Algorithm converged after  2  iterations.
[1] 2.324367e-25 8.062556e-32
Algorithm converged after  2  iterations.
[1] 1.406328e-23 1.383837e-49
Algorithm converged after  2  iterations.
[1] 2.131717e-23 2.324367e-25
Algorithm converged after  2  iterations.
[1] 2.131717e-23 1.406328e-23
Algorithm converged after  2  iterations.
[1] 2.324367e-25 1.406328e-23
Algorithm converged after  2  iterations.
[1] 2.131717e-23 4.544602e-26 2.324367e-25
Algorithm converged after  2  iterations.
[1] 2.131717e-23 4.544602e-26 1.406328e-23
Algorithm converged after  2  iterations.
[1] 2.131717e-23 2.324367e-25 8.062556e-32
Algorithm converged after  2  iterations.
[1] 2.131717e-23 1.406328e-23 1.383837e-49
Algorithm converged after  2  iterations.
[1] 2.324367e-25 8.062556e-32 1.406328e-23
Algorithm converged after  2  iterations.
[1] 2.324367e-25 1.406328e-23 1.383837e-49
Algorithm converged after  2  iterations.
[1] 2.131717e-23 2.324367e-25 1.406328e-23
Algorithm converged after  2  iterations.
[1] 2.131717e-23 4.544602e-26 2.324367e-25 8.062556e-32
Algorithm converged after  2  iterations.
[1] 2.131717e-23 4.544602e-26 1.406328e-23 1.383837e-49
Algorithm converged after  2  iterations.
[1] 2.324367e-25 8.062556e-32 1.406328e-23 1.383837e-49
Algorithm converged after  2  iterations.
[1] 2.131717e-23 4.544602e-26 2.324367e-25 1.406328e-23
Algorithm converged after  2  iterations.
[1] 2.131717e-23 2.324367e-25 8.062556e-32 1.406328e-23
Algorithm converged after  2  iterations.
[1] 2.131717e-23 2.324367e-25 1.406328e-23 1.383837e-49
Algorithm converged after  2  iterations.
[1] 7.084407e-17
Algorithm converged after  2  iterations.
[1] 7.084407e-17 4.993638e-26
Algorithm converged after  5  iterations.
[1] 7.084407e-17 2.338990e-25
Algorithm converged after  4  iterations.
[1] 7.084407e-17 2.737694e-20
[1] 6.174291e-16 5.558943e-20
Algorithm converged after  13  iterations.
[1] 7.084407e-17 4.993638e-26 1.148155e-48
[1] 8.165803e-17 5.013639e-26 2.546521e-35
[1] 9.385638e-17 5.033321e-26 5.428152e-35
[1] 8.241640e-17 5.015381e-26 1.617269e-34
[1] 1.237649e-16 5.077758e-26 9.739009e-32
[1] 1.288664e-16 5.084921e-26 9.744552e-32
[1] 1.270322e-16 5.083582e-26 9.741607e-32
[1] 8.842844e-17 5.027212e-26 5.399502e-52
[1] 7.828661e-17 5.011971e-26 1.599843e-34
[1] 8.119760e-17 5.018298e-26 1.371905e-37
[1] 8.092373e-17 5.018170e-26 7.576913e-34
[1] 1.294968e-16 5.090108e-26 9.743756e-32
[1] 1.239815e-16 5.083678e-26 9.739316e-32
[1] 1.296387e-16 5.091591e-26 9.757051e-32
[1] 8.115472e-17 5.021428e-26 1.237697e-35
[1] 1.277140e-16 5.090829e-26 2.550549e-47
[1] 9.860841e-17 5.050595e-26 7.489486e-49
[1] 8.337937e-17 5.029774e-26 1.591818e-34
[1] 1.251013e-16 5.092917e-26 1.680529e-34
[1] 1.264579e-16 5.094819e-26 9.776999e-32
[1] 1.291598e-16 5.099855e-26 5.691910e-35
[1] 8.063822e-17 5.028455e-26 2.406770e-34
[1] 9.972612e-17 5.059295e-26 1.846759e-49
[1] 8.581227e-17 5.037021e-26 9.625802e-32
[1] 8.895706e-17 5.043378e-26 1.635415e-49
[1] 8.189198e-17 5.033229e-26 3.310570e-35
[1] 7.688984e-17 5.024525e-26 1.813816e-34
[1] 9.914110e-17 5.061794e-26 2.983857e-55
Algorithm converged after  277  iterations.
[1] 7.084407e-17 2.338990e-25 1.359274e-37
Algorithm converged after  5  iterations.
[1] 7.084407e-17 2.737694e-20 1.702533e-30
[1] 5.829841e-16 5.417475e-20 1.908386e-29
[1] 5.953353e-16 5.466728e-20 2.164193e-34
[1] 6.217115e-16 5.575981e-20 1.994826e-30
[1] 6.379944e-16 5.642487e-20 1.986212e-30
[1] 6.174687e-16 5.560722e-20 1.679741e-33
[1] 5.896497e-16 5.450269e-20 9.481398e-50
[1] 6.158738e-16 5.557442e-20 1.681134e-33
[1] 6.275027e-16 5.607115e-20 2.672702e-34
[1] 6.270105e-16 5.605967e-20 1.866407e-29
[1] 6.097989e-16 5.534619e-20 3.096042e-33
[1] 6.238344e-16 5.592353e-20 9.712379e-35
[1] 5.894677e-16 5.456678e-20 1.664225e-33
[1] 6.436080e-16 5.676922e-20 2.971420e-30
[1] 6.224867e-16 5.592281e-20 1.994583e-30
[1] 6.122104e-16 5.553332e-20 1.972416e-30
[1] 6.247568e-16 5.605490e-20 1.963409e-30
[1] 5.746644e-16 5.404005e-20 1.971321e-30
[1] 6.266909e-16 5.615423e-20 1.989255e-30
[1] 5.817434e-16 5.435367e-20 9.811717e-35
[1] 6.235726e-16 5.606668e-20 1.989106e-30
[1] 6.013722e-16 5.514943e-20 2.723431e-34
[1] 6.185389e-16 5.586790e-20 1.685800e-33
[1] 5.746340e-16 5.407768e-20 3.095878e-33
[1] 5.873862e-16 5.463530e-20 1.966355e-30
[1] 6.113534e-16 5.561375e-20 2.959708e-30
[1] 6.169758e-16 5.582700e-20 1.699156e-33
[1] 6.208147e-16 5.601057e-20 1.997012e-30
[1] 5.749448e-16 5.415604e-20 4.950584e-39
[1] 6.217647e-16 5.607528e-20 1.682301e-33
[1] 6.039838e-16 5.535122e-20 1.690709e-33
[1] 6.292558e-16 5.641247e-20 1.969774e-30
Algorithm converged after  319  iterations.
[1] 7.084407e-17 4.993638e-26 2.338990e-25
Algorithm converged after  5  iterations.
[1] 7.084407e-17 4.993638e-26 2.737694e-20
[1] 6.913572e-16 5.541608e-26 5.898072e-20
Algorithm converged after  14  iterations.
[1] 7.084407e-17 2.338990e-25 2.737694e-20
[1] 6.354827e-16 2.357870e-25 5.669329e-20
Algorithm converged after  14  iterations.
[1] 7.084407e-17 4.993638e-26 1.148155e-48 2.338990e-25
Algorithm converged after  10  iterations.
[1] 7.084407e-17 4.993638e-26 1.148155e-48 2.737694e-20
[1] 7.276792e-16 5.562598e-26 9.777822e-32 6.042439e-20
[1] 6.673708e-16 5.526618e-26 4.289272e-59 5.803896e-20
[1] 6.828409e-16 5.536660e-26 9.764343e-32 5.867970e-20
[1] 6.819920e-16 5.536232e-26 9.408322e-54 5.865798e-20
[1] 6.518602e-16 5.517500e-26 9.850115e-32 5.746482e-20
[1] 6.677280e-16 5.528064e-26 9.770996e-32 5.812418e-20
[1] 6.584085e-16 5.522020e-26 9.803558e-32 5.775439e-20
[1] 6.533040e-16 5.518950e-26 4.038196e-48 5.757349e-20
[1] 6.506376e-16 5.517279e-26 2.628999e-45 5.748282e-20
[1] 6.948713e-16 5.544036e-26 1.354660e-54 5.926847e-20
[1] 6.934459e-16 5.543699e-26 9.760521e-32 5.924273e-20
[1] 6.618562e-16 5.524811e-26 9.783039e-32 5.799412e-20
[1] 6.867700e-16 5.539737e-26 3.695109e-66 5.900349e-20
[1] 6.922056e-16 5.543117e-26 9.775035e-32 5.926719e-20
[1] 6.652647e-16 5.527250e-26 9.785049e-32 5.821139e-20
[1] 6.513987e-16 5.518674e-26 6.393388e-43 5.766895e-20
[1] 6.765710e-16 5.533821e-26 8.342497e-50 5.868877e-20
[1] 7.018858e-16 5.549475e-26 9.765008e-32 5.972907e-20
[1] 6.420805e-16 5.512538e-26 1.458906e-46 5.733300e-20
[1] 6.911298e-16 5.542974e-26 3.476784e-49 5.933935e-20
[1] 6.552180e-16 5.521437e-26 9.820540e-32 5.793174e-20
[1] 6.564937e-16 5.522611e-26 6.314780e-43 5.800544e-20
[1] 7.168159e-16 5.558691e-26 9.777578e-32 6.045659e-20
[1] 6.789562e-16 5.536364e-26 9.772545e-32 5.895249e-20
[1] 7.181714e-16 5.559668e-26 9.770138e-32 6.053498e-20
[1] 6.676802e-16 5.528700e-26 9.827845e-32 5.851302e-20
[1] 6.806265e-16 5.537183e-26 9.845588e-32 5.922947e-20
[1] 6.585575e-16 5.525428e-26 2.220044e-53 5.838337e-20
[1] 6.531148e-16 5.521728e-26 9.852871e-32 5.818503e-20
[1] 6.950465e-16 5.547887e-26 2.885877e-49 5.993486e-20
[1] 6.582085e-16 5.525465e-26 2.616894e-45 5.844843e-20
[1] 6.877610e-16 5.543369e-26 9.770696e-32 5.966246e-20
[1] 6.618910e-16 5.527437e-26 3.901192e-47 5.861401e-20
[1] 7.013840e-16 5.550559e-26 9.818662e-32 6.021045e-20
[1] 6.981433e-16 5.549589e-26 9.783724e-32 6.013243e-20
[1] 6.785767e-16 5.537648e-26 2.049798e-57 5.938254e-20
[1] 6.962950e-16 5.548999e-26 9.773401e-32 6.013315e-20
[1] 6.955230e-16 5.548642e-26 1.986761e-57 6.011425e-20
[1] 6.622668e-16 5.528774e-26 1.087686e-49 5.878510e-20
[1] 6.417213e-16 5.515826e-26 9.878321e-32 5.797348e-20
[1] 6.856681e-16 5.542948e-26 9.787516e-32 5.978137e-20
[1] 6.515720e-16 5.521729e-26 3.641169e-58 5.840954e-20
[1] 6.543656e-16 5.524346e-26 9.432826e-58 5.856199e-20
[1] 6.949363e-16 5.548845e-26 9.787573e-32 6.023068e-20
[1] 6.950685e-16 5.549172e-26 9.774441e-32 6.025557e-20
[1] 6.792139e-16 5.539105e-26 8.502342e-50 5.961379e-20
[1] 6.574690e-16 5.526670e-26 9.802411e-32 5.875392e-20
[1] 7.057796e-16 5.555558e-26 9.781236e-32 6.073249e-20
[1] 6.896055e-16 5.546225e-26 8.535577e-50 6.009708e-20
Algorithm did not converge after  500  iterations.
[1] 7.084407e-17 4.993638e-26 2.338990e-25 1.359274e-37
Algorithm converged after  5  iterations.
[1] 7.084407e-17 4.993638e-26 2.737694e-20 1.702533e-30
[1] 6.893110e-16 5.543541e-26 5.890752e-20 2.068477e-30
Algorithm converged after  17  iterations.
[1] 7.084407e-17 2.338990e-25 1.359274e-37 2.737694e-20
[1] 6.370861e-16 2.357947e-25 1.419040e-36 5.676690e-20
[1] 6.402072e-16 2.358013e-25 1.071694e-37 5.689458e-20
[1] 6.393103e-16 2.357999e-25 1.212785e-37 5.686014e-20
[1] 6.220736e-16 2.357593e-25 2.393010e-36 5.615555e-20
[1] 6.156586e-16 2.357442e-25 1.070398e-37 5.589488e-20
[1] 6.582230e-16 2.358435e-25 1.209229e-37 5.763316e-20
[1] 6.231217e-16 2.357621e-25 2.394964e-31 5.620471e-20
[1] 6.237764e-16 2.357629e-25 1.070690e-37 5.623180e-20
[1] 6.253101e-16 2.357672e-25 7.469707e-38 5.629811e-20
[1] 6.265302e-16 2.357700e-25 1.300526e-67 5.634919e-20
[1] 6.605012e-16 2.358486e-25 1.208602e-37 5.773377e-20
[1] 6.364812e-16 2.357905e-25 5.234537e-35 5.675540e-20
[1] 6.516704e-16 2.358280e-25 4.245618e-61 5.737999e-20
[1] 6.194361e-16 2.357535e-25 1.216301e-37 5.606867e-20
Algorithm converged after  144  iterations.
[1] 7.084407e-17 2.338990e-25 2.737694e-20 1.702533e-30
[1] 6.674167e-16 2.358718e-25 5.798602e-20 2.940032e-30
Algorithm converged after  15  iterations.
[1] 7.084407e-17 4.993638e-26 2.338990e-25 2.737694e-20
[1] 7.102619e-16 5.555154e-26 2.359783e-25 5.981960e-20
Algorithm converged after  14  iterations.
[1] 7.084407e-17 1.339685e-19
Algorithm converged after  2  iterations.
[1] 7.084407e-17 1.339685e-19 9.953173e-32
Algorithm converged after  5  iterations.
[1] 7.084407e-17 1.339685e-19 1.984752e-31
Algorithm converged after  5  iterations.
[1] 7.084407e-17 1.339685e-19 1.858270e-29
Algorithm converged after  9  iterations.
[1] 7.084407e-17 1.339685e-19 9.953173e-32 9.315517e-33
[1] 9.552907e-20 7.875922e-27 1.367240e-23 6.496793e-32
[1] 9.568950e-20 5.180295e-27 1.433234e-23 8.613206e-32
Algorithm converged after  26  iterations.
[1] 7.084407e-17 1.339685e-19 1.984752e-31 1.744990e-32
[1] 1.015962e-19 3.762798e-28 1.623282e-23 4.511068e-55
[1] 1.015976e-19 3.762919e-28 1.623356e-23 6.970370e-38
[1] 1.015966e-19 3.763053e-28 1.623409e-23 9.658408e-39
[1] 1.016063e-19 3.757866e-28 1.623555e-23 4.119777e-38
[1] 1.012818e-19 4.092534e-28 1.615938e-23 6.921983e-38
[1] 1.012628e-19 4.089612e-28 1.615879e-23 6.925253e-38
[1] 1.010072e-19 3.886143e-28 1.617502e-23 6.947362e-38
[1] 1.012786e-19 4.091505e-28 1.616174e-23 6.921703e-38
[1] 1.012806e-19 4.092908e-28 1.616320e-23 6.921829e-38
[1] 1.021843e-19 3.873451e-28 1.624682e-23 6.933118e-38
[1] 1.012633e-19 4.089397e-28 1.616406e-23 6.923701e-38
[1] 1.021811e-19 3.873594e-28 1.625012e-23 6.934298e-38
[1] 1.010198e-19 3.887586e-28 1.618478e-23 6.945697e-38
[1] 9.737719e-20 4.295117e-28 1.585856e-23 6.900209e-38
[1] 1.002086e-19 3.528620e-28 1.616457e-23 1.038804e-50
[1] 1.016046e-19 3.769773e-28 1.625302e-23 2.615248e-34
[1] 1.016277e-19 3.759444e-28 1.625555e-23 2.627003e-34
[1] 1.015973e-19 3.766305e-28 1.625360e-23 6.307208e-35
[1] 1.015971e-19 3.766061e-28 1.625312e-23 6.388151e-35
[1] 1.016376e-19 3.766196e-28 1.625693e-23 6.012659e-52
[1] 9.532822e-20 3.999853e-28 1.577346e-23 6.921976e-38
[1] 1.010103e-19 3.891543e-28 1.619175e-23 6.946035e-38
[1] 9.942755e-20 3.980252e-28 1.606605e-23 6.930560e-38
[1] 1.021890e-19 3.878606e-28 1.626010e-23 6.306087e-35
[1] 9.875286e-20 4.458830e-28 1.591857e-23 6.858636e-38
Algorithm converged after  256  iterations.
[1] 7.084407e-17 1.339685e-19 1.858270e-29 2.432709e-30
[1] 9.395411e-20 1.796800e-33 9.167350e-18 2.148305e-30
[1] 9.338074e-20 8.208455e-28 1.986692e-17 6.672916e-46
Algorithm converged after  27  iterations.
[1] 7.084407e-17 1.339685e-19 9.953173e-32 1.984752e-31
Algorithm converged after  5  iterations.
[1] 7.084407e-17 1.339685e-19 9.953173e-32 1.858270e-29
Algorithm converged after  10  iterations.
[1] 7.084407e-17 1.339685e-19 1.984752e-31 1.858270e-29
Algorithm converged after  5  iterations.
numeric(0)
Algorithm converged after  1  iterations.
[1] 8.028346e-24
Algorithm converged after  2  iterations.
[1] 1.202119e-25
Algorithm converged after  2  iterations.
[1] 7.384075e-24
Algorithm converged after  2  iterations.
[1] 8.028346e-24 1.685960e-25
Algorithm converged after  2  iterations.
[1] 1.202119e-25 2.219662e-33
Algorithm converged after  2  iterations.
[1] 7.384075e-24 1.316710e-49
Algorithm converged after  2  iterations.
[1] 8.028346e-24 1.202119e-25
Algorithm converged after  2  iterations.
[1] 8.028346e-24 7.384075e-24
Algorithm converged after  2  iterations.
[1] 1.202119e-25 7.384075e-24
Algorithm converged after  2  iterations.
[1] 8.028346e-24 1.685960e-25 1.202119e-25
Algorithm converged after  2  iterations.
[1] 8.028346e-24 1.685960e-25 7.384075e-24
Algorithm converged after  2  iterations.
[1] 8.028346e-24 1.202119e-25 2.219662e-33
Algorithm converged after  2  iterations.
[1] 8.028346e-24 7.384075e-24 1.316710e-49
Algorithm converged after  2  iterations.
[1] 1.202119e-25 2.219662e-33 7.384075e-24
Algorithm converged after  2  iterations.
[1] 1.202119e-25 7.384075e-24 1.316710e-49
Algorithm converged after  2  iterations.
[1] 8.028346e-24 1.202119e-25 7.384075e-24
Algorithm converged after  2  iterations.
[1] 8.028346e-24 1.685960e-25 1.202119e-25 2.219662e-33
Algorithm converged after  2  iterations.
[1] 8.028346e-24 1.685960e-25 7.384075e-24 1.316710e-49
Algorithm converged after  2  iterations.
[1] 1.202119e-25 2.219662e-33 7.384075e-24 1.316710e-49
Algorithm converged after  2  iterations.
[1] 8.028346e-24 1.685960e-25 1.202119e-25 7.384075e-24
Algorithm converged after  2  iterations.
[1] 8.028346e-24 1.202119e-25 2.219662e-33 7.384075e-24
Algorithm converged after  2  iterations.
[1] 8.028346e-24 1.202119e-25 7.384075e-24 1.316710e-49
Algorithm converged after  2  iterations.
[1] 6.166862e-17
Algorithm converged after  2  iterations.
[1] 6.166862e-17 1.438082e-25
Algorithm converged after  5  iterations.
[1] 6.166862e-17 1.278803e-25
Algorithm converged after  5  iterations.
[1] 6.166862e-17 1.157113e-20
[1] 4.387975e-16 2.276096e-20
Algorithm converged after  12  iterations.
[1] 6.166862e-17 1.438082e-25 3.360507e-34
Algorithm converged after  8  iterations.
[1] 6.166862e-17 1.278803e-25 3.414782e-33
Algorithm converged after  6  iterations.
[1] 6.166862e-17 1.157113e-20 1.957391e-30
[1] 3.572895e-16 2.076425e-20 1.944641e-30
[1] 4.047561e-16 2.194854e-20 1.251867e-48
[1] 4.120802e-16 2.213350e-20 3.475676e-34
[1] 3.912710e-16 2.164204e-20 2.554422e-59
[1] 4.040297e-16 2.195891e-20 1.367356e-57
[1] 4.481743e-16 2.302188e-20 1.923117e-30
[1] 4.013387e-16 2.190995e-20 1.937556e-30
Algorithm converged after  71  iterations.
[1] 6.166862e-17 1.438082e-25 1.278803e-25
Algorithm converged after  6  iterations.
[1] 6.166862e-17 1.438082e-25 1.157113e-20
[1] 5.213222e-16 1.604105e-25 2.496600e-20
Algorithm converged after  14  iterations.
[1] 6.166862e-17 1.278803e-25 1.157113e-20
[1] 4.947262e-16 1.310579e-25 2.431742e-20
Algorithm converged after  13  iterations.
[1] 6.166862e-17 1.438082e-25 3.360507e-34 1.278803e-25
Algorithm converged after  8  iterations.
[1] 6.166862e-17 1.438082e-25 3.360507e-34 1.157113e-20
[1] 7.634390e-16 1.662303e-25 5.264580e-34 3.041306e-20
Algorithm converged after  13  iterations.
[1] 6.166862e-17 1.438082e-25 1.278803e-25 3.414782e-33
Algorithm converged after  7  iterations.
[1] 6.166862e-17 1.438082e-25 1.157113e-20 1.957391e-30
[1] 4.689873e-16 1.591389e-25 2.370772e-20 2.081021e-30
Algorithm converged after  16  iterations.
[1] 6.166862e-17 1.278803e-25 3.414782e-33 1.157113e-20
[1] 6.461713e-16 1.318231e-25 5.634619e-33 2.783222e-20
Algorithm converged after  16  iterations.
[1] 6.166862e-17 1.278803e-25 1.157113e-20 1.957391e-30
[1] 4.566375e-16 1.308699e-25 2.338677e-20 5.981709e-34
[1] 5.028881e-16 1.311065e-25 2.448502e-20 8.677970e-35
[1] 4.563128e-16 1.308694e-25 2.338973e-20 2.794412e-34
[1] 5.012914e-16 1.310996e-25 2.446042e-20 4.609910e-57
[1] 4.470182e-16 1.308215e-25 2.317652e-20 1.416249e-41
[1] 4.878963e-16 1.310332e-25 2.415549e-20 6.046619e-34
[1] 4.597541e-16 1.308881e-25 2.348792e-20 3.660957e-49
[1] 4.415747e-16 1.307922e-25 2.305151e-20 2.172502e-30
[1] 4.768166e-16 1.309757e-25 2.389655e-20 6.091756e-34
[1] 4.621762e-16 1.309011e-25 2.355313e-20 6.085712e-34
[1] 4.908792e-16 1.310487e-25 2.424006e-20 1.401414e-39
[1] 4.830356e-16 1.310089e-25 2.405644e-20 8.156156e-35
[1] 4.898707e-16 1.310451e-25 2.422566e-20 1.496027e-52
[1] 4.463540e-16 1.308207e-25 2.319278e-20 3.787324e-41
[1] 4.903867e-16 1.310472e-25 2.424224e-20 8.132161e-35
[1] 4.684589e-16 1.309348e-25 2.372127e-20 6.102853e-34
[1] 4.499258e-16 1.308396e-25 2.328609e-20 1.416592e-41
[1] 4.538218e-16 1.308600e-25 2.338406e-20 2.772905e-34
[1] 4.990805e-16 1.310916e-25 2.445997e-20 2.168859e-30
[1] 4.554617e-16 1.308696e-25 2.343310e-20 7.569123e-61
[1] 4.942657e-16 1.310700e-25 2.436768e-20 2.163430e-30
[1] 4.578518e-16 1.308836e-25 2.350636e-20 8.292065e-35
[1] 4.786929e-16 1.309925e-25 2.400969e-20 9.814582e-49
[1] 4.569428e-16 1.308797e-25 2.349155e-20 5.924330e-34
[1] 4.582551e-16 1.308864e-25 2.352539e-20 2.791168e-34
[1] 4.520234e-16 1.308547e-25 2.338154e-20 2.166155e-30
[1] 4.593735e-16 1.308926e-25 2.356080e-20 8.994360e-35
[1] 4.570515e-16 1.308812e-25 2.351127e-20 5.906311e-34
[1] 4.438672e-16 1.308125e-25 2.319885e-20 5.888273e-34
[1] 4.463096e-16 1.308255e-25 2.326192e-20 2.173751e-30
[1] 5.146034e-16 1.311740e-25 2.488892e-20 2.157471e-30
[1] 4.448964e-16 1.308183e-25 2.323607e-20 5.866913e-34
[1] 4.470466e-16 1.308299e-25 2.329167e-20 2.707085e-34
[1] 4.426641e-16 1.308073e-25 2.318989e-20 2.692078e-34
[1] 4.566724e-16 1.308808e-25 2.353245e-20 2.171416e-30
[1] 4.591289e-16 1.308935e-25 2.359342e-20 7.234739e-41
[1] 4.502368e-16 1.308474e-25 2.338378e-20 3.810692e-41
[1] 4.765367e-16 1.309849e-25 2.402382e-20 2.153581e-30
[1] 4.627067e-16 1.309124e-25 2.369065e-20 8.254101e-35
[1] 4.531573e-16 1.308650e-25 2.347375e-20 2.157318e-30
[1] 4.562818e-16 1.308812e-25 2.355136e-20 1.420084e-41
[1] 4.543342e-16 1.308713e-25 2.350963e-20 2.166753e-30
[1] 4.489861e-16 1.308423e-25 2.337890e-20 2.824255e-34
[1] 4.558084e-16 1.308787e-25 2.354968e-20 5.980012e-34
[1] 4.891000e-16 1.310517e-25 2.435732e-20 8.317495e-35
[1] 4.570090e-16 1.308862e-25 2.359180e-20 1.376495e-39
[1] 4.432409e-16 1.308130e-25 2.325725e-20 2.162980e-30
[1] 4.463433e-16 1.308310e-25 2.334271e-20 2.689601e-34
[1] 4.996529e-16 1.311042e-25 2.461936e-20 3.087367e-34
Algorithm did not converge after  500  iterations.
[1] 6.166862e-17 1.438082e-25 1.278803e-25 1.157113e-20
[1] 5.830269e-16 1.619971e-25 1.315319e-25 2.645635e-20
Algorithm converged after  14  iterations.
[1] 6.166862e-17 9.184706e-20
Algorithm converged after  2  iterations.
[1] 6.166862e-17 9.184706e-20 3.394428e-32
Algorithm converged after  6  iterations.
[1] 6.166862e-17 9.184706e-20 9.488942e-29
Algorithm converged after  8  iterations.
[1] 6.166862e-17 9.184706e-20 1.846651e-30
Algorithm converged after  5  iterations.
[1] 6.166862e-17 9.184706e-20 3.394428e-32 6.531111e-33
Algorithm converged after  9  iterations.
[1] 6.166862e-17 9.184706e-20 9.488942e-29 3.081147e-32
Algorithm converged after  8  iterations.
[1] 6.166862e-17 9.184706e-20 1.846651e-30 2.613460e-32
[1] 6.401219e-20 4.900993e-28 1.028608e-17 5.276858e-32
[1] 7.035056e-20 6.036912e-28 1.368264e-17 9.105759e-30
[1] 6.745434e-20 4.839563e-28 1.875109e-17 4.550805e-32
[1] 7.307804e-20 5.270431e-28 1.968380e-17 4.219524e-32
[1] 7.033720e-20 5.313300e-28 1.942977e-17 4.229954e-32
[1] 7.063160e-20 5.473914e-28 1.963401e-17 4.280517e-32
[1] 7.288538e-20 5.250738e-28 1.964020e-17 1.304615e-31
[1] 6.863445e-20 4.890181e-28 1.876018e-17 4.809613e-32
[1] 6.674437e-20 4.245055e-28 1.718600e-17 4.009010e-32
[1] 6.952236e-20 4.690086e-28 1.836081e-17 1.374321e-31
[1] 6.809003e-20 4.834484e-28 1.815430e-17 6.317767e-31
[1] 6.737329e-20 4.583594e-28 1.809614e-17 2.501505e-47
