myseed=1394 

Attaching package: ‘pls’

The following object is masked from ‘package:stats’:

    loadings

Loading required package: lattice
Loading required package: ggplot2
Registered S3 methods overwritten by 'ggplot2':
  method         from 
  [.quosures     rlang
  c.quosures     rlang
  print.quosures rlang

Attaching package: ‘caret’

The following object is masked from ‘package:pls’:

    R2

Loading required package: Matrix
Loading required package: foreach
Loaded glmnet 2.0-18

Parsed with column specification:
cols(
  .default = col_double()
)
See spec(...) for full column specifications.
Parsed with column specification:
cols(
  X1 = col_double()
)
Parsed with column specification:
cols(
  X1 = col_double()
)
numeric(0)
Algorithm converged after  1  iterations.
[1] 2.04876e-24
Algorithm converged after  2  iterations.
[1] 6.872117e-26
Algorithm converged after  2  iterations.
[1] 1.168328e-18
Algorithm converged after  2  iterations.
[1] 2.048760e-24 3.330644e-27
Algorithm converged after  2  iterations.
[1] 6.872117e-26 2.219187e-37
Algorithm converged after  2  iterations.
[1] 1.168328e-18 4.116300e-23
Algorithm converged after  2  iterations.
[1] 2.048760e-24 6.872117e-26
Algorithm converged after  2  iterations.
[1] 2.048760e-24 1.168328e-18
Algorithm converged after  2  iterations.
[1] 6.872117e-26 1.168328e-18
Algorithm converged after  2  iterations.
[1] 2.048760e-24 3.330644e-27 6.872117e-26
Algorithm converged after  2  iterations.
[1] 2.048760e-24 3.330644e-27 1.168328e-18
Algorithm converged after  2  iterations.
[1] 2.048760e-24 6.872117e-26 2.219187e-37
Algorithm converged after  2  iterations.
[1] 2.048760e-24 1.168328e-18 4.116300e-23
Algorithm converged after  2  iterations.
[1] 6.872117e-26 2.219187e-37 1.168328e-18
Algorithm converged after  2  iterations.
[1] 6.872117e-26 1.168328e-18 4.116300e-23
Algorithm converged after  2  iterations.
[1] 2.048760e-24 6.872117e-26 1.168328e-18
Algorithm converged after  2  iterations.
[1] 2.048760e-24 3.330644e-27 6.872117e-26 2.219187e-37
Algorithm converged after  2  iterations.
[1] 2.048760e-24 3.330644e-27 1.168328e-18 4.116300e-23
Algorithm converged after  2  iterations.
[1] 6.872117e-26 2.219187e-37 1.168328e-18 4.116300e-23
Algorithm converged after  2  iterations.
[1] 2.048760e-24 3.330644e-27 6.872117e-26 1.168328e-18
Algorithm converged after  2  iterations.
[1] 2.048760e-24 6.872117e-26 2.219187e-37 1.168328e-18
Algorithm converged after  2  iterations.
[1] 2.048760e-24 6.872117e-26 1.168328e-18 4.116300e-23
Algorithm converged after  2  iterations.
[1] 1.262905e-16
Algorithm converged after  2  iterations.
[1] 1.262905e-16 6.351881e-25
Algorithm converged after  6  iterations.
[1] 1.262905e-16 1.350116e-24
Algorithm converged after  5  iterations.
[1] 1.262905e-16 1.828770e-22
Algorithm converged after  9  iterations.
[1] 1.262905e-16 6.351881e-25 5.891462e-34
Algorithm converged after  6  iterations.
[1] 1.262905e-16 1.350116e-24 1.615097e-35
Algorithm converged after  6  iterations.
[1] 1.262905e-16 1.828770e-22 1.499346e-30
Algorithm converged after  10  iterations.
[1] 1.262905e-16 6.351881e-25 1.350116e-24
Algorithm converged after  6  iterations.
[1] 1.262905e-16 6.351881e-25 1.828770e-22
Algorithm converged after  8  iterations.
[1] 1.262905e-16 1.350116e-24 1.828770e-22
Algorithm converged after  8  iterations.
[1] 1.262905e-16 6.351881e-25 5.891462e-34 1.350116e-24
[1] 2.378709e-16 6.884864e-25 1.981571e-31 1.427987e-24
[1] 2.736907e-16 7.033196e-25 5.515444e-35 1.449390e-24
[1] 2.009132e-16 6.728648e-25 5.538677e-34 1.404998e-24
[1] 2.378549e-16 6.890528e-25 1.981994e-31 1.428523e-24
[1] 2.736489e-16 7.038919e-25 5.512172e-35 1.449926e-24
[1] 2.008977e-16 6.734139e-25 5.527465e-34 1.405518e-24
[1] 2.378391e-16 6.896193e-25 1.982417e-31 1.429059e-24
[1] 2.377361e-16 6.897388e-25 1.982553e-31 1.429151e-24
[1] 2.377974e-16 6.899569e-25 1.982726e-31 1.429370e-24
[1] 2.377967e-16 6.901390e-25 5.349553e-34 1.429541e-24
[1] 1.993720e-16 6.735980e-25 5.513768e-34 1.405347e-24
[1] 2.389414e-16 6.909215e-25 1.982670e-31 1.430521e-24
[1] 2.389366e-16 6.910784e-25 1.982788e-31 1.430669e-24
[1] 2.389317e-16 6.912353e-25 1.982906e-31 1.430817e-24
[1] 2.378032e-16 6.909491e-25 5.324573e-34 1.430311e-24
[1] 2.735357e-16 7.057228e-25 5.500583e-35 1.451639e-24
[1] 2.735019e-16 7.058961e-25 5.500696e-35 1.451798e-24
[1] 2.377415e-16 6.913670e-25 6.969875e-35 1.430697e-24
[1] 2.425006e-16 6.934040e-25 1.982927e-31 1.433623e-24
[1] 2.424890e-16 6.935236e-25 1.983051e-31 1.433734e-24
[1] 2.423454e-16 6.935736e-25 1.983976e-31 1.433752e-24
[1] 2.377232e-16 6.918061e-25 1.172719e-35 1.431113e-24
[1] 2.162981e-16 6.827822e-25 5.347631e-34 1.417901e-24
[1] 2.376899e-16 6.920282e-25 1.167229e-35 1.431317e-24
Algorithm converged after  247  iterations.
[1] 1.262905e-16 6.351881e-25 5.891462e-34 1.828770e-22
[1] 7.681478e-16 8.589942e-25 5.646124e-35 2.515999e-22
[1] 7.681505e-16 8.590112e-25 5.645998e-35 2.516121e-22
[1] 7.681541e-16 8.590286e-25 5.645944e-35 2.516244e-22
[1] 7.681577e-16 8.590459e-25 5.645891e-35 2.516366e-22
[1] 7.681612e-16 8.590633e-25 5.645837e-35 2.516489e-22
[1] 7.681648e-16 8.590807e-25 5.645784e-35 2.516612e-22
[1] 7.681683e-16 8.590981e-25 5.645730e-35 2.516734e-22
[1] 7.681719e-16 8.591154e-25 5.645676e-35 2.516857e-22
[1] 7.681755e-16 8.591328e-25 5.645623e-35 2.516980e-22
[1] 7.681790e-16 8.591502e-25 5.645569e-35 2.517103e-22
[1] 7.681826e-16 8.591675e-25 5.645516e-35 2.517225e-22
[1] 7.681861e-16 8.591849e-25 5.645462e-35 2.517348e-22
[1] 7.681897e-16 8.592023e-25 5.645409e-35 2.517471e-22
[1] 7.681933e-16 8.592197e-25 5.645355e-35 2.517594e-22
[1] 7.681968e-16 8.592370e-25 5.645302e-35 2.517716e-22
[1] 7.682004e-16 8.592544e-25 5.645248e-35 2.517839e-22
[1] 7.682039e-16 8.592718e-25 5.645195e-35 2.517962e-22
[1] 7.682075e-16 8.592891e-25 5.645141e-35 2.518085e-22
[1] 7.682110e-16 8.593065e-25 5.645088e-35 2.518207e-22
[1] 7.682146e-16 8.593239e-25 5.645034e-35 2.518330e-22
[1] 7.682182e-16 8.593412e-25 5.644981e-35 2.518453e-22
[1] 7.682217e-16 8.593586e-25 5.644927e-35 2.518576e-22
[1] 7.682253e-16 8.593760e-25 5.644873e-35 2.518699e-22
[1] 7.682288e-16 8.593933e-25 5.644820e-35 2.518821e-22
[1] 7.682324e-16 8.594107e-25 5.644766e-35 2.518944e-22
[1] 7.682359e-16 8.594281e-25 5.644713e-35 2.519067e-22
[1] 7.682395e-16 8.594454e-25 5.644659e-35 2.519190e-22
[1] 7.682430e-16 8.594628e-25 5.644606e-35 2.519312e-22
[1] 7.682466e-16 8.594801e-25 5.644552e-35 2.519435e-22
[1] 7.682501e-16 8.594975e-25 5.644499e-35 2.519558e-22
[1] 7.682537e-16 8.595149e-25 5.644445e-35 2.519681e-22
[1] 7.682573e-16 8.595322e-25 5.644392e-35 2.519804e-22
[1] 7.682608e-16 8.595496e-25 5.644338e-35 2.519926e-22
[1] 7.682644e-16 8.595670e-25 5.644285e-35 2.520049e-22
[1] 7.682679e-16 8.595843e-25 5.644231e-35 2.520172e-22
[1] 7.682715e-16 8.596017e-25 5.644178e-35 2.520295e-22
[1] 7.682750e-16 8.596190e-25 5.644124e-35 2.520418e-22
[1] 7.682786e-16 8.596364e-25 5.644071e-35 2.520540e-22
[1] 7.682821e-16 8.596538e-25 5.644017e-35 2.520663e-22
[1] 7.682857e-16 8.596711e-25 5.643964e-35 2.520786e-22
[1] 7.682892e-16 8.596885e-25 5.643910e-35 2.520909e-22
[1] 7.682928e-16 8.597058e-25 5.643857e-35 2.521032e-22
[1] 7.682963e-16 8.597232e-25 5.643803e-35 2.521154e-22
[1] 7.682999e-16 8.597405e-25 5.643750e-35 2.521277e-22
[1] 7.683034e-16 8.597579e-25 5.643696e-35 2.521400e-22
[1] 7.683070e-16 8.597753e-25 5.643643e-35 2.521523e-22
[1] 7.683105e-16 8.597926e-25 5.643589e-35 2.521646e-22
[1] 7.683140e-16 8.598100e-25 5.643536e-35 2.521769e-22
[1] 7.683176e-16 8.598273e-25 5.643482e-35 2.521891e-22
Algorithm did not converge after  500  iterations.
[1] 1.262905e-16 6.351881e-25 1.350116e-24 1.615097e-35
[1] 2.468178e-16 6.921111e-25 1.433377e-24 1.982799e-34
[1] 2.562415e-16 6.959808e-25 1.438985e-24 1.342739e-37
[1] 2.209674e-16 6.812525e-25 1.417553e-24 1.493762e-37
[1] 2.264596e-16 6.836177e-25 1.420996e-24 1.496792e-37
[1] 2.334066e-16 6.865738e-25 1.425296e-24 1.694418e-71
[1] 2.332803e-16 6.865609e-25 1.425272e-24 1.326433e-37
[1] 2.420898e-16 6.901891e-25 1.430452e-24 1.528510e-37
[1] 2.485740e-16 6.929592e-25 1.434461e-24 2.201508e-35
[1] 2.572270e-16 6.966124e-25 1.439777e-24 1.345924e-37
[1] 2.570355e-16 6.965518e-25 1.439694e-24 1.342281e-37
[1] 2.289139e-16 6.848866e-25 1.422733e-24 1.333059e-37
[1] 2.336504e-16 6.868956e-25 1.425640e-24 1.862025e-34
[1] 2.452409e-16 6.916781e-25 1.432534e-24 1.362621e-37
[1] 2.289586e-16 6.849622e-25 1.422814e-24 1.054898e-49
[1] 2.287817e-16 6.849422e-25 1.422770e-24 3.551178e-35
[1] 2.161444e-16 6.795972e-25 1.414872e-24 1.330502e-37
[1] 2.335045e-16 6.871111e-25 1.425813e-24 1.504585e-37
[1] 2.474039e-16 6.929212e-25 1.434252e-24 1.340124e-37
[1] 2.263078e-16 6.841017e-25 1.421416e-24 1.483247e-35
[1] 2.289591e-16 6.852664e-25 1.423090e-24 1.503873e-37
[1] 2.289095e-16 6.852489e-25 1.423065e-24 1.055418e-49
[1] 2.288317e-16 6.852392e-25 1.423044e-24 1.510105e-33
Algorithm converged after  226  iterations.
[1] 1.262905e-16 6.351881e-25 1.828770e-22 1.499346e-30
[1] 7.211857e-16 8.463207e-25 2.478000e-22 1.088793e-29
[1] 6.871154e-16 8.369359e-25 2.449871e-22 4.929256e-48
[1] 7.424483e-16 8.520792e-25 2.496242e-22 1.651571e-30
[1] 7.380495e-16 8.508846e-25 2.492746e-22 1.600901e-59
[1] 7.442250e-16 8.525773e-25 2.498243e-22 1.649399e-30
[1] 7.178414e-16 8.454709e-25 2.476926e-22 1.351872e-28
[1] 7.305891e-16 8.492940e-25 2.492281e-22 2.552068e-34
[1] 8.844853e-16 8.891039e-25 2.615082e-22 1.652134e-30
[1] 7.825400e-16 8.634621e-25 2.536774e-22 1.062301e-29
[1] 7.600134e-16 8.573410e-25 2.518281e-22 5.278154e-32
[1] 7.887564e-16 8.652148e-25 2.542456e-22 1.417502e-28
[1] 8.102247e-16 8.705308e-25 2.558950e-22 1.656149e-30
[1] 7.503897e-16 8.549669e-25 2.511418e-22 1.651912e-30
[1] 7.125789e-16 8.446207e-25 2.480057e-22 1.336792e-28
[1] 7.429516e-16 8.529276e-25 2.505637e-22 1.651039e-30
[1] 7.267141e-16 8.484890e-25 2.492317e-22 2.524913e-34
[1] 7.457625e-16 8.538486e-25 2.508791e-22 1.651801e-30
[1] 7.799766e-16 8.629177e-25 2.536825e-22 1.058186e-29
[1] 7.376428e-16 8.517389e-25 2.502590e-22 1.653852e-30
[1] 7.862692e-16 8.645325e-25 2.542033e-22 1.051784e-29
[1] 7.329141e-16 8.503527e-25 2.498818e-22 2.562270e-34
[1] 7.170691e-16 8.462688e-25 2.486374e-22 2.758476e-50
[1] 7.464200e-16 8.541757e-25 2.510830e-22 2.182209e-33
[1] 7.441537e-16 8.536377e-25 2.509341e-22 1.658625e-30
[1] 8.034732e-16 8.691519e-25 2.557074e-22 1.657812e-30
[1] 7.329260e-16 8.504541e-25 2.499871e-22 5.371378e-50
[1] 7.801007e-16 8.628971e-25 2.538201e-22 2.189466e-33
[1] 6.952316e-16 8.402915e-25 2.469118e-22 1.535663e-62
[1] 7.225095e-16 8.478490e-25 2.492503e-22 1.654249e-30
[1] 7.153785e-16 8.459615e-25 2.486959e-22 1.354639e-28
[1] 7.448148e-16 8.537753e-25 2.511227e-22 1.380792e-56
[1] 7.460600e-16 8.542525e-25 2.512739e-22 1.652400e-30
[1] 7.325357e-16 8.505386e-25 2.501635e-22 5.426728e-50
[1] 7.230111e-16 8.481614e-25 2.494328e-22 2.201939e-33
[1] 7.150762e-16 8.457341e-25 2.487143e-22 2.358403e-34
[1] 6.889200e-16 8.387074e-25 2.465556e-22 2.061443e-34
[1] 7.398229e-16 8.527008e-25 2.508541e-22 1.654687e-30
[1] 7.187208e-16 8.470249e-25 2.491557e-22 1.653521e-30
[1] 7.117786e-16 8.450132e-25 2.485501e-22 3.431352e-37
[1] 6.968599e-16 8.409684e-25 2.473109e-22 5.127512e-32
[1] 7.738091e-16 8.618194e-25 2.537330e-22 6.959145e-41
[1] 7.337878e-16 8.510217e-25 2.504447e-22 1.650171e-30
[1] 7.822557e-16 8.641080e-25 2.544759e-22 1.401644e-28
[1] 6.906457e-16 8.393222e-25 2.468752e-22 2.062491e-34
[1] 7.869803e-16 8.652213e-25 2.548506e-22 1.049386e-29
[1] 7.108538e-16 8.448965e-25 2.486293e-22 5.150218e-32
[1] 7.181265e-16 8.470933e-25 2.493330e-22 1.654022e-30
[1] 7.156155e-16 8.462511e-25 2.490930e-22 5.165158e-32
[1] 7.429997e-16 8.537922e-25 2.514153e-22 1.371083e-28
Algorithm did not converge after  500  iterations.
[1] 1.262905e-16 1.350116e-24 1.615097e-35 1.828770e-22
Algorithm converged after  9  iterations.
[1] 1.262905e-16 1.350116e-24 1.828770e-22 1.499346e-30
[1] 8.112878e-16 1.686512e-24 2.549461e-22 1.570917e-31
[1] 8.114035e-16 1.686542e-24 2.549528e-22 1.557929e-31
[1] 8.081572e-16 1.685367e-24 2.546995e-22 1.556949e-31
[1] 8.048108e-16 1.684120e-24 2.544324e-22 1.426865e-31
[1] 8.008441e-16 1.682600e-24 2.541060e-22 1.513605e-31
[1] 7.995123e-16 1.682088e-24 2.539983e-22 1.364147e-31
[1] 7.976502e-16 1.681394e-24 2.538484e-22 1.354257e-31
Algorithm converged after  74  iterations.
[1] 1.262905e-16 6.351881e-25 1.350116e-24 1.828770e-22
Algorithm converged after  9  iterations.
[1] 1.262905e-16 7.547879e-20
Algorithm converged after  2  iterations.
[1] 1.262905e-16 7.547879e-20 2.501334e-31
Algorithm converged after  5  iterations.
[1] 1.262905e-16 7.547879e-20 1.107391e-31
Algorithm converged after  4  iterations.
[1] 1.262905e-16 7.547879e-20 1.545921e-28
Algorithm converged after  6  iterations.
[1] 1.262905e-16 7.547879e-20 2.501334e-31 5.464601e-33
Algorithm converged after  7  iterations.
[1] 1.262905e-16 7.547879e-20 1.107391e-31 1.580069e-35
[1] 7.044561e-20 4.056421e-30 4.684969e-24 4.420400e-37
[1] 7.161207e-20 2.309994e-43 5.356446e-24 4.790461e-37
[1] 7.365874e-20 8.709498e-44 5.195480e-24 5.139634e-37
[1] 7.201810e-20 1.255444e-44 4.757349e-24 5.271096e-37
[1] 6.825897e-20 6.285485e-54 4.620181e-24 4.968218e-37
[1] 7.596483e-20 7.473180e-38 4.668242e-24 4.715260e-37
[1] 7.333267e-20 1.099934e-25 4.875528e-24 5.571908e-37
[1] 7.196177e-20 1.370885e-25 4.839346e-24 2.067818e-37
[1] 6.947181e-20 4.724473e-30 4.639556e-24 4.982849e-37
Algorithm converged after  95  iterations.
[1] 1.262905e-16 7.547879e-20 1.545921e-28 2.470375e-33
[1] 1.692218e-16 7.542512e-20 1.686159e-28 1.115821e-53
[1] 2.492558e-16 7.477769e-20 1.892354e-28 2.676800e-33
[1] 1.604490e-16 7.599878e-20 1.665584e-28 5.472033e-41
[1] 1.794699e-16 7.584212e-20 1.722421e-28 3.414530e-30
[1] 2.483562e-16 7.473172e-20 1.895174e-28 1.288954e-33
[1] 2.281223e-16 7.075875e-20 1.814635e-28 6.105133e-72
[1] 1.558464e-16 7.407738e-20 1.643169e-28 3.465331e-30
[1] 2.281398e-16 7.075420e-20 1.815322e-28 5.304699e-51
[1] 2.272490e-16 7.077338e-20 1.813717e-28 1.066591e-41
[1] 1.820418e-16 7.590677e-20 1.731836e-28 2.438573e-33
[1] 2.307441e-16 7.068749e-20 1.823015e-28 3.288677e-31
[1] 2.255907e-16 7.070549e-20 1.809332e-28 1.064038e-41
[1] 1.962616e-16 7.497036e-20 1.763985e-28 4.376978e-69
[1] 1.786796e-16 7.746508e-20 1.733889e-28 7.216010e-50
[1] 2.305627e-16 7.069010e-20 1.822776e-28 3.288639e-31
[1] 1.530113e-16 7.401614e-20 1.634978e-28 3.467869e-30
[1] 2.429100e-16 7.463739e-20 1.882540e-28 3.541595e-30
[1] 2.484069e-16 7.473045e-20 1.897671e-28 2.425263e-33
[1] 2.282024e-16 7.070835e-20 1.815705e-28 2.432199e-33
[1] 1.555361e-16 7.404993e-20 1.644100e-28 3.470563e-30
[1] 1.557574e-16 7.406889e-20 1.644985e-28 3.466534e-30
[1] 2.274525e-16 7.077321e-20 1.815862e-28 1.705439e-53
[1] 1.838242e-16 7.558623e-20 1.734591e-28 3.002418e-31
[1] 1.820697e-16 7.590516e-20 1.733163e-28 2.439255e-33
[1] 1.534338e-16 7.403659e-20 1.637719e-28 3.467844e-30
[1] 1.810542e-16 7.750428e-20 1.742035e-28 9.612352e-42
[1] 2.339857e-16 7.078908e-20 1.833116e-28 3.542412e-30
[1] 1.815439e-16 7.589533e-20 1.732120e-28 3.410693e-30
[1] 1.667064e-16 7.587327e-20 1.691029e-28 1.177825e-33
[1] 2.308658e-16 7.068648e-20 1.826005e-28 3.291080e-31
[1] 1.780153e-16 7.581913e-20 1.722456e-28 3.412235e-30
[1] 2.309909e-16 7.069844e-20 1.826327e-28 3.632331e-30
[1] 2.356790e-16 7.065816e-20 1.837936e-28 3.629558e-30
Algorithm converged after  334  iterations.
[1] 1.262905e-16 7.547879e-20 2.501334e-31 1.107391e-31
Algorithm converged after  5  iterations.
[1] 1.262905e-16 7.547879e-20 2.501334e-31 1.545921e-28
Algorithm converged after  6  iterations.
[1] 1.262905e-16 7.547879e-20 1.107391e-31 1.545921e-28
Algorithm converged after  6  iterations.
numeric(0)
Algorithm converged after  1  iterations.
[1] 7.645451e-24
Algorithm converged after  2  iterations.
[1] 1.737531e-23
Algorithm converged after  2  iterations.
[1] 2.044281e-18
Algorithm converged after  2  iterations.
[1] 7.645451e-24 1.427613e-26
Algorithm converged after  2  iterations.
[1] 1.737531e-23 5.831402e-26
Algorithm converged after  2  iterations.
[1] 2.044281e-18 4.017571e-23
Algorithm converged after  2  iterations.
[1] 7.645451e-24 1.737531e-23
Algorithm converged after  2  iterations.
[1] 7.645451e-24 2.044281e-18
Algorithm converged after  2  iterations.
[1] 1.737531e-23 2.044281e-18
Algorithm converged after  2  iterations.
[1] 7.645451e-24 1.427613e-26 1.737531e-23
Algorithm converged after  2  iterations.
[1] 7.645451e-24 1.427613e-26 2.044281e-18
Algorithm converged after  2  iterations.
[1] 7.645451e-24 1.737531e-23 5.831402e-26
Algorithm converged after  2  iterations.
[1] 7.645451e-24 2.044281e-18 4.017571e-23
Algorithm converged after  2  iterations.
[1] 1.737531e-23 5.831402e-26 2.044281e-18
Algorithm converged after  2  iterations.
[1] 1.737531e-23 2.044281e-18 4.017571e-23
Algorithm converged after  2  iterations.
[1] 7.645451e-24 1.737531e-23 2.044281e-18
Algorithm converged after  2  iterations.
[1] 7.645451e-24 1.427613e-26 1.737531e-23 5.831402e-26
Algorithm converged after  2  iterations.
[1] 7.645451e-24 1.427613e-26 2.044281e-18 4.017571e-23
Algorithm converged after  2  iterations.
[1] 1.737531e-23 5.831402e-26 2.044281e-18 4.017571e-23
Algorithm converged after  2  iterations.
[1] 7.645451e-24 1.427613e-26 1.737531e-23 2.044281e-18
Algorithm converged after  2  iterations.
[1] 7.645451e-24 1.737531e-23 5.831402e-26 2.044281e-18
Algorithm converged after  2  iterations.
[1] 7.645451e-24 1.737531e-23 2.044281e-18 4.017571e-23
Algorithm converged after  2  iterations.
[1] 6.658058e-20
Algorithm converged after  2  iterations.
[1] 6.658058e-20 3.705590e-24
Algorithm converged after  6  iterations.
[1] 6.658058e-20 3.634817e-23
Algorithm converged after  6  iterations.
[1] 6.658058e-20 6.888077e-18
Algorithm converged after  6  iterations.
[1] 6.658058e-20 3.705590e-24 1.286427e-31
Algorithm converged after  6  iterations.
[1] 6.658058e-20 3.634817e-23 5.231827e-33
[1] 7.266764e-20 3.743601e-23 2.398248e-31
[1] 7.286397e-20 3.747160e-23 5.470311e-33
[1] 7.286394e-20 3.747162e-23 5.470304e-33
[1] 7.286374e-20 3.747162e-23 5.470295e-33
[1] 7.286365e-20 3.747163e-23 5.470288e-33
[1] 7.663855e-20 3.811293e-23 1.382112e-34
[1] 8.010790e-20 3.871336e-23 3.713950e-32
[1] 7.786947e-20 3.832292e-23 1.365091e-34
[1] 7.266309e-20 3.743568e-23 5.470353e-33
[1] 6.997123e-20 3.695670e-23 5.352304e-33
[1] 7.293452e-20 3.748488e-23 1.243047e-34
Algorithm converged after  120  iterations.
[1] 6.658058e-20 6.888077e-18 5.816678e-32
Algorithm converged after  6  iterations.
[1] 6.658058e-20 3.705590e-24 3.634817e-23
Algorithm converged after  7  iterations.
[1] 6.658058e-20 3.705590e-24 6.888077e-18
Algorithm converged after  7  iterations.
[1] 6.658058e-20 3.634817e-23 6.888077e-18
Algorithm converged after  7  iterations.
[1] 6.658058e-20 3.705590e-24 1.286427e-31 3.634817e-23
[1] 8.387121e-20 4.437497e-24 1.298562e-31 3.934286e-23
Algorithm converged after  19  iterations.
[1] 6.658058e-20 3.705590e-24 1.286427e-31 6.888077e-18
[1] 8.160825e-20 4.346435e-24 1.297096e-31 7.642229e-18
Algorithm converged after  13  iterations.
[1] 6.658058e-20 3.705590e-24 3.634817e-23 5.231827e-33
[1] 8.443284e-20 4.459415e-24 3.943089e-23 1.276606e-34
[1] 7.965199e-20 4.259040e-24 3.863874e-23 5.652609e-33
[1] 7.904997e-20 4.234059e-24 3.853560e-23 1.348986e-34
[1] 7.932296e-20 4.245186e-24 3.858197e-23 6.886895e-53
[1] 7.935061e-20 4.246207e-24 3.858644e-23 1.154926e-57
[1] 7.915358e-20 4.238312e-24 3.855510e-23 5.634520e-33
[1] 8.312587e-20 4.404609e-24 3.921552e-23 2.306171e-49
[1] 7.929558e-20 4.244084e-24 3.857724e-23 1.764847e-69
[1] 8.297414e-20 4.397668e-24 3.919818e-23 1.285119e-34
[1] 7.960948e-20 4.257110e-24 3.863209e-23 5.646692e-33
[1] 7.928759e-20 4.243554e-24 3.857637e-23 1.341327e-34
[1] 8.463560e-20 4.467477e-24 3.946523e-23 1.272986e-34
[1] 7.960357e-20 4.256790e-24 3.863108e-23 1.328713e-34
[1] 7.913161e-20 4.237064e-24 3.855027e-23 5.635314e-33
[1] 8.698697e-20 4.564245e-24 3.986083e-23 1.406947e-48
[1] 7.924169e-20 4.241683e-24 3.856838e-23 3.684375e-32
[1] 8.675751e-20 4.554600e-24 3.982533e-23 1.165807e-34
[1] 8.487515e-20 4.477449e-24 3.950355e-23 1.270885e-34
[1] 8.696194e-20 4.563256e-24 3.985566e-23 1.162971e-34
[1] 8.725609e-20 4.574998e-24 3.990702e-23 5.862875e-33
[1] 8.639218e-20 4.540552e-24 3.975348e-23 1.253903e-34
[1] 8.674260e-20 4.553856e-24 3.982332e-23 1.015579e-49
[1] 7.923880e-20 4.241435e-24 3.856794e-23 1.342974e-34
[1] 8.331092e-20 4.412144e-24 3.924546e-23 1.191775e-34
[1] 7.908018e-20 4.234918e-24 3.854300e-23 1.010872e-57
[1] 7.960120e-20 4.256424e-24 3.863070e-23 1.328188e-34
[1] 8.729389e-20 4.576379e-24 3.991362e-23 5.867702e-33
Algorithm converged after  274  iterations.
[1] 6.658058e-20 3.705590e-24 6.888077e-18 5.816678e-32
Algorithm converged after  7  iterations.
[1] 6.658058e-20 3.634817e-23 5.231827e-33 6.888077e-18
[1] 8.382499e-20 3.934184e-23 5.740921e-33 7.747709e-18
[1] 8.460419e-20 3.947089e-23 1.187007e-34 7.785403e-18
[1] 8.049480e-20 3.878880e-23 1.204961e-34 7.585541e-18
[1] 8.866160e-20 4.014941e-23 5.911125e-33 7.979390e-18
[1] 8.093110e-20 3.886392e-23 1.366204e-48 7.606840e-18
[1] 8.039459e-20 3.877099e-23 1.210321e-34 7.580573e-18
[1] 8.044727e-20 3.878068e-23 3.719912e-32 7.583090e-18
[1] 8.067383e-20 3.881805e-23 1.294877e-48 7.594027e-18
[1] 8.817788e-20 4.007114e-23 1.665632e-70 7.956085e-18
[1] 8.818578e-20 4.007207e-23 5.899824e-33 7.956425e-18
[1] 8.065403e-20 3.881449e-23 1.331551e-34 7.593070e-18
[1] 8.456729e-20 3.946591e-23 1.186980e-34 7.783277e-18
[1] 8.038714e-20 3.877010e-23 5.675821e-33 7.580023e-18
[1] 8.438135e-20 3.942979e-23 5.726274e-33 7.774696e-18
[1] 8.094037e-20 3.886546e-23 1.315244e-34 7.606945e-18
[1] 8.867935e-20 4.015274e-23 5.902874e-33 7.979940e-18
Algorithm converged after  161  iterations.
[1] 6.658058e-20 3.634817e-23 6.888077e-18 5.816678e-32
Algorithm converged after  7  iterations.
[1] 6.658058e-20 3.705590e-24 3.634817e-23 6.888077e-18
Algorithm converged after  7  iterations.
[1] 6.658058e-20 6.403189e-29
Algorithm converged after  2  iterations.
[1] 6.658058e-20 6.403189e-29 1.455137e-24
Algorithm converged after  10  iterations.
[1] 6.658058e-20 6.403189e-29 2.259954e-23
[1] 7.460191e-20 4.679263e-29 2.512515e-23
Algorithm converged after  12  iterations.
[1] 6.658058e-20 6.403189e-29 3.733987e-18
Algorithm converged after  10  iterations.
[1] 6.658058e-20 6.403189e-29 1.455137e-24 6.206047e-48
[1] 7.322610e-20 7.470162e-41 4.365332e-24 9.505985e-33
[1] 7.333898e-20 1.712382e-27 4.529844e-24 1.188239e-31
Algorithm converged after  22  iterations.
[1] 6.658058e-20 6.403189e-29 2.259954e-23 8.981308e-36
[1] 7.731175e-20 6.706089e-29 2.680952e-23 8.826676e-35
[1] 8.002521e-20 1.041614e-27 3.974025e-23 1.301926e-34
[1] 7.982265e-20 1.055243e-27 3.969336e-23 1.911500e-49
[1] 8.016803e-20 1.306876e-27 3.985693e-23 1.251968e-34
[1] 8.021242e-20 2.969632e-27 3.933163e-23 3.357786e-50
[1] 8.027092e-20 1.115158e-27 3.966826e-23 1.160641e-48
[1] 7.208038e-20 2.124755e-28 3.892771e-23 3.937028e-53
[1] 7.274753e-20 1.016011e-27 3.834697e-23 4.370228e-32
[1] 7.790016e-20 2.115938e-26 3.800744e-23 3.536768e-34
[1] 7.534108e-20 9.142535e-28 3.849185e-23 1.716661e-56
[1] 7.323433e-20 9.235517e-28 3.819273e-23 9.376843e-49
[1] 7.383308e-20 9.894652e-28 3.856437e-23 1.896059e-56
[1] 7.333136e-20 8.348156e-28 3.794173e-23 7.300866e-39
[1] 7.296886e-20 1.028671e-27 3.839063e-23 2.395368e-31
[1] 7.276960e-20 2.538869e-27 3.796697e-23 8.610110e-36
[1] 7.299528e-20 1.186441e-27 3.877611e-23 1.300062e-34
[1] 7.703142e-20 5.635422e-31 3.775703e-23 1.274981e-35
[1] 7.342272e-20 1.043005e-27 3.855129e-23 1.284932e-34
[1] 7.362953e-20 2.713931e-27 3.819958e-23 8.892581e-36
[1] 7.641625e-20 1.017724e-27 3.877782e-23 1.275405e-34
[1] 7.207718e-20 9.821114e-28 3.798088e-23 1.975638e-49
[1] 7.645229e-20 5.483284e-40 4.080923e-23 9.599070e-35
[1] 7.364694e-20 1.181483e-27 3.897219e-23 1.291037e-34
[1] 7.993415e-20 3.139323e-27 3.928062e-23 1.255235e-34
[1] 7.266662e-20 1.295531e-27 3.891606e-23 5.937615e-33
[1] 7.329948e-20 1.000301e-27 3.859322e-23 6.023872e-33
[1] 7.153433e-20 1.023364e-27 3.806114e-23 1.514381e-49
[1] 8.299411e-20 1.359121e-27 3.937300e-23 7.660827e-39
[1] 8.017615e-20 7.429452e-32 3.864799e-23 1.025191e-34
[1] 8.039165e-20 1.125581e-27 3.974120e-23 6.137101e-33
[1] 7.592154e-20 8.175467e-28 3.836302e-23 1.278535e-34
[1] 7.654043e-20 8.127262e-28 3.857803e-23 1.264928e-34
[1] 7.303729e-20 2.683385e-46 3.824793e-23 1.618006e-34
[1] 7.998481e-20 1.038354e-27 3.971395e-23 1.299823e-34
[1] 7.550309e-20 1.150970e-27 3.924858e-23 1.279554e-34
[1] 7.367363e-20 1.179995e-27 3.896401e-23 2.703004e-58
[1] 7.827408e-20 2.187813e-26 3.815776e-23 1.461183e-56
[1] 7.626438e-20 9.837362e-28 3.872465e-23 1.287776e-34
[1] 7.300586e-20 1.021244e-27 3.837674e-23 4.854888e-49
[1] 7.636292e-20 1.112713e-27 3.917884e-23 1.284269e-34
[1] 7.641960e-20 1.253145e-27 3.954995e-23 4.444959e-32
[1] 7.318666e-20 2.012447e-26 3.732279e-23 2.834059e-34
[1] 7.794099e-20 8.801611e-28 3.885549e-23 3.086992e-33
[1] 7.373239e-20 1.475308e-43 3.904459e-23 1.719868e-34
[1] 7.340040e-20 5.576609e-42 3.779383e-23 5.766159e-33
[1] 8.231169e-20 1.126913e-27 4.011837e-23 6.121410e-33
[1] 7.699689e-20 9.488570e-28 3.878364e-23 4.603943e-32
[1] 8.023637e-20 1.164011e-27 3.984143e-23 1.242455e-34
[1] 7.569453e-20 1.034004e-27 3.882295e-23 1.279966e-34
Algorithm did not converge after  500  iterations.
[1] 6.658058e-20 6.403189e-29 3.733987e-18 1.449241e-35
[1] 7.454468e-20 5.324582e-29 4.267317e-18 1.561046e-35
Algorithm converged after  17  iterations.
[1] 6.658058e-20 6.403189e-29 1.455137e-24 2.259954e-23
[1] 8.266788e-20 4.169847e-28 4.741579e-24 3.772747e-23
Algorithm converged after  14  iterations.
[1] 6.658058e-20 6.403189e-29 1.455137e-24 3.733987e-18
Algorithm converged after  8  iterations.
[1] 6.658058e-20 6.403189e-29 2.259954e-23 3.733987e-18
Algorithm converged after  8  iterations.
numeric(0)
Algorithm converged after  1  iterations.
[1] 1.764004e-23
Algorithm converged after  2  iterations.
[1] 1.036573e-23
Algorithm converged after  2  iterations.
[1] 1.608394e-18
Algorithm converged after  2  iterations.
[1] 1.764004e-23 3.038499e-27
Algorithm converged after  2  iterations.
[1] 1.036573e-23 1.129319e-25
Algorithm converged after  2  iterations.
[1] 1.608394e-18 1.573486e-23
Algorithm converged after  2  iterations.
[1] 1.764004e-23 1.036573e-23
Algorithm converged after  2  iterations.
[1] 1.764004e-23 1.608394e-18
Algorithm converged after  2  iterations.
[1] 1.036573e-23 1.608394e-18
Algorithm converged after  2  iterations.
[1] 1.764004e-23 3.038499e-27 1.036573e-23
Algorithm converged after  2  iterations.
[1] 1.764004e-23 3.038499e-27 1.608394e-18
Algorithm converged after  2  iterations.
[1] 1.764004e-23 1.036573e-23 1.129319e-25
Algorithm converged after  2  iterations.
[1] 1.764004e-23 1.608394e-18 1.573486e-23
Algorithm converged after  2  iterations.
[1] 1.036573e-23 1.129319e-25 1.608394e-18
Algorithm converged after  2  iterations.
[1] 1.036573e-23 1.608394e-18 1.573486e-23
Algorithm converged after  2  iterations.
[1] 1.764004e-23 1.036573e-23 1.608394e-18
Algorithm converged after  2  iterations.
[1] 1.764004e-23 3.038499e-27 1.036573e-23 1.129319e-25
Algorithm converged after  2  iterations.
[1] 1.764004e-23 3.038499e-27 1.608394e-18 1.573486e-23
Algorithm converged after  2  iterations.
[1] 1.036573e-23 1.129319e-25 1.608394e-18 1.573486e-23
Algorithm converged after  2  iterations.
[1] 1.764004e-23 3.038499e-27 1.036573e-23 1.608394e-18
Algorithm converged after  2  iterations.
[1] 1.764004e-23 1.036573e-23 1.129319e-25 1.608394e-18
Algorithm converged after  2  iterations.
[1] 1.764004e-23 1.036573e-23 1.608394e-18 1.573486e-23
Algorithm converged after  2  iterations.
[1] 5.482805e-20
Algorithm converged after  2  iterations.
[1] 5.482805e-20 1.377734e-24
Algorithm converged after  6  iterations.
[1] 5.482805e-20 2.627925e-23
Algorithm converged after  6  iterations.
[1] 5.482805e-20 7.750443e-18
Algorithm converged after  6  iterations.
[1] 5.482805e-20 1.377734e-24 1.058408e-31
Algorithm converged after  6  iterations.
[1] 5.482805e-20 2.627925e-23 2.209802e-36
Algorithm converged after  8  iterations.
[1] 5.482805e-20 7.750443e-18 8.850260e-32
Algorithm converged after  6  iterations.
[1] 5.482805e-20 1.377734e-24 2.627925e-23
Algorithm converged after  7  iterations.
[1] 5.482805e-20 1.377734e-24 7.750443e-18
Algorithm converged after  7  iterations.
[1] 5.482805e-20 2.627925e-23 7.750443e-18
Algorithm converged after  7  iterations.
[1] 5.482805e-20 1.377734e-24 1.058408e-31 2.627925e-23
Algorithm converged after  7  iterations.
[1] 5.482805e-20 1.377734e-24 1.058408e-31 7.750443e-18
Algorithm converged after  7  iterations.
[1] 5.482805e-20 1.377734e-24 2.627925e-23 2.209802e-36
[1] 6.530561e-20 1.776160e-24 2.813588e-23 5.661227e-35
Algorithm converged after  13  iterations.
[1] 5.482805e-20 1.377734e-24 7.750443e-18 8.850260e-32
Algorithm converged after  7  iterations.
[1] 5.482805e-20 2.627925e-23 2.209802e-36 7.750443e-18
[1] 7.069774e-20 2.905692e-23 5.808651e-35 9.013671e-18
[1] 7.391027e-20 2.960062e-23 5.579311e-35 9.261320e-18
[1] 6.889753e-20 2.875880e-23 2.547116e-37 8.874227e-18
[1] 6.916353e-20 2.880380e-23 1.827956e-37 8.894963e-18
[1] 6.884066e-20 2.874919e-23 2.548269e-37 8.869801e-18
[1] 6.898211e-20 2.877326e-23 2.683089e-31 8.880769e-18
[1] 7.042939e-20 2.900880e-23 5.032532e-38 8.992793e-18
[1] 7.019974e-20 2.897483e-23 5.841888e-35 8.974988e-18
[1] 6.749624e-20 2.852082e-23 5.579091e-35 8.765032e-18
[1] 6.900446e-20 2.877720e-23 6.613714e-33 8.882458e-18
[1] 7.386540e-20 2.959369e-23 5.582306e-35 9.257755e-18
[1] 6.916351e-20 2.880430e-23 2.543000e-37 8.894727e-18
[1] 7.125032e-20 2.915602e-23 5.419597e-35 9.056381e-18
[1] 6.931063e-20 2.882933e-23 5.009336e-38 8.906134e-18
[1] 6.916642e-20 2.880508e-23 2.542959e-37 8.894893e-18
[1] 7.186122e-20 2.925254e-23 5.414559e-35 9.103235e-18
[1] 6.897165e-20 2.877219e-23 3.708613e-33 8.879757e-18
[1] 6.900283e-20 2.877755e-23 5.514815e-35 8.882085e-18
[1] 6.898317e-20 2.877430e-23 4.368220e-47 8.880568e-18
[1] 6.889322e-20 2.875910e-23 2.547972e-37 8.873576e-18
[1] 7.385764e-20 2.959315e-23 5.581509e-35 9.256922e-18
[1] 7.142358e-20 2.918584e-23 5.413114e-35 9.069478e-18
[1] 7.385400e-20 2.959220e-23 5.577787e-35 9.256487e-18
[1] 6.918681e-20 2.880890e-23 2.543016e-37 8.896360e-18
[1] 6.929799e-20 2.882793e-23 3.718090e-33 8.904928e-18
[1] 6.929940e-20 2.882820e-23 3.718151e-33 8.904972e-18
[1] 6.899741e-20 2.877708e-23 5.916945e-35 8.881452e-18
[1] 7.054157e-20 2.903107e-23 6.665816e-33 9.000992e-18
[1] 6.749423e-20 2.852154e-23 5.578980e-35 8.764413e-18
[1] 7.146832e-20 2.919433e-23 5.409358e-35 9.072918e-18
[1] 6.963810e-20 2.888531e-23 5.874533e-35 8.931412e-18
[1] 7.146845e-20 2.919470e-23 5.409107e-35 9.072912e-18
[1] 6.891383e-20 2.876204e-23 2.682390e-31 8.875429e-18
[1] 7.394512e-20 2.960535e-23 5.549307e-35 9.262558e-18
[1] 6.909092e-20 2.879316e-23 3.711918e-33 8.888752e-18
[1] 7.148914e-20 2.919845e-23 5.408337e-35 9.074405e-18
[1] 6.897213e-20 2.877367e-23 1.487724e-37 8.879270e-18
[1] 7.405787e-20 2.962423e-23 5.539959e-35 9.271052e-18
[1] 6.929828e-20 2.882902e-23 6.628001e-33 8.904584e-18
[1] 6.888887e-20 2.875974e-23 6.612244e-33 8.872794e-18
[1] 6.888725e-20 2.875958e-23 2.323930e-37 8.872584e-18
[1] 6.904842e-20 2.878642e-23 2.545806e-37 8.885324e-18
[1] 6.915960e-20 2.880586e-23 5.005784e-38 8.893667e-18
[1] 7.170717e-20 2.923307e-23 6.721517e-33 9.090762e-18
[1] 7.388509e-20 2.959946e-23 5.577011e-35 9.258411e-18
[1] 7.388493e-20 2.959947e-23 5.576924e-35 9.258324e-18
[1] 7.388476e-20 2.959948e-23 5.576839e-35 9.258238e-18
[1] 7.388460e-20 2.959949e-23 5.576753e-35 9.258152e-18
[1] 7.388444e-20 2.959950e-23 5.576671e-35 9.258066e-18
Algorithm did not converge after  500  iterations.
[1] 5.482805e-20 2.627925e-23 7.750443e-18 8.850260e-32
Algorithm converged after  7  iterations.
[1] 5.482805e-20 1.377734e-24 2.627925e-23 7.750443e-18
Algorithm converged after  8  iterations.
[1] 5.482805e-20 4.015318e-29
Algorithm converged after  2  iterations.
[1] 5.482805e-20 4.015318e-29 3.952429e-25
[1] 5.883709e-20 6.715155e-28 2.185156e-24
[1] 5.890649e-20 3.029606e-30 1.502792e-24
[1] 5.890682e-20 5.296857e-28 2.091713e-24
[1] 5.899209e-20 2.353868e-26 2.589533e-24
[1] 5.890411e-20 5.261841e-28 2.088385e-24
Algorithm converged after  52  iterations.
[1] 5.482805e-20 4.015318e-29 1.599995e-23
[1] 6.181678e-20 3.200161e-29 1.802281e-23
Algorithm converged after  14  iterations.
[1] 5.482805e-20 4.015318e-29 4.593108e-18
[1] 6.245074e-20 2.288171e-28 9.720311e-18
[1] 6.195965e-20 2.200499e-28 1.040121e-17
[1] 6.215493e-20 2.069036e-28 9.996077e-18
Algorithm converged after  35  iterations.
[1] 5.482805e-20 4.015318e-29 3.952429e-25 3.330698e-34
[1] 5.931037e-20 8.665639e-28 2.576542e-24 2.871047e-33
[1] 5.836993e-20 6.600614e-28 2.470967e-24 9.554831e-33
[1] 6.084360e-20 2.102043e-27 1.428631e-24 2.766889e-34
[1] 5.887645e-20 4.883323e-28 2.024652e-24 1.030575e-31
[1] 6.107009e-20 9.121907e-28 2.475203e-24 1.291574e-33
Algorithm converged after  55  iterations.
[1] 5.482805e-20 4.015318e-29 1.599995e-23 1.278008e-51
[1] 6.192525e-20 1.328029e-27 2.799143e-23 2.001358e-37
[1] 6.376862e-20 6.587377e-45 2.921942e-23 1.228570e-36
[1] 6.334681e-20 1.717689e-27 2.844693e-23 3.213247e-31
[1] 6.554500e-20 1.111902e-27 2.906957e-23 1.382051e-35
[1] 6.381749e-20 1.300243e-27 2.789639e-23 3.253178e-33
[1] 6.146585e-20 1.344790e-27 2.788385e-23 2.084107e-34
[1] 6.175216e-20 1.428603e-27 2.876912e-23 3.483018e-33
[1] 6.372565e-20 1.456107e-29 2.787883e-23 6.353169e-35
[1] 6.123990e-20 7.538667e-28 2.835389e-23 7.591467e-35
[1] 6.161707e-20 8.405956e-28 2.824766e-23 6.451282e-35
[1] 6.390434e-20 1.330780e-27 2.823023e-23 1.806098e-34
[1] 6.390919e-20 2.036539e-55 2.785964e-23 5.872163e-35
[1] 6.156951e-20 8.443512e-28 2.823113e-23 3.757392e-33
[1] 6.166943e-20 1.378115e-27 2.795210e-23 3.888046e-33
[1] 6.228369e-20 2.645807e-28 2.910179e-23 2.398951e-31
[1] 6.262399e-20 1.302067e-27 2.803932e-23 1.963853e-37
[1] 6.399186e-20 1.379627e-27 2.833751e-23 9.329854e-37
[1] 6.167057e-20 1.398243e-27 2.802475e-23 1.824073e-34
[1] 6.155852e-20 1.452212e-27 2.805490e-23 3.889919e-33
[1] 6.112207e-20 5.781602e-28 2.849783e-23 8.745947e-35
[1] 6.110557e-20 9.877761e-27 2.712833e-23 2.109370e-37
[1] 6.158310e-20 6.389250e-28 2.866064e-23 8.875378e-35
[1] 6.157563e-20 6.390330e-28 2.866080e-23 8.882195e-35
Algorithm converged after  238  iterations.
[1] 5.482805e-20 4.015318e-29 4.593108e-18 9.784310e-36
Algorithm converged after  8  iterations.
[1] 5.482805e-20 4.015318e-29 3.952429e-25 1.599995e-23
[1] 6.504009e-20 3.013935e-29 7.609316e-25 1.964352e-23
Algorithm converged after  14  iterations.
[1] 5.482805e-20 4.015318e-29 3.952429e-25 4.593108e-18
[1] 6.634102e-20 3.338906e-31 2.040964e-24 8.671875e-18
[1] 6.612078e-20 1.456163e-31 1.842233e-24 8.735946e-18
Algorithm converged after  29  iterations.
[1] 5.482805e-20 4.015318e-29 1.599995e-23 4.593108e-18
Algorithm converged after  10  iterations.
numeric(0)
Algorithm converged after  1  iterations.
[1] 9.065143e-24
Algorithm converged after  2  iterations.
[1] 1.616619e-23
Algorithm converged after  2  iterations.
[1] 6.942511e-18
Algorithm converged after  2  iterations.
[1] 9.065143e-24 6.446855e-27
Algorithm converged after  2  iterations.
[1] 1.616619e-23 1.371480e-25
Algorithm converged after  2  iterations.
[1] 6.942511e-18 2.668904e-23
Algorithm converged after  2  iterations.
[1] 9.065143e-24 1.616619e-23
Algorithm converged after  2  iterations.
[1] 9.065143e-24 6.942511e-18
Algorithm converged after  2  iterations.
[1] 1.616619e-23 6.942511e-18
Algorithm converged after  2  iterations.
[1] 9.065143e-24 6.446855e-27 1.616619e-23
Algorithm converged after  2  iterations.
[1] 9.065143e-24 6.446855e-27 6.942511e-18
Algorithm converged after  2  iterations.
[1] 9.065143e-24 1.616619e-23 1.371480e-25
Algorithm converged after  2  iterations.
[1] 9.065143e-24 6.942511e-18 2.668904e-23
Algorithm converged after  2  iterations.
[1] 1.616619e-23 1.371480e-25 6.942511e-18
Algorithm converged after  2  iterations.
[1] 1.616619e-23 6.942511e-18 2.668904e-23
Algorithm converged after  2  iterations.
[1] 9.065143e-24 1.616619e-23 6.942511e-18
Algorithm converged after  2  iterations.
[1] 9.065143e-24 6.446855e-27 1.616619e-23 1.371480e-25
Algorithm converged after  2  iterations.
[1] 9.065143e-24 6.446855e-27 6.942511e-18 2.668904e-23
Algorithm converged after  2  iterations.
[1] 1.616619e-23 1.371480e-25 6.942511e-18 2.668904e-23
Algorithm converged after  2  iterations.
[1] 9.065143e-24 6.446855e-27 1.616619e-23 6.942511e-18
Algorithm converged after  2  iterations.
[1] 9.065143e-24 1.616619e-23 1.371480e-25 6.942511e-18
Algorithm converged after  2  iterations.
[1] 9.065143e-24 1.616619e-23 6.942511e-18 2.668904e-23
Algorithm converged after  2  iterations.
[1] 2.887993e-16
Algorithm converged after  2  iterations.
[1] 2.887993e-16 1.276242e-24
Algorithm converged after  6  iterations.
[1] 2.887993e-16 2.194592e-24
Algorithm converged after  6  iterations.
[1] 2.887993e-16 6.000110e-23
Algorithm converged after  6  iterations.
[1] 2.887993e-16 1.276242e-24 1.171065e-31
[1] 4.589802e-16 1.341084e-24 8.291992e-48
[1] 4.546863e-16 1.339803e-24 1.180632e-31
[1] 4.185326e-16 1.327177e-24 2.989249e-52
[1] 4.740681e-16 1.346811e-24 1.017913e-46
[1] 4.288866e-16 1.331000e-24 1.179160e-31
[1] 4.741561e-16 1.347020e-24 5.303442e-49
[1] 4.728781e-16 1.346687e-24 1.291689e-46
[1] 4.735533e-16 1.346998e-24 1.728551e-68
[1] 4.297330e-16 1.331668e-24 1.179213e-31
[1] 4.737574e-16 1.347255e-24 2.452602e-67
[1] 4.332523e-16 1.333589e-24 1.179391e-31
[1] 4.724327e-16 1.347496e-24 1.600138e-48
[1] 4.742728e-16 1.348233e-24 1.298587e-64
[1] 4.741719e-16 1.348242e-24 1.182030e-31
Algorithm converged after  142  iterations.
[1] 2.887993e-16 2.194592e-24 1.340624e-34
Algorithm converged after  7  iterations.
[1] 2.887993e-16 6.000110e-23 1.785212e-30
Algorithm converged after  8  iterations.
[1] 2.887993e-16 1.276242e-24 2.194592e-24
Algorithm converged after  7  iterations.
[1] 2.887993e-16 1.276242e-24 6.000110e-23
Algorithm converged after  7  iterations.
[1] 2.887993e-16 2.194592e-24 6.000110e-23
Algorithm converged after  7  iterations.
[1] 2.887993e-16 1.276242e-24 1.171065e-31 2.194592e-24
[1] 5.667265e-16 1.377250e-24 3.553827e-55 2.411581e-24
[1] 6.287719e-16 1.396543e-24 1.189466e-31 2.453251e-24
[1] 5.742862e-16 1.379748e-24 1.409499e-46 2.416850e-24
[1] 6.256774e-16 1.395676e-24 3.487069e-64 2.451276e-24
[1] 5.743234e-16 1.379846e-24 1.410053e-46 2.416967e-24
[1] 6.064871e-16 1.389908e-24 4.976100e-59 2.438690e-24
[1] 6.229867e-16 1.395009e-24 7.032248e-57 2.449665e-24
[1] 6.269640e-16 1.396264e-24 1.410563e-46 2.452334e-24
[1] 6.237298e-16 1.395336e-24 2.555312e-47 2.450260e-24
[1] 6.257154e-16 1.396152e-24 6.398654e-60 2.451842e-24
[1] 6.212449e-16 1.394802e-24 2.946392e-52 2.448968e-24
[1] 5.545458e-16 1.373976e-24 1.185951e-31 2.403829e-24
[1] 6.230504e-16 1.395346e-24 1.571326e-64 2.450051e-24
[1] 6.240890e-16 1.395801e-24 1.010766e-46 2.450871e-24
[1] 6.086271e-16 1.391132e-24 1.188513e-31 2.440693e-24
[1] 6.040715e-16 1.389815e-24 1.403919e-46 2.437740e-24
[1] 6.217065e-16 1.395246e-24 1.102451e-36 2.449480e-24
[1] 6.241960e-16 1.396072e-24 1.008454e-46 2.451180e-24
[1] 6.240013e-16 1.396236e-24 2.157864e-63 2.451352e-24
[1] 5.762906e-16 1.381345e-24 1.636251e-48 2.419212e-24
[1] 5.742068e-16 1.380734e-24 9.895804e-47 2.417835e-24
[1] 6.230782e-16 1.396112e-24 5.749686e-64 2.450907e-24
[1] 6.214602e-16 1.395672e-24 2.817752e-68 2.449916e-24
[1] 6.229248e-16 1.396144e-24 2.947171e-64 2.450911e-24
[1] 6.254303e-16 1.396967e-24 1.003842e-46 2.452606e-24
[1] 6.250242e-16 1.396881e-24 1.004000e-46 2.452389e-24
