myseed=9958 

Attaching package: ‘pls’

The following object is masked from ‘package:stats’:

    loadings

Loading required package: lattice
Loading required package: ggplot2
Registered S3 methods overwritten by 'ggplot2':
  method         from 
  [.quosures     rlang
  c.quosures     rlang
  print.quosures rlang

Attaching package: ‘caret’

The following object is masked from ‘package:pls’:

    R2

Loading required package: Matrix
Loading required package: foreach
Loaded glmnet 2.0-18

Parsed with column specification:
cols(
  .default = col_double()
)
See spec(...) for full column specifications.
Parsed with column specification:
cols(
  X1 = col_double()
)
Parsed with column specification:
cols(
  X1 = col_double()
)
numeric(0)
Algorithm converged after  1  iterations.
[1] 1.03188e-23
Algorithm converged after  2  iterations.
[1] 4.457414e-26
Algorithm converged after  2  iterations.
[1] 8.984596e-24
Algorithm converged after  2  iterations.
[1] 1.031880e-23 1.886654e-26
Algorithm converged after  2  iterations.
[1] 4.457414e-26 8.217375e-32
Algorithm converged after  2  iterations.
[1] 8.984596e-24 1.297064e-31
Algorithm converged after  2  iterations.
[1] 1.031880e-23 4.457414e-26
Algorithm converged after  2  iterations.
[1] 1.031880e-23 8.984596e-24
Algorithm converged after  2  iterations.
[1] 4.457414e-26 8.984596e-24
Algorithm converged after  2  iterations.
[1] 1.031880e-23 1.886654e-26 4.457414e-26
Algorithm converged after  2  iterations.
[1] 1.031880e-23 1.886654e-26 8.984596e-24
Algorithm converged after  2  iterations.
[1] 1.031880e-23 4.457414e-26 8.217375e-32
Algorithm converged after  2  iterations.
[1] 1.031880e-23 8.984596e-24 1.297064e-31
Algorithm converged after  2  iterations.
[1] 4.457414e-26 8.217375e-32 8.984596e-24
Algorithm converged after  2  iterations.
[1] 4.457414e-26 8.984596e-24 1.297064e-31
Algorithm converged after  2  iterations.
[1] 1.031880e-23 4.457414e-26 8.984596e-24
Algorithm converged after  2  iterations.
[1] 1.031880e-23 1.886654e-26 4.457414e-26 8.217375e-32
Algorithm converged after  2  iterations.
[1] 1.031880e-23 1.886654e-26 8.984596e-24 1.297064e-31
Algorithm converged after  2  iterations.
[1] 4.457414e-26 8.217375e-32 8.984596e-24 1.297064e-31
Algorithm converged after  2  iterations.
[1] 1.031880e-23 1.886654e-26 4.457414e-26 8.984596e-24
Algorithm converged after  2  iterations.
[1] 1.031880e-23 4.457414e-26 8.217375e-32 8.984596e-24
Algorithm converged after  2  iterations.
[1] 1.031880e-23 4.457414e-26 8.984596e-24 1.297064e-31
Algorithm converged after  2  iterations.
[1] 3.543078e-20
Algorithm converged after  2  iterations.
[1] 3.543078e-20 5.360963e-24
Algorithm converged after  5  iterations.
[1] 3.543078e-20 1.490318e-23
Algorithm converged after  6  iterations.
[1] 3.543078e-20 5.290424e-19
Algorithm converged after  6  iterations.
[1] 3.543078e-20 5.360963e-24 9.321253e-32
[1] 3.759320e-20 5.657461e-24 9.273160e-32
[1] 3.772333e-20 5.675939e-24 9.273024e-32
[1] 3.747653e-20 5.622795e-24 9.401531e-48
[1] 3.751131e-20 5.632912e-24 9.314847e-32
Algorithm converged after  41  iterations.
[1] 3.543078e-20 1.490318e-23 5.696183e-38
Algorithm converged after  10  iterations.
[1] 3.543078e-20 5.290424e-19 3.214744e-30
[1] 4.024846e-20 5.736506e-19 6.358440e-29
[1] 3.817919e-20 5.567177e-19 6.082925e-45
[1] 4.049001e-20 5.782974e-19 2.913821e-28
Algorithm converged after  34  iterations.
[1] 3.543078e-20 5.360963e-24 1.490318e-23
Algorithm converged after  6  iterations.
[1] 3.543078e-20 5.360963e-24 5.290424e-19
Algorithm converged after  7  iterations.
[1] 3.543078e-20 1.490318e-23 5.290424e-19
Algorithm converged after  7  iterations.
[1] 3.543078e-20 5.360963e-24 9.321253e-32 1.490318e-23
[1] 4.291804e-20 6.278005e-24 9.305395e-32 1.625821e-23
[1] 4.200218e-20 6.170338e-24 9.331204e-32 1.609703e-23
Algorithm converged after  23  iterations.
[1] 3.543078e-20 5.360963e-24 9.321253e-32 5.290424e-19
[1] 4.144214e-20 6.111630e-24 9.302050e-32 5.850244e-19
[1] 3.983170e-20 5.915511e-24 1.169218e-47 5.702987e-19
[1] 4.136213e-20 6.104034e-24 9.305569e-32 5.843098e-19
Algorithm converged after  34  iterations.
[1] 3.543078e-20 5.360963e-24 1.490318e-23 5.696183e-38
[1] 4.171680e-20 6.137889e-24 1.605593e-23 3.488021e-50
Algorithm converged after  20  iterations.
[1] 3.543078e-20 5.360963e-24 5.290424e-19 3.214744e-30
[1] 4.215712e-20 6.198732e-24 5.919393e-19 1.377461e-31
[1] 4.141209e-20 6.105317e-24 5.847261e-19 6.149605e-43
Algorithm converged after  27  iterations.
[1] 3.543078e-20 1.490318e-23 5.696183e-38 5.290424e-19
[1] 4.320549e-20 1.631875e-23 7.509167e-48 6.006343e-19
[1] 4.322098e-20 1.632190e-23 9.903215e-50 6.007815e-19
[1] 4.487822e-20 1.660913e-23 5.522907e-38 6.156241e-19
[1] 4.296462e-20 1.626718e-23 5.564237e-38 5.984728e-19
[1] 4.322019e-20 1.632183e-23 5.555399e-38 6.007751e-19
[1] 4.320690e-20 1.631879e-23 3.933310e-54 6.006454e-19
[1] 4.322549e-20 1.632204e-23 2.748886e-58 6.008153e-19
[1] 4.608783e-20 1.680671e-23 5.535318e-38 6.263050e-19
[1] 4.292090e-20 1.626281e-23 5.555932e-38 5.980867e-19
[1] 4.359867e-20 1.638106e-23 5.561615e-38 6.041488e-19
[1] 4.426520e-20 1.649423e-23 7.632181e-48 6.100962e-19
[1] 4.604610e-20 1.679949e-23 1.753052e-29 6.259340e-19
[1] 4.320443e-20 1.631818e-23 5.567334e-38 6.006255e-19
[1] 4.333399e-20 1.634069e-23 5.588354e-38 6.017860e-19
[1] 4.319998e-20 1.631743e-23 5.851845e-52 6.005925e-19
[1] 4.205178e-20 1.610606e-23 1.647850e-49 5.902872e-19
[1] 4.314621e-20 1.630787e-23 5.567991e-38 6.000952e-19
[1] 4.355918e-20 1.637088e-23 4.886548e-50 6.038019e-19
[1] 4.324891e-20 1.631700e-23 5.557219e-38 6.010221e-19
[1] 4.320103e-20 1.631846e-23 5.538404e-38 6.006018e-19
[1] 4.319440e-20 1.631659e-23 5.560887e-38 6.005316e-19
[1] 4.314851e-20 1.630828e-23 9.854806e-53 6.001018e-19
[1] 4.321356e-20 1.631962e-23 9.086219e-33 6.006765e-19
[1] 4.224216e-20 1.614113e-23 1.511694e-52 5.919717e-19
[1] 4.314378e-20 1.630755e-23 2.795136e-58 6.000428e-19
[1] 4.368237e-20 1.640298e-23 4.909192e-50 6.049005e-19
[1] 4.548110e-20 1.670531e-23 4.936394e-56 6.208835e-19
[1] 4.315007e-20 1.630870e-23 9.904215e-50 6.000993e-19
[1] 4.541844e-20 1.669440e-23 9.200205e-33 6.203263e-19
[1] 4.377275e-20 1.641935e-23 1.722890e-29 6.057770e-19
[1] 4.560736e-20 1.672557e-23 4.515740e-38 6.220195e-19
[1] 4.294850e-20 1.626398e-23 1.733954e-29 5.982415e-19
[1] 4.296036e-20 1.626686e-23 2.677431e-49 5.983429e-19
[1] 4.315260e-20 1.630930e-23 5.563493e-38 6.000583e-19
[1] 4.446368e-20 1.652781e-23 5.542930e-38 6.117847e-19
[1] 4.533474e-20 1.667689e-23 9.194499e-33 6.195378e-19
[1] 4.320149e-20 1.631885e-23 5.546380e-38 6.005268e-19
[1] 4.320163e-20 1.631886e-23 5.546234e-38 6.005320e-19
[1] 4.207317e-20 1.611020e-23 2.347096e-54 5.903982e-19
[1] 4.319666e-20 1.631796e-23 5.533678e-38 6.004823e-19
[1] 4.430207e-20 1.650142e-23 5.547114e-49 6.103392e-19
[1] 4.224026e-20 1.614911e-23 5.556095e-38 5.919555e-19
[1] 4.541610e-20 1.669411e-23 2.641151e-49 6.202568e-19
[1] 4.219024e-20 1.613222e-23 5.560173e-38 5.914343e-19
[1] 4.604931e-20 1.680044e-23 5.532391e-38 6.258698e-19
[1] 4.298453e-20 1.627116e-23 2.675496e-49 5.985600e-19
[1] 4.372972e-20 1.640225e-23 1.623258e-49 6.052297e-19
[1] 4.315183e-20 1.630940e-23 9.875014e-50 6.000523e-19
[1] 4.329259e-20 1.633354e-23 5.566613e-38 6.013032e-19
Algorithm did not converge after  500  iterations.
[1] 3.543078e-20 1.490318e-23 5.290424e-19 3.214744e-30
Algorithm converged after  7  iterations.
[1] 3.543078e-20 5.360963e-24 1.490318e-23 5.290424e-19
Algorithm converged after  7  iterations.
[1] 3.543078e-20 2.039162e-28
Algorithm converged after  2  iterations.
[1] 3.543078e-20 2.039162e-28 4.428243e-24
[1] 3.841398e-20 9.898066e-28 1.050394e-23
[1] 3.841650e-20 9.902851e-28 1.049940e-23
Algorithm converged after  26  iterations.
[1] 3.543078e-20 2.039162e-28 9.774151e-24
Algorithm converged after  8  iterations.
[1] 3.543078e-20 2.039162e-28 3.604527e-19
Algorithm converged after  9  iterations.
[1] 3.543078e-20 2.039162e-28 4.428243e-24 2.563330e-34
[1] 3.821494e-20 9.852387e-28 1.023043e-23 1.077027e-31
[1] 3.705052e-20 9.656777e-28 1.015969e-23 2.512465e-33
Algorithm converged after  23  iterations.
[1] 3.543078e-20 2.039162e-28 9.774151e-24 1.399851e-32
[1] 3.908196e-20 2.843543e-27 1.716472e-23 1.041597e-32
Algorithm converged after  17  iterations.
[1] 3.543078e-20 2.039162e-28 3.604527e-19 2.269035e-31
Algorithm converged after  8  iterations.
[1] 3.543078e-20 2.039162e-28 4.428243e-24 9.774151e-24
Algorithm converged after  9  iterations.
[1] 3.543078e-20 2.039162e-28 4.428243e-24 3.604527e-19
Algorithm converged after  7  iterations.
[1] 3.543078e-20 2.039162e-28 9.774151e-24 3.604527e-19
[1] 4.396728e-20 2.711608e-28 1.639841e-23 7.010346e-19
Algorithm converged after  20  iterations.
numeric(0)
Algorithm converged after  1  iterations.
[1] 8.799709e-24
Algorithm converged after  2  iterations.
[1] 4.97276e-26
Algorithm converged after  2  iterations.
[1] 7.942792e-19
Algorithm converged after  2  iterations.
[1] 8.799709e-24 4.588509e-26
Algorithm converged after  2  iterations.
[1] 4.972760e-26 2.054829e-29
Algorithm converged after  2  iterations.
[1] 7.942792e-19 1.259647e-23
Algorithm converged after  2  iterations.
[1] 8.799709e-24 4.972760e-26
Algorithm converged after  2  iterations.
[1] 8.799709e-24 7.942792e-19
Algorithm converged after  2  iterations.
[1] 4.972760e-26 7.942792e-19
Algorithm converged after  2  iterations.
[1] 8.799709e-24 4.588509e-26 4.972760e-26
Algorithm converged after  2  iterations.
[1] 8.799709e-24 4.588509e-26 7.942792e-19
Algorithm converged after  2  iterations.
[1] 8.799709e-24 4.972760e-26 2.054829e-29
Algorithm converged after  2  iterations.
[1] 8.799709e-24 7.942792e-19 1.259647e-23
Algorithm converged after  2  iterations.
[1] 4.972760e-26 2.054829e-29 7.942792e-19
Algorithm converged after  2  iterations.
[1] 4.972760e-26 7.942792e-19 1.259647e-23
Algorithm converged after  2  iterations.
[1] 8.799709e-24 4.972760e-26 7.942792e-19
Algorithm converged after  2  iterations.
[1] 8.799709e-24 4.588509e-26 4.972760e-26 2.054829e-29
Algorithm converged after  2  iterations.
[1] 8.799709e-24 4.588509e-26 7.942792e-19 1.259647e-23
Algorithm converged after  2  iterations.
[1] 4.972760e-26 2.054829e-29 7.942792e-19 1.259647e-23
Algorithm converged after  2  iterations.
[1] 8.799709e-24 4.588509e-26 4.972760e-26 7.942792e-19
Algorithm converged after  2  iterations.
[1] 8.799709e-24 4.972760e-26 2.054829e-29 7.942792e-19
Algorithm converged after  2  iterations.
[1] 8.799709e-24 4.972760e-26 7.942792e-19 1.259647e-23
Algorithm converged after  2  iterations.
[1] 3.427689e-31
Algorithm converged after  2  iterations.
[1] 3.427689e-31 8.097279e-24
Algorithm converged after  6  iterations.
[1] 3.427689e-31 6.452574e-24
Algorithm converged after  6  iterations.
[1] 3.427689e-31 8.512117e-19
Algorithm converged after  8  iterations.
[1] 3.427689e-31 8.097279e-24 4.122529e-26
[1] 2.698367e-17 3.869535e-26 1.311287e-31
[1] 2.692128e-17 3.869497e-26 5.073219e-48
[1] 3.091884e-17 3.870610e-26 1.307030e-31
[1] 3.298338e-17 3.871190e-26 1.305948e-31
[1] 3.284069e-17 3.871140e-26 1.192740e-57
[1] 2.703581e-17 3.869560e-26 4.905912e-59
Algorithm converged after  69  iterations.
[1] 3.427689e-31 6.452574e-24 5.522788e-26
Algorithm converged after  7  iterations.
[1] 3.427689e-31 8.512117e-19 1.206668e-23
Algorithm converged after  6  iterations.
[1] 3.427689e-31 8.097279e-24 6.452574e-24
[1] 9.496232e-22 1.127135e-23 1.543767e-24
[1] 2.387779e-21 1.177545e-23 1.599886e-24
Algorithm converged after  28  iterations.
[1] 3.427689e-31 8.097279e-24 8.512117e-19
Algorithm converged after  8  iterations.
[1] 3.427689e-31 6.452574e-24 8.512117e-19
Algorithm converged after  9  iterations.
[1] 3.427689e-31 8.097279e-24 4.122529e-26 6.452574e-24
[1] 2.506946e-17 3.859113e-26 3.345070e-35 4.958244e-26
Algorithm converged after  19  iterations.
[1] 3.427689e-31 8.097279e-24 4.122529e-26 8.512117e-19
[1] 7.786680e-29 1.001796e-23 4.580621e-26 2.925488e-18
Algorithm converged after  14  iterations.
[1] 3.427689e-31 8.097279e-24 6.452574e-24 5.522788e-26
[1] 2.746844e-17 3.869944e-26 4.979993e-26 2.485075e-33
[1] 1.931341e-17 3.866849e-26 4.978252e-26 3.314893e-29
Algorithm converged after  23  iterations.
[1] 3.427689e-31 8.097279e-24 8.512117e-19 1.206668e-23
[1] 7.550503e-27 1.517882e-23 1.498656e-18 1.293552e-23
Algorithm converged after  11  iterations.
[1] 3.427689e-31 6.452574e-24 5.522788e-26 8.512117e-19
Algorithm converged after  10  iterations.
[1] 3.427689e-31 6.452574e-24 8.512117e-19 1.206668e-23
Algorithm converged after  7  iterations.
[1] 3.427689e-31 8.097279e-24 6.452574e-24 8.512117e-19
Algorithm converged after  10  iterations.
[1] 3.427689e-31 2.797844e-29
Algorithm converged after  2  iterations.
[1] 3.427689e-31 2.797844e-29 8.503321e-24
[1] 3.471476e-18 2.950511e-28 1.784705e-23
Algorithm converged after  12  iterations.
[1] 3.427689e-31 2.797844e-29 4.358410e-26
Algorithm converged after  10  iterations.
[1] 3.427689e-31 2.797844e-29 7.655512e-19
[1] 7.305215e-20 8.426853e-28 5.970911e-18
Algorithm converged after  11  iterations.
[1] 3.427689e-31 2.797844e-29 8.503321e-24 4.108130e-26
[1] 2.053992e-26 8.800971e-29 1.058900e-23 4.429076e-26
[1] 2.054034e-26 8.800956e-29 1.058811e-23 4.429069e-26
Algorithm converged after  22  iterations.
[1] 3.427689e-31 2.797844e-29 4.358410e-26 1.866279e-29
[1] 2.958313e-17 3.999148e-41 4.865164e-26 1.813811e-29
[1] 2.953594e-17 1.322661e-27 5.019847e-26 2.204078e-29
[1] 2.972718e-17 1.401570e-27 5.004023e-26 2.156524e-29
Algorithm converged after  34  iterations.
[1] 3.427689e-31 2.797844e-29 7.655512e-19 1.214990e-23
Algorithm converged after  9  iterations.
[1] 3.427689e-31 2.797844e-29 8.503321e-24 4.358410e-26
[1] 8.848327e-20 3.212796e-28 1.929640e-23 9.943107e-24
[1] 1.133251e-19 3.130347e-28 1.950138e-23 9.901505e-24
[1] 1.274789e-19 3.201061e-28 1.931226e-23 9.992522e-24
[1] 1.579694e-19 3.356515e-28 1.864700e-23 9.060077e-24
Algorithm converged after  46  iterations.
[1] 3.427689e-31 2.797844e-29 8.503321e-24 7.655512e-19
[1] 7.992942e-24 1.251613e-26 2.378034e-23 5.770988e-18
Algorithm converged after  19  iterations.
[1] 3.427689e-31 2.797844e-29 4.358410e-26 7.655512e-19
[1] 3.126631e-20 1.170601e-25 2.695202e-23 3.262964e-18
Algorithm converged after  12  iterations.
numeric(0)
Algorithm converged after  1  iterations.
[1] 1.045615e-23
Algorithm converged after  2  iterations.
[1] 2.169486e-24
Algorithm converged after  2  iterations.
[1] 3.94945e-19
Algorithm converged after  2  iterations.
[1] 1.045615e-23 5.317095e-27
Algorithm converged after  2  iterations.
[1] 2.169486e-24 9.871725e-26
Algorithm converged after  2  iterations.
[1] 3.949450e-19 7.921409e-24
Algorithm converged after  2  iterations.
[1] 1.045615e-23 2.169486e-24
Algorithm converged after  2  iterations.
[1] 1.045615e-23 3.949450e-19
Algorithm converged after  2  iterations.
[1] 2.169486e-24 3.949450e-19
Algorithm converged after  2  iterations.
[1] 1.045615e-23 5.317095e-27 2.169486e-24
Algorithm converged after  2  iterations.
[1] 1.045615e-23 5.317095e-27 3.949450e-19
Algorithm converged after  2  iterations.
[1] 1.045615e-23 2.169486e-24 9.871725e-26
Algorithm converged after  2  iterations.
[1] 1.045615e-23 3.949450e-19 7.921409e-24
Algorithm converged after  2  iterations.
[1] 2.169486e-24 9.871725e-26 3.949450e-19
Algorithm converged after  2  iterations.
[1] 2.169486e-24 3.949450e-19 7.921409e-24
Algorithm converged after  2  iterations.
[1] 1.045615e-23 2.169486e-24 3.949450e-19
Algorithm converged after  2  iterations.
[1] 1.045615e-23 5.317095e-27 2.169486e-24 9.871725e-26
Algorithm converged after  2  iterations.
[1] 1.045615e-23 5.317095e-27 3.949450e-19 7.921409e-24
Algorithm converged after  2  iterations.
[1] 2.169486e-24 9.871725e-26 3.949450e-19 7.921409e-24
Algorithm converged after  2  iterations.
[1] 1.045615e-23 5.317095e-27 2.169486e-24 3.949450e-19
Algorithm converged after  2  iterations.
[1] 1.045615e-23 2.169486e-24 9.871725e-26 3.949450e-19
Algorithm converged after  2  iterations.
[1] 1.045615e-23 2.169486e-24 3.949450e-19 7.921409e-24
Algorithm converged after  2  iterations.
[1] 1.128482e-17
Algorithm converged after  2  iterations.
[1] 1.128482e-17 1.602622e-24
Algorithm converged after  6  iterations.
[1] 1.128482e-17 3.725322e-24
Algorithm converged after  6  iterations.
[1] 1.128482e-17 1.653638e-22
[1] 7.494138e-17 2.440484e-22
Algorithm converged after  11  iterations.
[1] 1.128482e-17 1.602622e-24 7.064680e-35
Algorithm converged after  6  iterations.
[1] 1.128482e-17 3.725322e-24 1.006320e-35
[1] 1.823577e-17 3.887292e-24 1.857128e-33
[1] 1.814139e-17 3.887226e-24 1.847648e-33
[1] 1.611763e-17 3.844077e-24 1.981119e-33
Algorithm converged after  36  iterations.
[1] 1.128482e-17 1.653638e-22 2.320347e-30
[1] 9.766101e-17 2.644117e-22 3.286359e-30
Algorithm converged after  12  iterations.
[1] 1.128482e-17 1.602622e-24 3.725322e-24
Algorithm converged after  7  iterations.
[1] 1.128482e-17 1.602622e-24 1.653638e-22
[1] 1.082510e-16 2.198788e-24 2.733934e-22
Algorithm converged after  12  iterations.
[1] 1.128482e-17 3.725322e-24 1.653638e-22
[1] 9.770336e-17 5.012344e-24 2.645665e-22
Algorithm converged after  11  iterations.
[1] 1.128482e-17 1.602622e-24 7.064680e-35 3.725322e-24
Algorithm converged after  8  iterations.
[1] 1.128482e-17 1.602622e-24 7.064680e-35 1.653638e-22
[1] 1.065921e-16 2.191404e-24 7.115454e-35 2.720637e-22
[1] 1.070748e-16 2.193516e-24 6.944959e-35 2.724597e-22
[1] 1.065406e-16 2.191020e-24 6.013731e-35 2.720016e-22
Algorithm converged after  39  iterations.
[1] 1.128482e-17 1.602622e-24 3.725322e-24 1.006320e-35
[1] 2.535627e-17 1.733865e-24 4.031532e-24 2.134735e-33
[1] 3.162538e-17 1.781129e-24 4.142029e-24 1.286691e-36
[1] 3.180586e-17 1.782554e-24 4.145047e-24 9.839628e-33
[1] 2.562836e-17 1.736786e-24 4.037104e-24 8.554220e-36
[1] 3.110785e-17 1.778447e-24 4.134325e-24 9.855234e-33
Algorithm converged after  60  iterations.
[1] 1.128482e-17 1.602622e-24 1.653638e-22 2.320347e-30
[1] 1.056281e-16 2.187521e-24 2.712809e-22 2.872236e-30
[1] 1.091365e-16 2.203172e-24 2.742179e-22 2.893238e-30
[1] 1.252413e-16 2.271076e-24 2.870263e-22 5.510266e-35
[1] 1.130023e-16 2.220077e-24 2.774330e-22 8.294660e-42
[1] 1.156507e-16 2.232007e-24 2.796751e-22 2.740125e-33
[1] 1.024307e-16 2.173539e-24 2.687464e-22 2.923083e-29
[1] 1.128522e-16 2.219768e-24 2.774265e-22 1.005517e-34
[1] 1.080437e-16 2.198808e-24 2.735058e-22 2.761142e-33
[1] 1.224571e-16 2.261096e-24 2.852232e-22 2.745327e-33
[1] 1.229794e-16 2.263273e-24 2.856439e-22 1.076287e-34
[1] 1.016922e-16 2.170606e-24 2.682716e-22 2.754712e-33
[1] 1.248490e-16 2.271362e-24 2.871923e-22 3.124092e-29
[1] 1.057445e-16 2.188755e-24 2.716851e-22 9.049269e-49
[1] 1.208893e-16 2.254733e-24 2.840740e-22 1.053589e-34
[1] 1.111977e-16 2.212631e-24 2.761900e-22 1.028049e-34
[1] 1.051561e-16 2.186314e-24 2.712774e-22 2.867760e-30
[1] 1.146888e-16 2.228652e-24 2.792199e-22 2.944734e-30
[1] 1.051270e-16 2.186306e-24 2.713032e-22 2.870627e-30
[1] 1.240239e-16 2.268394e-24 2.867452e-22 3.118146e-29
[1] 1.130532e-16 2.221454e-24 2.779308e-22 8.068755e-42
[1] 1.070274e-16 2.194975e-24 2.729708e-22 2.766394e-33
[1] 1.122884e-16 2.218552e-24 2.774028e-22 1.800477e-52
[1] 1.230250e-16 2.264342e-24 2.860671e-22 6.384102e-49
[1] 1.012203e-16 2.169338e-24 2.682546e-22 8.465333e-42
[1] 1.240580e-16 2.268852e-24 2.869658e-22 2.977983e-30
[1] 1.177973e-16 2.241943e-24 2.819466e-22 5.076068e-35
[1] 1.068580e-16 2.194742e-24 2.730832e-22 2.959842e-29
[1] 1.216746e-16 2.259172e-24 2.852113e-22 2.729833e-33
[1] 1.266282e-16 2.279954e-24 2.891616e-22 2.994256e-30
[1] 1.088576e-16 2.203808e-24 2.748223e-22 9.809033e-35
[1] 1.047339e-16 2.185515e-24 2.714021e-22 2.234930e-52
[1] 1.056750e-16 2.189746e-24 2.722142e-22 2.872264e-30
[1] 1.056012e-16 2.189522e-24 2.721821e-22 4.009177e-53
[1] 1.065412e-16 2.193690e-24 2.729803e-22 2.877658e-30
[1] 1.217143e-16 2.259313e-24 2.853555e-22 2.778862e-33
[1] 1.128909e-16 2.222238e-24 2.783732e-22 2.729757e-33
[1] 1.146869e-16 2.229999e-24 2.798879e-22 2.078330e-28
[1] 1.083325e-16 2.201927e-24 2.746408e-22 2.776496e-33
[1] 1.080945e-16 2.200975e-24 2.744803e-22 2.966542e-29
[1] 1.215688e-16 2.258895e-24 2.854223e-22 3.896226e-43
[1] 1.214862e-16 2.259358e-24 2.855136e-22 2.958496e-30
[1] 1.046208e-16 2.185967e-24 2.717203e-22 4.033218e-61
[1] 1.106545e-16 2.213396e-24 2.769355e-22 2.935888e-30
[1] 1.021698e-16 2.175214e-24 2.697806e-22 2.863884e-30
[1] 1.259405e-16 2.278524e-24 2.892638e-22 6.517644e-35
[1] 1.080674e-16 2.201714e-24 2.747984e-22 2.895969e-30
[1] 1.049895e-16 2.188143e-24 2.722607e-22 2.948657e-29
[1] 1.007138e-16 2.168960e-24 2.686800e-22 2.029716e-28
[1] 1.249829e-16 2.274268e-24 2.885485e-22 6.010672e-35
Algorithm did not converge after  500  iterations.
[1] 1.128482e-17 3.725322e-24 1.006320e-35 1.653638e-22
[1] 9.760659e-17 5.011374e-24 1.598274e-36 2.644320e-22
Algorithm converged after  12  iterations.
[1] 1.128482e-17 3.725322e-24 1.653638e-22 2.320347e-30
[1] 1.207839e-16 5.251560e-24 2.836447e-22 3.317112e-30
Algorithm converged after  17  iterations.
[1] 1.128482e-17 1.602622e-24 3.725322e-24 1.653638e-22
[1] 1.380681e-16 2.324165e-24 5.421356e-24 2.971628e-22
Algorithm converged after  12  iterations.
[1] 1.128482e-17 4.603822e-20
Algorithm converged after  2  iterations.
[1] 1.128482e-17 4.603822e-20 4.346846e-31
[1] 3.138001e-20 1.342110e-26 8.892023e-25
[1] 3.112250e-20 8.837050e-27 7.042104e-25
[1] 3.118245e-20 1.295766e-26 1.288790e-24
[1] 3.123220e-20 1.439577e-26 9.806150e-25
Algorithm converged after  42  iterations.
[1] 1.128482e-17 4.603822e-20 7.930988e-34
[1] 4.135305e-17 3.192738e-20 1.103361e-32
Algorithm converged after  19  iterations.
[1] 1.128482e-17 4.603822e-20 2.510113e-28
Algorithm converged after  10  iterations.
[1] 1.128482e-17 4.603822e-20 4.346846e-31 9.000513e-35
[1] 3.172111e-20 2.203300e-26 2.600672e-24 2.547424e-33
[1] 3.138192e-20 1.788622e-26 9.068179e-25 8.971586e-32
[1] 3.160542e-20 2.069529e-26 2.389960e-24 3.856110e-31
[1] 3.129613e-20 9.779968e-27 7.214143e-25 1.573759e-33
[1] 3.181373e-20 9.691360e-27 2.719068e-24 2.965450e-38
[1] 3.151221e-20 1.058745e-26 8.215593e-25 1.525553e-38
[1] 3.187022e-20 7.578649e-27 8.534382e-25 6.184579e-34
[1] 3.136270e-20 8.987987e-27 7.702480e-25 9.542088e-59
[1] 3.189440e-20 1.623799e-26 2.385178e-24 3.072281e-33
[1] 3.094752e-20 8.854395e-27 1.508668e-24 3.484770e-31
[1] 3.172188e-20 9.257678e-27 2.036464e-24 1.979174e-34
[1] 3.231185e-20 5.247229e-27 6.960770e-25 9.939662e-34
[1] 3.144870e-20 1.484999e-26 2.148125e-24 1.928507e-34
[1] 3.021560e-20 4.620966e-27 1.643355e-24 2.420377e-34
[1] 3.145217e-20 9.957185e-27 7.404364e-25 1.753301e-33
[1] 3.104971e-20 9.014383e-27 1.524239e-24 3.479651e-31
[1] 3.162259e-20 1.703400e-26 8.279612e-25 1.261452e-33
[1] 3.285272e-20 8.399413e-27 7.718145e-25 7.522320e-32
[1] 3.184630e-20 8.319143e-27 2.694626e-24 2.432015e-47
[1] 3.189897e-20 9.159424e-27 2.739873e-24 9.027066e-38
[1] 3.182036e-20 1.193831e-26 2.623083e-24 4.101112e-31
[1] 3.325229e-20 9.389517e-27 8.430127e-25 2.120490e-64
[1] 3.157480e-20 9.094532e-27 7.774503e-25 1.052177e-33
[1] 3.005207e-20 7.295374e-27 2.426763e-24 3.381299e-31
[1] 3.174877e-20 1.465093e-26 1.843981e-24 3.104052e-31
[1] 3.072536e-20 8.190446e-27 6.918852e-25 1.646406e-33
[1] 3.174691e-20 1.481901e-26 1.827433e-24 3.059561e-31
[1] 2.994773e-20 1.059524e-26 2.662806e-24 3.683669e-31
[1] 3.207332e-20 1.802331e-28 9.473169e-25 3.025614e-31
[1] 3.181313e-20 8.706965e-27 2.147054e-24 2.060763e-34
[1] 3.279719e-20 1.215701e-26 2.810442e-24 3.501363e-31
[1] 3.058653e-20 2.189144e-26 8.445096e-25 2.708730e-54
[1] 3.185982e-20 1.558526e-26 2.244491e-24 3.465845e-34
[1] 3.151612e-20 8.044523e-27 7.145233e-25 7.222317e-34
[1] 3.223262e-20 7.204964e-27 1.798868e-24 9.919917e-34
[1] 3.143226e-20 1.381568e-26 1.207258e-24 2.165801e-31
[1] 3.192148e-20 1.769352e-26 2.496049e-24 3.885697e-31
[1] 3.033043e-20 9.835118e-27 2.800101e-24 4.068122e-31
[1] 3.247791e-20 3.452078e-25 1.848884e-24 3.314444e-36
[1] 3.181719e-20 6.545870e-27 2.603293e-24 4.172984e-57
[1] 3.190503e-20 1.647067e-26 2.323702e-24 3.762916e-31
[1] 3.040957e-20 7.853516e-27 2.709978e-24 4.106161e-31
[1] 3.022345e-20 9.585155e-27 2.759095e-24 3.930821e-31
[1] 3.183968e-20 1.912293e-26 1.087675e-24 1.452843e-31
[1] 3.153594e-20 3.794901e-43 8.605929e-25 1.886148e-53
[1] 3.162718e-20 8.457088e-27 7.343859e-25 1.753588e-33
[1] 3.192140e-20 1.705967e-26 2.410854e-24 3.175193e-33
[1] 3.128242e-20 2.374898e-28 1.078145e-24 3.639189e-31
[1] 3.014961e-20 9.557258e-27 2.714862e-24 3.827023e-31
Algorithm did not converge after  500  iterations.
[1] 1.128482e-17 4.603822e-20 7.930988e-34 3.872964e-35
[1] 3.344954e-20 1.970702e-52 1.047434e-23 4.497749e-34
[1] 3.368251e-20 9.496144e-26 1.001668e-23 1.551034e-34
[1] 3.376991e-20 2.592781e-27 1.047807e-23 9.496358e-49
[1] 3.352196e-20 4.421989e-27 1.046662e-23 1.096010e-32
[1] 3.382165e-20 2.366966e-27 1.051092e-23 5.081470e-34
[1] 3.299690e-20 4.186308e-32 1.052064e-23 1.039669e-33
[1] 3.122804e-20 1.387539e-41 9.496556e-24 1.551031e-32
[1] 3.378338e-20 4.425368e-31 9.838807e-24 3.329381e-33
[1] 3.424795e-20 4.578679e-27 1.059480e-23 1.011414e-32
[1] 3.407951e-20 3.757245e-45 9.906477e-24 4.313456e-34
[1] 3.291446e-20 1.979615e-27 9.846265e-24 4.622424e-34
[1] 3.244043e-20 8.917718e-31 9.605944e-24 4.029953e-34
[1] 3.336531e-20 1.819633e-27 9.965085e-24 1.155372e-32
[1] 3.361015e-20 7.613407e-29 9.922319e-24 1.160883e-33
[1] 3.005366e-20 2.689577e-33 9.134367e-24 1.145092e-51
[1] 3.131990e-20 2.108552e-27 9.578173e-24 7.096634e-33
[1] 3.114430e-20 1.025535e-33 9.459681e-24 1.238333e-33
[1] 3.434048e-20 3.003780e-27 1.043097e-23 1.142097e-32
[1] 3.337774e-20 2.124780e-61 9.689441e-24 4.231857e-34
[1] 3.405764e-20 2.155436e-28 1.072158e-23 4.355168e-34
[1] 3.385701e-20 2.093752e-28 1.069393e-23 4.359105e-34
[1] 3.385349e-20 2.091055e-28 1.069329e-23 4.359318e-34
[1] 3.385293e-20 2.090692e-28 1.069319e-23 4.359346e-34
[1] 3.385286e-20 2.090634e-28 1.069317e-23 4.359350e-34
Algorithm converged after  242  iterations.
[1] 1.128482e-17 4.603822e-20 2.510113e-28 7.678029e-30
Algorithm converged after  9  iterations.
[1] 1.128482e-17 4.603822e-20 4.346846e-31 7.930988e-34
[1] 1.213676e-17 4.643932e-20 4.350104e-31 7.882719e-34
[1] 1.215061e-17 4.643036e-20 4.350335e-31 7.862115e-34
[1] 1.215657e-17 4.642650e-20 4.350501e-31 7.852474e-34
[1] 1.215971e-17 4.642441e-20 4.350644e-31 7.847952e-34
[1] 1.216129e-17 4.642329e-20 4.350775e-31 7.845809e-34
[1] 1.216215e-17 4.642260e-20 4.350901e-31 7.844766e-34
[1] 1.216268e-17 4.642211e-20 4.351024e-31 7.844230e-34
[1] 1.216307e-17 4.642171e-20 4.351146e-31 7.843927e-34
[1] 1.216338e-17 4.642134e-20 4.351267e-31 7.843732e-34
[1] 1.216429e-17 4.642057e-20 4.351394e-31 7.843599e-34
[1] 1.216422e-17 4.642046e-20 4.351512e-31 7.843509e-34
[1] 1.216431e-17 4.642024e-20 4.351631e-31 7.843392e-34
[1] 1.216448e-17 4.641995e-20 4.351751e-31 7.843273e-34
[1] 1.216470e-17 4.641964e-20 4.351872e-31 7.843158e-34
[1] 1.216495e-17 4.641931e-20 4.351993e-31 7.843048e-34
[1] 1.216548e-17 4.641879e-20 4.352116e-31 7.842964e-34
[1] 1.216550e-17 4.641862e-20 4.352235e-31 7.842854e-34
[1] 1.216569e-17 4.641833e-20 4.352355e-31 7.842772e-34
[1] 1.216596e-17 4.641798e-20 4.352477e-31 7.842649e-34
[1] 1.216624e-17 4.641763e-20 4.352598e-31 7.842538e-34
[1] 1.216653e-17 4.641726e-20 4.352719e-31 7.842434e-34
[1] 1.216685e-17 4.641688e-20 4.352841e-31 7.842334e-34
[1] 1.216722e-17 4.641648e-20 4.352963e-31 7.842240e-34
[1] 1.216764e-17 4.641603e-20 4.353085e-31 7.842152e-34
[1] 1.216812e-17 4.641555e-20 4.353209e-31 7.842071e-34
[1] 1.216770e-17 4.641567e-20 4.353323e-31 7.841970e-34
[1] 1.216797e-17 4.641531e-20 4.353445e-31 7.841837e-34
[1] 1.216824e-17 4.641497e-20 4.353566e-31 7.841720e-34
[1] 1.216849e-17 4.641463e-20 4.353687e-31 7.841611e-34
[1] 1.216875e-17 4.641429e-20 4.353808e-31 7.841506e-34
[1] 1.216901e-17 4.641396e-20 4.353929e-31 7.841402e-34
[1] 1.216927e-17 4.641362e-20 4.354050e-31 7.841299e-34
[1] 1.216953e-17 4.641328e-20 4.354171e-31 7.841196e-34
[1] 1.216979e-17 4.641294e-20 4.354293e-31 7.841094e-34
[1] 1.217006e-17 4.641260e-20 4.354414e-31 7.840992e-34
[1] 1.217033e-17 4.641225e-20 4.354535e-31 7.840891e-34
[1] 1.217060e-17 4.641190e-20 4.354656e-31 7.840790e-34
[1] 1.217088e-17 4.641155e-20 4.354778e-31 7.840689e-34
[1] 1.217116e-17 4.641120e-20 4.354899e-31 7.840589e-34
[1] 1.217145e-17 4.641084e-20 4.355021e-31 7.840490e-34
[1] 1.217174e-17 4.641048e-20 4.355142e-31 7.840391e-34
[1] 1.217204e-17 4.641012e-20 4.355264e-31 7.840293e-34
[1] 1.217235e-17 4.640975e-20 4.355386e-31 7.840196e-34
[1] 1.217266e-17 4.640938e-20 4.355507e-31 7.840099e-34
[1] 1.217297e-17 4.640901e-20 4.355629e-31 7.840003e-34
[1] 1.217329e-17 4.640863e-20 4.355751e-31 7.839909e-34
[1] 1.217362e-17 4.640825e-20 4.355873e-31 7.839814e-34
[1] 1.217394e-17 4.640787e-20 4.355995e-31 7.839721e-34
[1] 1.217427e-17 4.640748e-20 4.356117e-31 7.839628e-34
Algorithm did not converge after  500  iterations.
[1] 1.128482e-17 4.603822e-20 4.346846e-31 2.510113e-28
[1] 3.437974e-20 9.033482e-29 9.836509e-25 2.377291e-18
[1] 3.462254e-20 1.217342e-31 1.381146e-24 2.267404e-18
[1] 3.443694e-20 3.053031e-32 1.391453e-24 2.377509e-18
[1] 3.462186e-20 1.225833e-31 1.381654e-24 2.264860e-18
[1] 3.453368e-20 1.212516e-31 1.371862e-24 2.266334e-18
[1] 3.462413e-20 1.217011e-31 1.381151e-24 2.266496e-18
[1] 3.453431e-20 9.898189e-29 9.741431e-25 2.405359e-18
[1] 3.452335e-20 5.117205e-30 1.147447e-24 2.187019e-18
[1] 3.453449e-20 9.897211e-29 9.741606e-25 2.405036e-18
[1] 3.435421e-20 8.426395e-32 1.355802e-24 2.361101e-18
[1] 3.453415e-20 3.897753e-30 1.008656e-24 2.376482e-18
[1] 3.438227e-20 4.092929e-30 9.910123e-25 2.356559e-18
[1] 3.451657e-20 5.263899e-30 1.159600e-24 2.181416e-18
[1] 3.465376e-20 1.275296e-31 1.380888e-24 2.265385e-18
[1] 3.451736e-20 9.924927e-29 9.729582e-25 2.404345e-18
[1] 3.452449e-20 8.536270e-32 1.367683e-24 2.379600e-18
[1] 3.452489e-20 3.969154e-30 1.003451e-24 2.372715e-18
[1] 3.452600e-20 8.675523e-32 1.369566e-24 2.371310e-18
[1] 3.443861e-20 3.880559e-33 1.265956e-24 2.352475e-18
[1] 3.453611e-20 8.907298e-32 1.359699e-24 2.386119e-18
[1] 3.453755e-20 7.439944e-31 1.039205e-24 2.192980e-18
[1] 3.457965e-20 1.169982e-31 1.380579e-24 2.265407e-18
[1] 3.437038e-20 8.287953e-32 1.356459e-24 2.358060e-18
Algorithm converged after  238  iterations.
[1] 1.128482e-17 4.603822e-20 7.930988e-34 2.510113e-28
Algorithm converged after  6  iterations.
numeric(0)
Algorithm converged after  1  iterations.
[1] 2.620631e-31
Algorithm converged after  2  iterations.
[1] 3.235385e-24
Algorithm converged after  2  iterations.
[1] 3.603955e-19
Algorithm converged after  2  iterations.
[1] 2.620631e-31 1.879293e-36
Algorithm converged after  2  iterations.
[1] 3.235385e-24 1.241412e-25
Algorithm converged after  2  iterations.
[1] 3.603955e-19 7.193098e-24
Algorithm converged after  2  iterations.
[1] 2.620631e-31 3.235385e-24
Algorithm converged after  2  iterations.
[1] 2.620631e-31 3.603955e-19
Algorithm converged after  2  iterations.
[1] 3.235385e-24 3.603955e-19
Algorithm converged after  2  iterations.
[1] 2.620631e-31 1.879293e-36 3.235385e-24
Algorithm converged after  2  iterations.
[1] 2.620631e-31 1.879293e-36 3.603955e-19
Algorithm converged after  2  iterations.
[1] 2.620631e-31 3.235385e-24 1.241412e-25
Algorithm converged after  2  iterations.
[1] 2.620631e-31 3.603955e-19 7.193098e-24
Algorithm converged after  2  iterations.
[1] 3.235385e-24 1.241412e-25 3.603955e-19
Algorithm converged after  2  iterations.
[1] 3.235385e-24 3.603955e-19 7.193098e-24
Algorithm converged after  2  iterations.
[1] 2.620631e-31 3.235385e-24 3.603955e-19
Algorithm converged after  2  iterations.
[1] 2.620631e-31 1.879293e-36 3.235385e-24 1.241412e-25
Algorithm converged after  2  iterations.
[1] 2.620631e-31 1.879293e-36 3.603955e-19 7.193098e-24
Algorithm converged after  2  iterations.
[1] 3.235385e-24 1.241412e-25 3.603955e-19 7.193098e-24
Algorithm converged after  2  iterations.
[1] 2.620631e-31 1.879293e-36 3.235385e-24 3.603955e-19
Algorithm converged after  2  iterations.
[1] 2.620631e-31 3.235385e-24 1.241412e-25 3.603955e-19
Algorithm converged after  2  iterations.
[1] 2.620631e-31 3.235385e-24 3.603955e-19 7.193098e-24
Algorithm converged after  2  iterations.
[1] 1.300831e-17
Algorithm converged after  2  iterations.
[1] 1.300831e-17 2.533353e-26
Algorithm converged after  5  iterations.
[1] 1.300831e-17 8.079487e-26
Algorithm converged after  5  iterations.
[1] 1.300831e-17 4.713961e-21
[1] 6.987316e-17 8.080503e-21
Algorithm converged after  11  iterations.
[1] 1.300831e-17 2.533353e-26 9.786516e-35
[1] 2.245636e-17 2.571424e-26 5.452727e-35
[1] 2.005319e-17 2.563096e-26 3.359616e-31
[1] 2.019038e-17 2.563921e-26 3.361984e-31
[1] 1.729095e-17 2.552946e-26 1.006698e-34
[1] 2.243375e-17 2.572447e-26 5.455768e-35
[1] 1.592066e-17 2.548052e-26 1.378992e-40
[1] 2.009963e-17 2.565043e-26 5.693077e-35
[1] 1.572881e-17 2.548169e-26 4.778442e-48
[1] 1.729595e-17 2.554514e-26 5.037579e-35
[1] 2.257083e-17 2.574478e-26 5.425107e-35
[1] 2.030411e-17 2.566765e-26 9.950228e-35
[1] 1.671319e-17 2.552870e-26 3.390676e-31
[1] 2.007063e-17 2.566397e-26 1.046100e-34
[1] 2.240131e-17 2.574966e-26 5.430666e-35
[1] 2.250414e-17 2.575512e-26 5.433113e-35
[1] 1.697732e-17 2.555175e-26 3.373352e-31
[1] 1.580613e-17 2.550980e-26 3.372327e-31
[1] 2.240147e-17 2.576233e-26 5.441710e-35
[1] 2.234279e-17 2.576414e-26 5.452005e-35
[1] 1.566186e-17 2.551303e-26 5.650650e-35
[1] 1.567407e-17 2.551723e-26 1.512318e-40
[1] 1.582965e-17 2.552787e-26 1.024679e-45
[1] 2.053217e-17 2.571423e-26 3.373887e-31
[1] 1.582715e-17 2.553424e-26 4.527785e-48
[1] 2.245660e-17 2.578996e-26 5.408493e-35
[1] 1.699739e-17 2.558640e-26 4.823237e-35
[1] 2.025929e-17 2.571601e-26 3.360361e-31
[1] 2.053943e-17 2.572931e-26 3.374095e-31
[1] 1.811153e-17 2.563862e-26 1.012044e-34
[1] 1.577129e-17 2.554833e-26 1.889047e-48
[1] 2.005171e-17 2.571921e-26 3.360568e-31
[1] 2.280364e-17 2.582280e-26 3.376271e-31
[1] 2.005144e-17 2.572594e-26 3.360621e-31
[1] 1.580108e-17 2.556293e-26 3.374770e-31
[1] 1.577896e-17 2.556430e-26 1.023977e-45
[1] 1.450241e-17 2.551167e-26 4.074853e-40
[1] 2.791092e-17 2.602908e-26 3.887301e-31
[1] 2.021703e-17 2.578012e-26 1.022426e-34
[1] 2.004121e-17 2.577475e-26 3.361013e-31
[1] 2.249166e-17 2.587169e-26 5.288658e-35
[1] 1.760944e-17 2.568882e-26 1.019130e-34
[1] 2.238128e-17 2.587254e-26 5.361353e-35
[1] 2.251564e-17 2.587867e-26 5.360333e-35
[1] 2.251137e-17 2.587999e-26 5.360359e-35
[1] 2.251086e-17 2.588144e-26 5.359624e-35
[1] 2.251080e-17 2.588291e-26 5.358801e-35
[1] 2.251079e-17 2.588439e-26 5.357968e-35
[1] 2.251079e-17 2.588586e-26 5.357134e-35
[1] 2.251079e-17 2.588733e-26 5.356300e-35
Algorithm did not converge after  500  iterations.
[1] 1.300831e-17 8.079487e-26 5.412511e-32
Algorithm converged after  5  iterations.
[1] 1.300831e-17 4.713961e-21 3.605452e-31
[1] 6.286090e-17 7.729510e-21 4.297193e-31
[1] 6.120970e-17 7.644744e-21 4.515967e-31
[1] 6.119808e-17 7.650659e-21 4.597181e-31
[1] 6.353285e-17 7.770619e-21 4.529205e-31
[1] 6.386930e-17 7.797504e-21 1.991019e-30
[1] 6.319073e-17 7.765038e-21 4.790873e-66
[1] 6.448366e-17 7.831867e-21 8.525857e-46
[1] 6.336859e-17 7.779317e-21 4.301773e-31
[1] 6.420921e-17 7.822556e-21 6.765230e-48
[1] 6.700784e-17 7.963933e-21 5.721663e-29
[1] 6.555996e-17 7.890762e-21 1.134575e-45
[1] 6.846345e-17 8.038597e-21 7.794199e-48
[1] 6.620827e-17 7.934720e-21 4.325816e-31
[1] 6.532258e-17 7.892450e-21 1.151362e-47
[1] 6.315988e-17 7.797670e-21 1.111787e-45
[1] 6.381278e-17 7.834351e-21 4.263278e-31
[1] 6.496858e-17 7.888197e-21 4.380785e-31
[1] 6.511769e-17 7.908076e-21 4.181085e-31
[1] 6.373323e-17 7.835419e-21 2.004068e-30
[1] 6.234396e-17 7.767709e-21 4.370974e-31
[1] 6.355140e-17 7.837632e-21 4.240890e-31
[1] 6.546446e-17 7.931166e-21 4.368530e-31
[1] 6.197042e-17 7.758628e-21 1.421638e-49
[1] 6.546823e-17 7.940791e-21 4.174850e-31
[1] 6.621651e-17 7.976886e-21 2.613237e-57
[1] 6.562687e-17 7.952433e-21 4.234447e-31
[1] 6.332533e-17 7.836775e-21 2.047208e-30
[1] 6.268333e-17 7.810768e-21 4.412028e-31
[1] 6.349703e-17 7.854408e-21 4.406165e-31
[1] 6.300186e-17 7.834402e-21 6.761825e-48
[1] 6.521473e-17 7.951528e-21 4.252146e-31
[1] 6.521340e-17 7.961140e-21 4.263332e-31
[1] 6.226019e-17 7.814539e-21 1.528946e-48
[1] 6.321642e-17 7.873392e-21 2.119814e-64
[1] 6.401112e-17 7.916159e-21 1.988332e-30
[1] 7.017750e-17 8.214357e-21 2.040310e-30
[1] 6.487776e-17 7.961266e-21 4.202651e-46
[1] 6.476182e-17 7.956528e-21 4.166378e-46
[1] 6.325262e-17 7.888732e-21 4.185167e-31
[1] 6.126910e-17 7.783519e-21 4.450338e-31
[1] 6.209723e-17 7.830719e-21 4.182834e-63
[1] 6.374689e-17 7.918949e-21 4.536460e-31
[1] 6.487238e-17 7.985131e-21 4.177597e-31
[1] 6.186809e-17 7.835064e-21 2.143990e-44
[1] 6.370843e-17 7.940865e-21 4.183969e-31
[1] 6.494097e-17 8.019771e-21 4.214687e-46
[1] 6.511336e-17 8.029283e-21 4.345547e-31
[1] 7.068840e-17 8.308167e-21 2.040342e-30
[1] 6.778771e-17 8.168821e-21 4.346612e-31
Algorithm did not converge after  500  iterations.
[1] 1.300831e-17 2.533353e-26 8.079487e-26
Algorithm converged after  6  iterations.
[1] 1.300831e-17 2.533353e-26 4.713961e-21
[1] 8.289892e-17 2.721375e-26 8.762826e-21
Algorithm converged after  12  iterations.
[1] 1.300831e-17 8.079487e-26 4.713961e-21
[1] 8.039790e-17 8.364409e-26 8.615986e-21
Algorithm converged after  12  iterations.
[1] 1.300831e-17 2.533353e-26 9.786516e-35 8.079487e-26
[1] 1.912233e-17 2.559519e-26 6.923754e-35 8.120578e-26
[1] 2.107512e-17 2.566981e-26 6.168920e-35 8.132447e-26
[1] 2.471203e-17 2.580100e-26 3.409132e-31 8.153062e-26
[1] 2.252597e-17 2.572485e-26 9.177566e-40 8.141393e-26
[1] 1.912000e-17 2.560664e-26 1.429372e-37 8.122456e-26
[1] 2.717962e-17 2.589080e-26 3.126550e-35 8.167263e-26
[1] 2.811752e-17 2.592433e-26 6.926004e-35 8.172468e-26
[1] 1.912602e-17 2.561555e-26 2.583568e-46 8.123888e-26
[1] 2.440450e-17 2.580761e-26 2.820990e-36 8.154148e-26
[1] 2.115916e-17 2.571793e-26 3.407103e-31 8.140395e-26
[1] 2.469030e-17 2.584440e-26 6.501691e-48 8.160182e-26
[1] 2.270081e-17 2.577812e-26 5.800369e-35 8.149763e-26
[1] 2.538048e-17 2.587398e-26 3.419108e-31 8.164766e-26
[1] 1.993397e-17 2.567965e-26 9.761116e-57 8.134501e-26
[1] 2.124002e-17 2.572840e-26 1.032058e-34 8.142256e-26
[1] 1.886476e-17 2.564356e-26 3.453352e-31 8.128757e-26
[1] 1.910183e-17 2.565560e-26 3.432406e-31 8.130590e-26
[1] 1.901958e-17 2.565483e-26 1.067037e-34 8.130487e-26
[1] 2.259393e-17 2.579185e-26 6.512870e-35 8.152084e-26
[1] 2.456373e-17 2.586262e-26 6.422171e-35 8.163220e-26
[1] 1.916915e-17 2.567064e-26 6.408901e-35 8.132984e-26
[1] 1.887368e-17 2.566048e-26 3.453394e-31 8.131544e-26
[1] 1.920215e-17 2.567652e-26 1.015377e-45 8.133940e-26
[1] 1.901800e-17 2.567041e-26 3.449585e-31 8.133098e-26
[1] 2.483718e-17 2.588387e-26 3.407872e-31 8.166573e-26
[1] 2.113559e-17 2.575553e-26 5.738953e-48 8.146475e-26
[1] 2.271645e-17 2.581734e-26 6.709519e-35 8.156113e-26
[1] 2.118079e-17 2.576311e-26 3.405281e-31 8.147714e-26
[1] 1.896501e-17 2.568097e-26 3.449020e-31 8.134824e-26
Algorithm converged after  294  iterations.
[1] 1.300831e-17 2.533353e-26 9.786516e-35 4.713961e-21
[1] 8.723876e-17 2.730898e-26 3.352953e-31 8.967771e-21
[1] 9.203361e-17 2.739415e-26 3.362356e-31 9.185023e-21
[1] 8.018037e-17 2.717251e-26 3.310005e-36 8.640479e-21
[1] 7.906452e-17 2.715137e-26 3.365022e-31 8.589292e-21
[1] 7.963073e-17 2.716050e-26 3.382622e-31 8.616717e-21
[1] 7.718347e-17 2.711436e-26 3.310445e-36 8.504064e-21
[1] 8.030570e-17 2.717614e-26 6.350908e-37 8.653814e-21
[1] 8.034449e-17 2.717699e-26 3.310156e-36 8.657963e-21
[1] 7.895108e-17 2.715036e-26 3.311577e-36 8.593818e-21
[1] 8.140321e-17 2.719605e-26 3.375551e-31 8.710319e-21
[1] 7.677923e-17 2.710647e-26 1.240386e-35 8.494633e-21
