myseed=8423 

Attaching package: ‘pls’

The following object is masked from ‘package:stats’:

    loadings

Loading required package: lattice
Loading required package: ggplot2
Registered S3 methods overwritten by 'ggplot2':
  method         from 
  [.quosures     rlang
  c.quosures     rlang
  print.quosures rlang

Attaching package: ‘caret’

The following object is masked from ‘package:pls’:

    R2

Loading required package: Matrix
Loading required package: foreach
Loaded glmnet 2.0-18

Parsed with column specification:
cols(
  .default = col_double()
)
See spec(...) for full column specifications.
Parsed with column specification:
cols(
  X1 = col_double()
)
Parsed with column specification:
cols(
  X1 = col_double()
)
numeric(0)
Algorithm converged after  1  iterations.
[1] 6.384711e-26
Algorithm converged after  2  iterations.
[1] 1.449699e-23
Algorithm converged after  2  iterations.
[1] 1.040061e-23
Algorithm converged after  2  iterations.
[1] 6.384711e-26 3.968382e-31
Algorithm converged after  2  iterations.
[1] 1.449699e-23 3.077455e-26
Algorithm converged after  2  iterations.
[1] 1.040061e-23 3.453580e-28
Algorithm converged after  2  iterations.
[1] 6.384711e-26 1.449699e-23
Algorithm converged after  2  iterations.
[1] 6.384711e-26 1.040061e-23
Algorithm converged after  2  iterations.
[1] 1.449699e-23 1.040061e-23
Algorithm converged after  2  iterations.
[1] 6.384711e-26 3.968382e-31 1.449699e-23
Algorithm converged after  2  iterations.
[1] 6.384711e-26 3.968382e-31 1.040061e-23
Algorithm converged after  2  iterations.
[1] 6.384711e-26 1.449699e-23 3.077455e-26
Algorithm converged after  2  iterations.
[1] 6.384711e-26 1.040061e-23 3.453580e-28
Algorithm converged after  2  iterations.
[1] 1.449699e-23 3.077455e-26 1.040061e-23
Algorithm converged after  2  iterations.
[1] 1.449699e-23 1.040061e-23 3.453580e-28
Algorithm converged after  2  iterations.
[1] 6.384711e-26 1.449699e-23 1.040061e-23
Algorithm converged after  2  iterations.
[1] 6.384711e-26 3.968382e-31 1.449699e-23 3.077455e-26
Algorithm converged after  2  iterations.
[1] 6.384711e-26 3.968382e-31 1.040061e-23 3.453580e-28
Algorithm converged after  2  iterations.
[1] 1.449699e-23 3.077455e-26 1.040061e-23 3.453580e-28
Algorithm converged after  2  iterations.
[1] 6.384711e-26 3.968382e-31 1.449699e-23 1.040061e-23
Algorithm converged after  2  iterations.
[1] 6.384711e-26 1.449699e-23 3.077455e-26 1.040061e-23
Algorithm converged after  2  iterations.
[1] 6.384711e-26 1.449699e-23 1.040061e-23 3.453580e-28
Algorithm converged after  2  iterations.
[1] 7.540973e-17
Algorithm converged after  2  iterations.
[1] 7.540973e-17 1.480624e-24
Algorithm converged after  6  iterations.
[1] 7.540973e-17 6.300173e-25
Algorithm converged after  6  iterations.
[1] 7.540973e-17 4.510855e-23
Algorithm converged after  9  iterations.
[1] 7.540973e-17 1.480624e-24 2.103902e-51
Algorithm converged after  7  iterations.
[1] 7.540973e-17 6.300173e-25 2.966910e-31
Algorithm converged after  6  iterations.
[1] 7.540973e-17 4.510855e-23 2.100570e-30
[1] 3.708762e-16 5.738581e-23 6.368535e-28
Algorithm converged after  11  iterations.
[1] 7.540973e-17 1.480624e-24 6.300173e-25
Algorithm converged after  7  iterations.
[1] 7.540973e-17 1.480624e-24 4.510855e-23
Algorithm converged after  9  iterations.
[1] 7.540973e-17 6.300173e-25 4.510855e-23
Algorithm converged after  9  iterations.
[1] 7.540973e-17 1.480624e-24 2.103902e-51 6.300173e-25
Algorithm converged after  8  iterations.
[1] 7.540973e-17 1.480624e-24 2.103902e-51 4.510855e-23
Algorithm converged after  10  iterations.
[1] 7.540973e-17 1.480624e-24 6.300173e-25 2.966910e-31
Algorithm converged after  7  iterations.
[1] 7.540973e-17 1.480624e-24 4.510855e-23 2.100570e-30
[1] 3.946025e-16 1.875192e-24 5.817554e-23 5.793635e-28
[1] 4.816377e-16 1.954286e-24 6.076379e-23 5.958313e-28
[1] 4.767176e-16 1.949352e-24 6.062222e-23 5.166215e-34
[1] 4.824613e-16 1.955714e-24 6.083893e-23 2.257484e-55
[1] 4.424676e-16 1.919528e-24 5.966630e-23 5.767629e-28
[1] 4.717333e-16 1.946937e-24 6.056653e-23 2.875340e-55
[1] 4.742303e-16 1.948459e-24 6.062927e-23 5.188958e-34
[1] 3.762545e-16 1.859372e-24 5.773540e-23 5.825178e-28
[1] 4.812851e-16 1.955283e-24 6.088256e-23 7.708106e-42
[1] 4.720642e-16 1.948343e-24 6.066461e-23 1.141841e-40
[1] 3.804400e-16 1.864053e-24 5.794363e-23 5.771958e-28
[1] 4.849685e-16 1.960278e-24 6.109963e-23 6.143794e-28
[1] 4.885091e-16 1.963979e-24 6.123903e-23 6.225587e-28
[1] 4.826324e-16 1.958943e-24 6.113138e-23 5.207349e-34
[1] 4.730057e-16 1.951224e-24 6.087770e-23 9.785666e-64
[1] 3.808408e-16 1.865501e-24 5.807743e-23 3.140518e-34
[1] 4.126152e-16 1.895398e-24 5.906123e-23 5.712020e-28
[1] 4.724093e-16 1.951333e-24 6.089544e-23 5.225690e-34
[1] 4.805578e-16 1.958917e-24 6.126749e-23 1.153157e-66
[1] 4.865387e-16 1.965412e-24 6.148842e-23 1.249338e-55
[1] 4.869451e-16 1.965937e-24 6.150923e-23 6.225133e-28
[1] 3.874932e-16 1.874546e-24 5.855529e-23 1.246214e-49
[1] 4.723622e-16 1.953331e-24 6.115552e-23 4.760067e-41
[1] 4.872660e-16 1.966723e-24 6.159711e-23 6.141469e-28
Algorithm converged after  246  iterations.
[1] 7.540973e-17 6.300173e-25 2.966910e-31 4.510855e-23
Algorithm converged after  9  iterations.
[1] 7.540973e-17 6.300173e-25 4.510855e-23 2.100570e-30
Algorithm converged after  10  iterations.
[1] 7.540973e-17 1.480624e-24 6.300173e-25 4.510855e-23
Algorithm converged after  10  iterations.
[1] 7.540973e-17 3.910124e-20
Algorithm converged after  2  iterations.
[1] 7.540973e-17 3.910124e-20 6.951865e-31
Algorithm converged after  5  iterations.
[1] 7.540973e-17 3.910124e-20 4.174496e-29
Algorithm converged after  4  iterations.
[1] 7.540973e-17 3.910124e-20 1.058707e-27
Algorithm converged after  7  iterations.
[1] 7.540973e-17 3.910124e-20 6.951865e-31 1.070175e-36
[1] 1.017299e-16 3.489615e-20 7.178310e-31 4.782319e-45
[1] 1.082662e-16 3.663841e-20 7.180950e-31 1.495525e-33
[1] 1.055834e-16 3.410095e-20 7.218072e-31 2.033826e-34
[1] 1.171639e-16 3.552145e-20 7.249634e-31 2.051494e-34
[1] 1.029465e-16 3.488596e-20 7.193688e-31 7.703321e-37
[1] 1.050483e-16 3.593085e-20 7.186797e-31 2.073456e-34
[1] 1.006381e-16 3.480715e-20 7.186776e-31 1.553935e-33
[1] 1.098026e-16 3.657399e-20 7.202113e-31 5.911160e-34
[1] 1.047139e-16 3.610605e-20 7.186558e-31 6.329720e-56
[1] 1.010171e-16 3.489999e-20 7.194286e-31 1.337512e-33
[1] 1.020245e-16 3.486501e-20 7.202146e-31 1.522409e-33
[1] 1.089079e-16 3.595623e-20 7.215427e-31 2.091226e-34
[1] 1.044390e-16 3.607769e-20 7.194478e-31 8.315933e-37
[1] 9.443470e-17 3.706306e-20 7.123550e-31 1.050994e-36
[1] 1.023383e-16 3.487110e-20 7.210283e-31 2.062284e-34
Algorithm converged after  151  iterations.
[1] 7.540973e-17 3.910124e-20 4.174496e-29 1.872701e-48
[1] 3.779593e-20 1.248725e-24 4.520272e-23 4.544208e-32
[1] 3.783347e-20 1.209661e-24 4.511876e-23 9.150421e-37
[1] 3.706136e-20 8.278025e-25 4.356400e-23 5.105467e-52
[1] 3.776792e-20 1.225769e-24 4.498248e-23 3.790757e-32
[1] 3.863502e-20 9.179564e-25 4.444550e-23 5.226648e-52
[1] 3.772007e-20 1.264183e-24 4.499503e-23 3.592571e-32
Algorithm converged after  62  iterations.
[1] 7.540973e-17 3.910124e-20 1.058707e-27 6.778134e-30
Algorithm converged after  9  iterations.
[1] 7.540973e-17 3.910124e-20 6.951865e-31 4.174496e-29
Algorithm converged after  6  iterations.
[1] 7.540973e-17 3.910124e-20 6.951865e-31 1.058707e-27
Algorithm converged after  8  iterations.
[1] 7.540973e-17 3.910124e-20 4.174496e-29 1.058707e-27
Algorithm converged after  7  iterations.
numeric(0)
Algorithm converged after  1  iterations.
[1] 6.253087e-23
Algorithm converged after  2  iterations.
[1] 3.768957e-23
Algorithm converged after  2  iterations.
[1] 1.697778e-18
Algorithm converged after  2  iterations.
[1] 6.253087e-23 8.081222e-26
Algorithm converged after  2  iterations.
[1] 3.768957e-23 2.100054e-25
Algorithm converged after  2  iterations.
[1] 1.697778e-18 8.862932e-24
Algorithm converged after  2  iterations.
[1] 6.253087e-23 3.768957e-23
Algorithm converged after  2  iterations.
[1] 6.253087e-23 1.697778e-18
Algorithm converged after  2  iterations.
[1] 3.768957e-23 1.697778e-18
Algorithm converged after  2  iterations.
[1] 6.253087e-23 8.081222e-26 3.768957e-23
Algorithm converged after  2  iterations.
[1] 6.253087e-23 8.081222e-26 1.697778e-18
Algorithm converged after  2  iterations.
[1] 6.253087e-23 3.768957e-23 2.100054e-25
Algorithm converged after  2  iterations.
[1] 6.253087e-23 1.697778e-18 8.862932e-24
Algorithm converged after  2  iterations.
[1] 3.768957e-23 2.100054e-25 1.697778e-18
Algorithm converged after  2  iterations.
[1] 3.768957e-23 1.697778e-18 8.862932e-24
Algorithm converged after  2  iterations.
[1] 6.253087e-23 3.768957e-23 1.697778e-18
Algorithm converged after  2  iterations.
[1] 6.253087e-23 8.081222e-26 3.768957e-23 2.100054e-25
Algorithm converged after  2  iterations.
[1] 6.253087e-23 8.081222e-26 1.697778e-18 8.862932e-24
Algorithm converged after  2  iterations.
[1] 3.768957e-23 2.100054e-25 1.697778e-18 8.862932e-24
Algorithm converged after  2  iterations.
[1] 6.253087e-23 8.081222e-26 3.768957e-23 1.697778e-18
Algorithm converged after  2  iterations.
[1] 6.253087e-23 3.768957e-23 2.100054e-25 1.697778e-18
Algorithm converged after  2  iterations.
[1] 6.253087e-23 3.768957e-23 1.697778e-18 8.862932e-24
Algorithm converged after  2  iterations.
[1] 2.948231e-17
Algorithm converged after  2  iterations.
[1] 2.948231e-17 9.684999e-24
Algorithm converged after  6  iterations.
[1] 2.948231e-17 3.350285e-24
Algorithm converged after  6  iterations.
[1] 2.948231e-17 3.083312e-22
[1] 2.153385e-16 4.641316e-22
Algorithm converged after  12  iterations.
[1] 2.948231e-17 9.684999e-24 1.147224e-33
Algorithm converged after  6  iterations.
[1] 2.948231e-17 3.350285e-24 5.703509e-33
[1] 4.651224e-17 3.510317e-24 3.209601e-33
[1] 4.342043e-17 3.485746e-24 3.143363e-33
Algorithm converged after  23  iterations.
[1] 2.948231e-17 3.083312e-22 4.035685e-30
[1] 2.587811e-16 4.905216e-22 6.196223e-29
Algorithm converged after  14  iterations.
[1] 2.948231e-17 9.684999e-24 3.350285e-24
Algorithm converged after  6  iterations.
[1] 2.948231e-17 9.684999e-24 3.083312e-22
[1] 3.139106e-16 1.307208e-23 5.225449e-22
Algorithm converged after  12  iterations.
[1] 2.948231e-17 3.350285e-24 3.083312e-22
[1] 2.777917e-16 4.825461e-24 5.020032e-22
Algorithm converged after  12  iterations.
[1] 2.948231e-17 9.684999e-24 1.147224e-33 3.350285e-24
Algorithm converged after  7  iterations.
[1] 2.948231e-17 9.684999e-24 1.147224e-33 3.083312e-22
[1] 3.498203e-16 1.336725e-23 1.908900e-47 5.418379e-22
[1] 3.205879e-16 1.312609e-23 1.543448e-68 5.261182e-22
[1] 3.502239e-16 1.337100e-23 2.847072e-50 5.421387e-22
[1] 3.426498e-16 1.330892e-23 4.809177e-40 5.381346e-22
[1] 3.129534e-16 1.306259e-23 7.266216e-31 5.220817e-22
[1] 3.250191e-16 1.316247e-23 7.269132e-31 5.286829e-22
[1] 3.453265e-16 1.333063e-23 6.056907e-49 5.397060e-22
[1] 3.432649e-16 1.331572e-23 8.681419e-51 5.387539e-22
[1] 2.942462e-16 1.290842e-23 2.079945e-47 5.121749e-22
[1] 3.245236e-16 1.316102e-23 7.288530e-31 5.287563e-22
[1] 3.384446e-16 1.327621e-23 7.301916e-31 5.363700e-22
[1] 3.425767e-16 1.331117e-23 1.775129e-60 5.386756e-22
[1] 3.447844e-16 1.332904e-23 1.186953e-47 5.399544e-22
[1] 3.486645e-16 1.336042e-23 7.327081e-31 5.420584e-22
[1] 3.502770e-16 1.337388e-23 3.106058e-50 5.429464e-22
[1] 3.278648e-16 1.318762e-23 1.659754e-50 5.308566e-22
[1] 3.123426e-16 1.306027e-23 2.323835e-45 5.225456e-22
[1] 3.483550e-16 1.335828e-23 7.317908e-31 5.420887e-22
[1] 3.191038e-16 1.311637e-23 7.263743e-31 5.262795e-22
[1] 3.497868e-16 1.337026e-23 7.325367e-31 5.429091e-22
[1] 3.422299e-16 1.330888e-23 7.306544e-31 5.389389e-22
[1] 3.446012e-16 1.332895e-23 7.252451e-41 5.403231e-22
[1] 3.206495e-16 1.313039e-23 3.062639e-50 5.273611e-22
[1] 3.505001e-16 1.337817e-23 7.283509e-41 5.435879e-22
[1] 3.446513e-16 1.332956e-23 4.810159e-40 5.404395e-22
[1] 3.157964e-16 1.308997e-23 7.257733e-31 5.248163e-22
[1] 3.414208e-16 1.330478e-23 4.822658e-40 5.388999e-22
[1] 3.499595e-16 1.337343e-23 6.070663e-51 5.434466e-22
[1] 3.257146e-16 1.317226e-23 1.167527e-49 5.303255e-22
[1] 3.175132e-16 1.310650e-23 7.278892e-31 5.260122e-22
[1] 3.130958e-16 1.306860e-23 7.263277e-31 5.235913e-22
[1] 3.136210e-16 1.307324e-23 4.835493e-40 5.239313e-22
[1] 3.120112e-16 1.305952e-23 7.257339e-31 5.230626e-22
[1] 3.274742e-16 1.318647e-23 7.250532e-31 5.314565e-22
[1] 3.436133e-16 1.332248e-23 1.547936e-44 5.403698e-22
[1] 3.444425e-16 1.332975e-23 7.316573e-31 5.408973e-22
[1] 3.498179e-16 1.337329e-23 4.816425e-40 5.437814e-22
[1] 3.258012e-16 1.317370e-23 1.685526e-50 5.307606e-22
[1] 3.138178e-16 1.307568e-23 3.065208e-54 5.243842e-22
[1] 2.949993e-16 1.292039e-23 2.919559e-56 5.142133e-22
[1] 3.437441e-16 1.332433e-23 7.297674e-31 5.407928e-22
[1] 3.263957e-16 1.318015e-23 7.256793e-31 5.313963e-22
[1] 3.146508e-16 1.308304e-23 7.250183e-31 5.250540e-22
[1] 3.093118e-16 1.303866e-23 7.051807e-41 5.221723e-22
[1] 3.674596e-16 1.350583e-23 7.223918e-31 5.532212e-22
[1] 3.432910e-16 1.332311e-23 7.287084e-31 5.411906e-22
[1] 3.496958e-16 1.337638e-23 1.119034e-45 5.447291e-22
[1] 3.435735e-16 1.332685e-23 1.874285e-63 5.415004e-22
[1] 3.204340e-16 1.313462e-23 7.255387e-31 5.289369e-22
Algorithm did not converge after  500  iterations.
[1] 2.948231e-17 9.684999e-24 3.350285e-24 5.703509e-33
Algorithm converged after  8  iterations.
[1] 2.948231e-17 9.684999e-24 3.083312e-22 4.035685e-30
[1] 3.404119e-16 1.329108e-23 5.370195e-22 6.400774e-29
[1] 3.555037e-16 1.341350e-23 5.450691e-22 6.467797e-29
[1] 3.607181e-16 1.345484e-23 5.478132e-22 6.471386e-29
[1] 3.544224e-16 1.340553e-23 5.445707e-22 6.471835e-29
[1] 3.575159e-16 1.342993e-23 5.462007e-22 6.468044e-29
Algorithm converged after  59  iterations.
[1] 2.948231e-17 3.350285e-24 5.703509e-33 3.083312e-22
[1] 2.501437e-16 4.705139e-24 1.245507e-32 4.859442e-22
Algorithm converged after  12  iterations.
[1] 2.948231e-17 3.350285e-24 3.083312e-22 4.035685e-30
[1] 3.204305e-16 5.005025e-24 5.256285e-22 8.231602e-32
[1] 3.142265e-16 4.980233e-24 5.224267e-22 6.063044e-29
[1] 3.202511e-16 5.005872e-24 5.258237e-22 8.564828e-34
[1] 3.131038e-16 4.976534e-24 5.220100e-22 6.116464e-29
[1] 3.020934e-16 4.930187e-24 5.159553e-22 2.230023e-47
[1] 2.957799e-16 4.903063e-24 5.124589e-22 6.022701e-29
Algorithm converged after  70  iterations.
[1] 2.948231e-17 9.684999e-24 3.350285e-24 3.083312e-22
[1] 3.977942e-16 1.374352e-23 5.325417e-24 5.673085e-22
Algorithm converged after  13  iterations.
[1] 2.948231e-17 8.843753e-20
Algorithm converged after  2  iterations.
[1] 2.948231e-17 8.843753e-20 1.345591e-30
[1] 6.389463e-20 2.107497e-23 2.273937e-23
[1] 6.389564e-20 2.107666e-23 2.274709e-23
Algorithm converged after  21  iterations.
[1] 2.948231e-17 8.843753e-20 2.471706e-29
Algorithm converged after  4  iterations.
[1] 2.948231e-17 8.843753e-20 1.873535e-28
Algorithm converged after  9  iterations.
[1] 2.948231e-17 8.843753e-20 1.345591e-30 3.086519e-33
[1] 5.646899e-20 5.824083e-22 2.325052e-24 2.184207e-50
[1] 5.509071e-20 6.122958e-22 2.501397e-24 1.913622e-34
[1] 5.738196e-20 5.699204e-22 2.223764e-24 3.299753e-34
[1] 5.742059e-20 5.692257e-22 2.218592e-24 4.928683e-54
[1] 5.741009e-20 5.706129e-22 2.218042e-24 1.089616e-41
[1] 5.729464e-20 5.658433e-22 2.191864e-24 1.544580e-41
[1] 5.287310e-20 5.242925e-22 2.308680e-24 1.920818e-34
[1] 5.515231e-20 6.125751e-22 2.486730e-24 9.325044e-51
[1] 5.740311e-20 5.732068e-22 2.222090e-24 1.742035e-40
[1] 5.736346e-20 5.645115e-22 2.187012e-24 1.745716e-40
[1] 5.495661e-20 6.225945e-22 2.497680e-24 1.337570e-41
[1] 5.510394e-20 6.164195e-22 2.476764e-24 3.451643e-34
[1] 5.740863e-20 5.763162e-22 2.218601e-24 1.759515e-40
[1] 5.512464e-20 6.183928e-22 2.488478e-24 3.391330e-34
[1] 5.506054e-20 6.203091e-22 2.478700e-24 7.125683e-48
[1] 5.564115e-20 5.799950e-22 2.329572e-24 1.892786e-34
[1] 5.739782e-20 5.801178e-22 2.217545e-24 1.887074e-34
[1] 5.792568e-20 5.728471e-22 2.159673e-24 1.154065e-41
[1] 5.540229e-20 5.351401e-22 2.187966e-24 9.238260e-42
[1] 5.510396e-20 6.248639e-22 2.477669e-24 8.248259e-48
[1] 5.876597e-20 5.691769e-22 2.097263e-24 1.738715e-40
[1] 5.647876e-20 5.977124e-22 2.320698e-24 1.888948e-34
[1] 5.591031e-20 5.367412e-22 2.153041e-24 3.890821e-50
[1] 5.510637e-20 6.269079e-22 2.478062e-24 1.919181e-34
[1] 5.551154e-20 5.911663e-22 2.336753e-24 2.104955e-54
[1] 5.509429e-20 6.285962e-22 2.474931e-24 3.431691e-34
[1] 5.551601e-20 5.940769e-22 2.337497e-24 1.219222e-41
[1] 5.530673e-20 5.480907e-22 2.189813e-24 1.301102e-33
[1] 5.737394e-20 5.808366e-22 2.192705e-24 1.733416e-54
[1] 5.645715e-20 6.052775e-22 2.320096e-24 1.671773e-40
[1] 5.494835e-20 6.392138e-22 2.493640e-24 9.341561e-51
[1] 5.506073e-20 6.357584e-22 2.473409e-24 3.466690e-34
[1] 5.738102e-20 5.820194e-22 2.181597e-24 1.713340e-40
[1] 5.561732e-20 5.973163e-22 2.331867e-24 1.678734e-40
[1] 5.728344e-20 5.998772e-22 2.218433e-24 1.895660e-34
[1] 5.548551e-20 6.008458e-22 2.329068e-24 3.039925e-55
[1] 5.710772e-20 5.458350e-22 2.070905e-24 3.276038e-34
[1] 5.506610e-20 6.390909e-22 2.468116e-24 1.672014e-40
[1] 5.735513e-20 5.864106e-22 2.183162e-24 1.880853e-34
[1] 5.735484e-20 5.881864e-22 2.180252e-24 8.500235e-48
[1] 5.724623e-20 5.938187e-22 2.186840e-24 3.339737e-34
[1] 5.509416e-20 6.422816e-22 2.469535e-24 1.924200e-34
[1] 5.651219e-20 5.832836e-22 2.210768e-24 5.032560e-54
[1] 5.738308e-20 6.020961e-22 2.213651e-24 1.681959e-40
[1] 5.738499e-20 6.027522e-22 2.212224e-24 3.281749e-34
[1] 5.706498e-20 6.073054e-22 2.241528e-24 1.270434e-33
[1] 5.498154e-20 6.549304e-22 2.499729e-24 1.343641e-41
[1] 5.508791e-20 6.488384e-22 2.478427e-24 3.398814e-34
[1] 5.730936e-20 5.975048e-22 2.180799e-24 2.904775e-36
Algorithm did not converge after  500  iterations.
[1] 2.948231e-17 8.843753e-20 2.471706e-29 9.566578e-33
[1] 6.738350e-20 1.943858e-26 8.813646e-23 4.310478e-32
[1] 6.684752e-20 1.669275e-25 1.019233e-22 1.281549e-32
[1] 6.809188e-20 3.138651e-25 8.826641e-23 7.518278e-33
[1] 6.653929e-20 3.089288e-26 9.328976e-23 7.927853e-32
Algorithm converged after  50  iterations.
[1] 2.948231e-17 8.843753e-20 1.873535e-28 1.786869e-29
[1] 2.436620e-16 7.207914e-20 2.833858e-28 2.636736e-29
Algorithm converged after  11  iterations.
[1] 2.948231e-17 8.843753e-20 1.345591e-30 2.471706e-29
[1] 6.858765e-20 1.370995e-26 1.084799e-23 8.769759e-23
[1] 6.880103e-20 6.395765e-26 2.053535e-23 9.205854e-23
[1] 7.136995e-20 6.258541e-28 7.532324e-24 8.472508e-23
[1] 7.042042e-20 1.100661e-25 2.086176e-23 9.048338e-23
Algorithm converged after  42  iterations.
[1] 2.948231e-17 8.843753e-20 1.345591e-30 1.873535e-28
Algorithm converged after  9  iterations.
[1] 2.948231e-17 8.843753e-20 2.471706e-29 1.873535e-28
Algorithm converged after  9  iterations.
numeric(0)
Algorithm converged after  1  iterations.
[1] 8.307688e-26
Algorithm converged after  2  iterations.
[1] 1.113942e-23
Algorithm converged after  2  iterations.
[1] 1.784825e-23
Algorithm converged after  2  iterations.
[1] 8.307688e-26 9.816877e-31
Algorithm converged after  2  iterations.
[1] 1.113942e-23 1.849870e-25
Algorithm converged after  2  iterations.
[1] 1.784825e-23 1.125351e-30
Algorithm converged after  2  iterations.
[1] 8.307688e-26 1.113942e-23
Algorithm converged after  2  iterations.
[1] 8.307688e-26 1.784825e-23
Algorithm converged after  2  iterations.
[1] 1.113942e-23 1.784825e-23
Algorithm converged after  2  iterations.
[1] 8.307688e-26 9.816877e-31 1.113942e-23
Algorithm converged after  2  iterations.
[1] 8.307688e-26 9.816877e-31 1.784825e-23
Algorithm converged after  2  iterations.
[1] 8.307688e-26 1.113942e-23 1.849870e-25
Algorithm converged after  2  iterations.
[1] 8.307688e-26 1.784825e-23 1.125351e-30
Algorithm converged after  2  iterations.
[1] 1.113942e-23 1.849870e-25 1.784825e-23
Algorithm converged after  2  iterations.
[1] 1.113942e-23 1.784825e-23 1.125351e-30
Algorithm converged after  2  iterations.
[1] 8.307688e-26 1.113942e-23 1.784825e-23
Algorithm converged after  2  iterations.
[1] 8.307688e-26 9.816877e-31 1.113942e-23 1.849870e-25
Algorithm converged after  2  iterations.
[1] 8.307688e-26 9.816877e-31 1.784825e-23 1.125351e-30
Algorithm converged after  2  iterations.
[1] 1.113942e-23 1.849870e-25 1.784825e-23 1.125351e-30
Algorithm converged after  2  iterations.
[1] 8.307688e-26 9.816877e-31 1.113942e-23 1.784825e-23
Algorithm converged after  2  iterations.
[1] 8.307688e-26 1.113942e-23 1.849870e-25 1.784825e-23
Algorithm converged after  2  iterations.
[1] 8.307688e-26 1.113942e-23 1.784825e-23 1.125351e-30
Algorithm converged after  2  iterations.
[1] 7.079892e-17
Algorithm converged after  2  iterations.
[1] 7.079892e-17 1.735987e-24
Algorithm converged after  6  iterations.
[1] 7.079892e-17 1.042064e-24
Algorithm converged after  6  iterations.
[1] 7.079892e-17 6.526244e-23
Algorithm converged after  8  iterations.
[1] 7.079892e-17 1.735987e-24 1.102835e-30
Algorithm converged after  6  iterations.
[1] 7.079892e-17 1.042064e-24 2.164570e-32
Algorithm converged after  6  iterations.
[1] 7.079892e-17 6.526244e-23 1.498517e-30
Algorithm converged after  9  iterations.
[1] 7.079892e-17 1.735987e-24 1.042064e-24
Algorithm converged after  7  iterations.
[1] 7.079892e-17 1.735987e-24 6.526244e-23
Algorithm converged after  8  iterations.
[1] 7.079892e-17 1.042064e-24 6.526244e-23
Algorithm converged after  8  iterations.
[1] 7.079892e-17 1.735987e-24 1.102835e-30 1.042064e-24
Algorithm converged after  7  iterations.
[1] 7.079892e-17 1.735987e-24 1.102835e-30 6.526244e-23
Algorithm converged after  7  iterations.
[1] 7.079892e-17 1.735987e-24 1.042064e-24 2.164570e-32
Algorithm converged after  6  iterations.
[1] 7.079892e-17 1.735987e-24 6.526244e-23 1.498517e-30
Algorithm converged after  9  iterations.
[1] 7.079892e-17 1.042064e-24 2.164570e-32 6.526244e-23
[1] 2.389422e-16 1.194138e-24 2.144345e-32 7.758617e-23
Algorithm converged after  16  iterations.
[1] 7.079892e-17 1.042064e-24 6.526244e-23 1.498517e-30
Algorithm converged after  9  iterations.
[1] 7.079892e-17 1.735987e-24 1.042064e-24 6.526244e-23
Algorithm converged after  9  iterations.
[1] 7.079892e-17 7.206906e-20
Algorithm converged after  2  iterations.
[1] 7.079892e-17 7.206906e-20 1.575918e-30
Algorithm converged after  6  iterations.
[1] 7.079892e-17 7.206906e-20 6.030645e-29
Algorithm converged after  4  iterations.
[1] 7.079892e-17 7.206906e-20 5.729605e-28
Algorithm converged after  7  iterations.
[1] 7.079892e-17 7.206906e-20 1.575918e-30 3.203053e-34
Algorithm converged after  6  iterations.
[1] 7.079892e-17 7.206906e-20 6.030645e-29 1.908797e-32
Algorithm converged after  5  iterations.
[1] 7.079892e-17 7.206906e-20 5.729605e-28 3.484166e-30
Algorithm converged after  8  iterations.
[1] 7.079892e-17 7.206906e-20 1.575918e-30 6.030645e-29
Algorithm converged after  6  iterations.
[1] 7.079892e-17 7.206906e-20 1.575918e-30 5.729605e-28
Algorithm converged after  7  iterations.
[1] 7.079892e-17 7.206906e-20 6.030645e-29 5.729605e-28
Algorithm converged after  7  iterations.
numeric(0)
Algorithm converged after  1  iterations.
[1] 3.649309e-23
Algorithm converged after  2  iterations.
[1] 2.356951e-23
Algorithm converged after  2  iterations.
[1] 2.761135e-19
Algorithm converged after  2  iterations.
[1] 3.649309e-23 2.467584e-26
Algorithm converged after  2  iterations.
[1] 2.356951e-23 5.750359e-26
Algorithm converged after  2  iterations.
[1] 2.761135e-19 1.044353e-23
Algorithm converged after  2  iterations.
[1] 3.649309e-23 2.356951e-23
Algorithm converged after  2  iterations.
[1] 3.649309e-23 2.761135e-19
Algorithm converged after  2  iterations.
[1] 2.356951e-23 2.761135e-19
Algorithm converged after  2  iterations.
[1] 3.649309e-23 2.467584e-26 2.356951e-23
Algorithm converged after  2  iterations.
[1] 3.649309e-23 2.467584e-26 2.761135e-19
Algorithm converged after  2  iterations.
[1] 3.649309e-23 2.356951e-23 5.750359e-26
Algorithm converged after  2  iterations.
[1] 3.649309e-23 2.761135e-19 1.044353e-23
Algorithm converged after  2  iterations.
[1] 2.356951e-23 5.750359e-26 2.761135e-19
Algorithm converged after  2  iterations.
[1] 2.356951e-23 2.761135e-19 1.044353e-23
Algorithm converged after  2  iterations.
[1] 3.649309e-23 2.356951e-23 2.761135e-19
Algorithm converged after  2  iterations.
[1] 3.649309e-23 2.467584e-26 2.356951e-23 5.750359e-26
Algorithm converged after  2  iterations.
[1] 3.649309e-23 2.467584e-26 2.761135e-19 1.044353e-23
Algorithm converged after  2  iterations.
[1] 2.356951e-23 5.750359e-26 2.761135e-19 1.044353e-23
Algorithm converged after  2  iterations.
[1] 3.649309e-23 2.467584e-26 2.356951e-23 2.761135e-19
Algorithm converged after  2  iterations.
[1] 3.649309e-23 2.356951e-23 5.750359e-26 2.761135e-19
Algorithm converged after  2  iterations.
[1] 3.649309e-23 2.356951e-23 2.761135e-19 1.044353e-23
Algorithm converged after  2  iterations.
[1] 3.799959e-17
Algorithm converged after  2  iterations.
[1] 3.799959e-17 3.361124e-26
Algorithm converged after  5  iterations.
[1] 3.799959e-17 8.656379e-26
Algorithm converged after  5  iterations.
[1] 3.799959e-17 5.586774e-21
[1] 2.588167e-16 1.001015e-20
Algorithm converged after  12  iterations.
[1] 3.799959e-17 3.361124e-26 3.484348e-31
Algorithm converged after  6  iterations.
[1] 3.799959e-17 8.656379e-26 3.972063e-33
Algorithm converged after  8  iterations.
[1] 3.799959e-17 5.586774e-21 1.615046e-32
[1] 2.456332e-16 9.785212e-21 1.668809e-30
[1] 2.428235e-16 9.750772e-21 1.629609e-30
[1] 2.386339e-16 9.683542e-21 1.469547e-28
[1] 2.454377e-16 9.797585e-21 1.635971e-30
[1] 2.403581e-16 9.728175e-21 1.617916e-30
[1] 2.383569e-16 9.696539e-21 2.689594e-46
[1] 2.568782e-16 9.993697e-21 1.629435e-30
[1] 2.389846e-16 9.715585e-21 3.051293e-60
[1] 2.431094e-16 9.783361e-21 1.635018e-30
[1] 2.393188e-16 9.727045e-21 1.537526e-29
[1] 2.761873e-16 1.031047e-20 1.653770e-30
[1] 2.389979e-16 9.736431e-21 1.628759e-30
[1] 2.389506e-16 9.739162e-21 3.350202e-36
[1] 2.500466e-16 9.920238e-21 1.643615e-30
[1] 2.335485e-16 9.657038e-21 1.635957e-30
[1] 2.452939e-16 9.853009e-21 2.712170e-41
[1] 2.505179e-16 9.948783e-21 1.604841e-30
[1] 2.330212e-16 9.676290e-21 1.460799e-28
[1] 2.370058e-16 9.740306e-21 1.467573e-28
[1] 2.819515e-16 1.046847e-20 9.314687e-40
[1] 2.405910e-16 9.811943e-21 8.376783e-52
[1] 2.498349e-16 9.963947e-21 1.612398e-30
[1] 2.325572e-16 9.693740e-21 5.005213e-50
[1] 2.372693e-16 9.766599e-21 1.469739e-28
[1] 2.493131e-16 9.969252e-21 1.614587e-30
[1] 2.377087e-16 9.788950e-21 1.608577e-30
[1] 2.421266e-16 9.859470e-21 1.634794e-30
[1] 2.534783e-16 1.004677e-20 6.422790e-42
[1] 2.310869e-16 9.684289e-21 1.637736e-30
[1] 2.416234e-16 9.864352e-21 4.095112e-48
[1] 2.795782e-16 1.048484e-20 3.273202e-36
[1] 2.557405e-16 1.010509e-20 1.622019e-30
[1] 2.387217e-16 9.833976e-21 1.638055e-30
[1] 2.361193e-16 9.794942e-21 5.352956e-42
[1] 2.339647e-16 9.773213e-21 1.603409e-30
[1] 2.462158e-16 9.966926e-21 3.366390e-36
[1] 2.834388e-16 1.057450e-20 1.611471e-30
[1] 2.393993e-16 9.872261e-21 1.623038e-30
[1] 2.430816e-16 9.930869e-21 1.650332e-30
[1] 2.336074e-16 9.785743e-21 1.648307e-30
[1] 2.364049e-16 9.838009e-21 1.522001e-29
[1] 2.379856e-16 9.872775e-21 1.469023e-28
[1] 2.400204e-16 9.912430e-21 1.599785e-30
[1] 2.433240e-16 9.962646e-21 3.368542e-36
[1] 2.324556e-16 9.795528e-21 1.531789e-29
[1] 2.530086e-16 1.013264e-20 3.906222e-37
[1] 2.378539e-16 9.889491e-21 1.468731e-28
[1] 2.435711e-16 9.980473e-21 1.494323e-41
[1] 2.323140e-16 9.811730e-21 1.459802e-28
Algorithm did not converge after  500  iterations.
[1] 3.799959e-17 3.361124e-26 8.656379e-26
Algorithm converged after  6  iterations.
[1] 3.799959e-17 3.361124e-26 5.586774e-21
[1] 3.182850e-16 3.867753e-26 1.103695e-20
Algorithm converged after  12  iterations.
[1] 3.799959e-17 8.656379e-26 5.586774e-21
[1] 3.494370e-16 9.346974e-26 1.154962e-20
Algorithm converged after  12  iterations.
[1] 3.799959e-17 3.361124e-26 3.484348e-31 8.656379e-26
Algorithm converged after  7  iterations.
[1] 3.799959e-17 3.361124e-26 3.484348e-31 5.586774e-21
[1] 3.407604e-16 3.904774e-26 3.606639e-31 1.144661e-20
Algorithm converged after  13  iterations.
[1] 3.799959e-17 3.361124e-26 8.656379e-26 3.972063e-33
Algorithm converged after  6  iterations.
[1] 3.799959e-17 3.361124e-26 5.586774e-21 1.615046e-32
[1] 2.978790e-16 3.841969e-26 1.071218e-20 1.580437e-30
[1] 2.966964e-16 3.840386e-26 1.069485e-20 1.602464e-30
[1] 2.971593e-16 3.841100e-26 1.070443e-20 1.601096e-30
Algorithm converged after  38  iterations.
[1] 3.799959e-17 8.656379e-26 3.972063e-33 5.586774e-21
[1] 4.169317e-16 9.447583e-26 4.624965e-33 1.256688e-20
Algorithm converged after  13  iterations.
[1] 3.799959e-17 8.656379e-26 5.586774e-21 1.615046e-32
[1] 3.387266e-16 9.331265e-26 1.137544e-20 1.193621e-40
[1] 3.227937e-16 9.307309e-26 1.113737e-20 5.737880e-37
[1] 3.274155e-16 9.314357e-26 1.120814e-20 1.642892e-30
[1] 3.596583e-16 9.362656e-26 1.169044e-20 5.652300e-37
[1] 3.433987e-16 9.338959e-26 1.145236e-20 5.862441e-37
[1] 3.423218e-16 9.337688e-26 1.144003e-20 1.640826e-30
[1] 3.227012e-16 9.308116e-26 1.114685e-20 1.647245e-30
Algorithm converged after  74  iterations.
[1] 3.799959e-17 3.361124e-26 8.656379e-26 5.586774e-21
[1] 4.206535e-16 3.997254e-26 9.452970e-26 1.261964e-20
Algorithm converged after  13  iterations.
[1] 3.799959e-17 3.819269e-20
Algorithm converged after  2  iterations.
[1] 3.799959e-17 3.819269e-20 3.839824e-31
[1] 2.972522e-20 2.424139e-24 4.820631e-23
Algorithm converged after  11  iterations.
[1] 3.799959e-17 3.819269e-20 7.704495e-29
Algorithm converged after  7  iterations.
[1] 3.799959e-17 3.819269e-20 2.230616e-28
Algorithm converged after  7  iterations.
[1] 3.799959e-17 3.819269e-20 3.839824e-31 1.100835e-33
[1] 2.940630e-20 4.791328e-27 2.813284e-23 3.885544e-31
[1] 2.949905e-20 4.878883e-28 2.573897e-23 3.846881e-31
[1] 2.950867e-20 4.481508e-28 2.463717e-23 3.830392e-31
[1] 2.949643e-20 4.630909e-28 2.501265e-23 3.835742e-31
[1] 2.953463e-20 4.274931e-28 2.399517e-23 3.820115e-31
[1] 2.951845e-20 4.290818e-28 2.399799e-23 3.819855e-31
Algorithm converged after  67  iterations.
[1] 3.799959e-17 3.819269e-20 7.704495e-29 1.077312e-31
Algorithm converged after  8  iterations.
[1] 3.799959e-17 3.819269e-20 2.230616e-28 1.484110e-30
[1] 2.851051e-20 4.957931e-25 5.521077e-18 2.973672e-33
[1] 3.177003e-20 9.391273e-29 3.917556e-18 1.395589e-30
[1] 2.854614e-20 4.936637e-25 5.494699e-18 3.959754e-34
[1] 2.851717e-20 4.954147e-25 5.528194e-18 2.892631e-33
[1] 3.182067e-20 9.478173e-29 3.939462e-18 1.401051e-30
[1] 2.865667e-20 5.318602e-27 4.598664e-18 2.975571e-32
[1] 2.816800e-20 5.970060e-27 4.656358e-18 1.755927e-28
[1] 2.848139e-20 4.911871e-25 5.539066e-18 1.713185e-30
[1] 2.819681e-20 5.970375e-27 4.670567e-18 1.758495e-28
[1] 2.953940e-20 5.779329e-27 4.712360e-18 1.544174e-28
[1] 2.800600e-20 5.955894e-27 4.536638e-18 1.554431e-28
[1] 2.894289e-20 7.048226e-27 4.637579e-18 1.503317e-28
[1] 2.887135e-20 5.217243e-25 5.631023e-18 1.498691e-44
[1] 3.184421e-20 9.450446e-29 3.978038e-18 1.400485e-30
[1] 2.819258e-20 5.948509e-27 4.687816e-18 1.756730e-28
[1] 2.858502e-20 4.929980e-25 5.542256e-18 1.679755e-30
[1] 2.719223e-20 5.198226e-27 4.555680e-18 2.444460e-33
[1] 2.859687e-20 4.927812e-25 5.549000e-18 1.678125e-30
[1] 2.905741e-20 4.428451e-27 4.779177e-18 3.231442e-41
[1] 2.889613e-20 6.175256e-27 4.660141e-18 1.552216e-28
[1] 2.893170e-20 5.211042e-25 5.648225e-18 1.684254e-30
[1] 3.185254e-20 8.658073e-29 3.992359e-18 1.413315e-30
[1] 3.191177e-20 8.307726e-29 4.004523e-18 1.410727e-30
[1] 3.187772e-20 8.711751e-29 4.011431e-18 1.407863e-30
[1] 3.185902e-20 9.331289e-29 4.017307e-18 1.396914e-30
[1] 3.008429e-20 5.610636e-27 4.809743e-18 1.628772e-28
[1] 3.192289e-20 8.297162e-29 4.019638e-18 1.410496e-30
[1] 2.699868e-20 5.120576e-27 4.562398e-18 1.724069e-64
[1] 2.862377e-20 4.935324e-25 5.587460e-18 4.486847e-39
[1] 3.189957e-20 9.389480e-29 4.041519e-18 1.401103e-30
[1] 2.809338e-20 4.454244e-27 4.766664e-18 4.575246e-45
[1] 3.190246e-20 9.747023e-29 4.056623e-18 1.438343e-30
[1] 2.976085e-20 5.796659e-27 4.800004e-18 1.570603e-28
[1] 2.964761e-20 5.657312e-27 4.797184e-18 1.543299e-28
[1] 2.713325e-20 5.190142e-27 4.616340e-18 4.137562e-33
Algorithm converged after  358  iterations.
[1] 3.799959e-17 3.819269e-20 3.839824e-31 7.704495e-29
Algorithm converged after  10  iterations.
[1] 3.799959e-17 3.819269e-20 3.839824e-31 2.230616e-28
Algorithm converged after  7  iterations.
[1] 3.799959e-17 3.819269e-20 7.704495e-29 2.230616e-28
Algorithm converged after  8  iterations.
numeric(0)
Algorithm converged after  1  iterations.
[1] 8.277756e-26
Algorithm converged after  2  iterations.
[1] 1.835559e-25
Algorithm converged after  2  iterations.
[1] 1.308179e-18
Algorithm converged after  2  iterations.
[1] 8.277756e-26 8.168594e-32
Algorithm converged after  2  iterations.
[1] 1.835559e-25 1.658848e-31
Algorithm converged after  2  iterations.
[1] 1.308179e-18 9.978401e-24
Algorithm converged after  2  iterations.
[1] 8.277756e-26 1.835559e-25
Algorithm converged after  2  iterations.
[1] 8.277756e-26 1.308179e-18
Algorithm converged after  2  iterations.
[1] 1.835559e-25 1.308179e-18
Algorithm converged after  2  iterations.
[1] 8.277756e-26 8.168594e-32 1.835559e-25
Algorithm converged after  2  iterations.
[1] 8.277756e-26 8.168594e-32 1.308179e-18
Algorithm converged after  2  iterations.
[1] 8.277756e-26 1.835559e-25 1.658848e-31
Algorithm converged after  2  iterations.
[1] 8.277756e-26 1.308179e-18 9.978401e-24
Algorithm converged after  2  iterations.
[1] 1.835559e-25 1.658848e-31 1.308179e-18
Algorithm converged after  2  iterations.
[1] 1.835559e-25 1.308179e-18 9.978401e-24
Algorithm converged after  2  iterations.
[1] 8.277756e-26 1.835559e-25 1.308179e-18
Algorithm converged after  2  iterations.
[1] 8.277756e-26 8.168594e-32 1.835559e-25 1.658848e-31
Algorithm converged after  2  iterations.
[1] 8.277756e-26 8.168594e-32 1.308179e-18 9.978401e-24
Algorithm converged after  2  iterations.
[1] 1.835559e-25 1.658848e-31 1.308179e-18 9.978401e-24
Algorithm converged after  2  iterations.
[1] 8.277756e-26 8.168594e-32 1.835559e-25 1.308179e-18
Algorithm converged after  2  iterations.
[1] 8.277756e-26 1.835559e-25 1.658848e-31 1.308179e-18
Algorithm converged after  2  iterations.
[1] 8.277756e-26 1.835559e-25 1.308179e-18 9.978401e-24
Algorithm converged after  2  iterations.
[1] 5.527268e-20
Algorithm converged after  2  iterations.
[1] 5.527268e-20 7.199602e-23
Algorithm converged after  5  iterations.
[1] 5.527268e-20 2.921191e-23
Algorithm converged after  5  iterations.
[1] 5.527268e-20 4.177267e-18
Algorithm converged after  6  iterations.
[1] 5.527268e-20 7.199602e-23 8.284058e-32
Algorithm converged after  5  iterations.
[1] 5.527268e-20 2.921191e-23 5.378031e-32
Algorithm converged after  6  iterations.
[1] 5.527268e-20 4.177267e-18 2.792916e-30
Algorithm converged after  6  iterations.
[1] 5.527268e-20 7.199602e-23 2.921191e-23
Algorithm converged after  6  iterations.
[1] 5.527268e-20 7.199602e-23 4.177267e-18
Algorithm converged after  6  iterations.
[1] 5.527268e-20 2.921191e-23 4.177267e-18
Algorithm converged after  6  iterations.
[1] 5.527268e-20 7.199602e-23 8.284058e-32 2.921191e-23
Algorithm converged after  6  iterations.
[1] 5.527268e-20 7.199602e-23 8.284058e-32 4.177267e-18
[1] 6.496100e-20 7.893446e-23 8.323566e-32 4.507233e-18
[1] 6.533932e-20 7.925463e-23 8.325668e-32 4.520153e-18
[1] 6.894216e-20 8.148951e-23 8.345225e-32 4.634037e-18
[1] 6.533574e-20 7.925353e-23 8.326014e-32 4.519561e-18
Algorithm converged after  42  iterations.
[1] 5.527268e-20 7.199602e-23 2.921191e-23 5.378031e-32
Algorithm converged after  6  iterations.
[1] 5.527268e-20 7.199602e-23 4.177267e-18 2.792916e-30
Algorithm converged after  6  iterations.
[1] 5.527268e-20 2.921191e-23 5.378031e-32 4.177267e-18
Algorithm converged after  6  iterations.
[1] 5.527268e-20 2.921191e-23 4.177267e-18 2.792916e-30
Algorithm converged after  6  iterations.
[1] 5.527268e-20 7.199602e-23 2.921191e-23 4.177267e-18
Algorithm converged after  7  iterations.
[1] 5.527268e-20 8.808342e-28
Algorithm converged after  2  iterations.
[1] 5.527268e-20 8.808342e-28 5.194614e-23
Algorithm converged after  6  iterations.
[1] 5.527268e-20 8.808342e-28 1.391268e-23
[1] 6.148476e-20 2.473969e-24 4.073623e-23
Algorithm converged after  13  iterations.
[1] 5.527268e-20 8.808342e-28 2.736069e-18
Algorithm converged after  7  iterations.
[1] 5.527268e-20 8.808342e-28 5.194614e-23 5.012669e-36
[1] 5.942488e-20 2.711848e-27 1.147612e-22 9.809395e-32
Algorithm converged after  19  iterations.
[1] 5.527268e-20 8.808342e-28 1.391268e-23 1.151970e-28
[1] 5.864842e-20 3.745568e-35 2.972382e-23 1.024378e-48
[1] 6.325253e-20 2.402844e-28 3.224108e-23 6.591840e-32
[1] 6.129078e-20 4.626080e-25 3.401983e-23 2.341601e-46
[1] 6.077107e-20 4.382787e-25 3.374153e-23 3.104542e-33
[1] 6.118455e-20 1.366666e-25 3.747616e-23 3.170926e-58
[1] 5.930170e-20 6.172120e-25 3.452109e-23 3.091958e-33
[1] 6.327943e-20 1.417258e-39 3.250030e-23 1.130544e-31
[1] 6.064717e-20 1.253279e-25 3.864023e-23 5.231219e-33
[1] 6.015059e-20 1.282491e-26 3.218279e-23 4.304271e-33
[1] 6.358937e-20 4.978959e-25 3.486715e-23 2.306425e-46
[1] 6.084671e-20 1.612311e-30 2.958076e-23 4.037486e-32
[1] 6.066337e-20 1.693834e-25 3.861666e-23 1.268325e-35
[1] 6.064491e-20 2.260469e-25 3.890042e-23 1.226332e-35
[1] 5.952563e-20 4.905901e-25 3.412350e-23 3.089146e-33
[1] 6.090287e-20 4.905207e-25 3.431391e-23 2.440749e-51
[1] 6.365801e-20 6.725174e-25 3.681793e-23 3.337338e-43
[1] 6.346677e-20 1.862626e-33 3.098894e-23 3.487907e-32
[1] 6.101393e-20 7.230379e-42 3.216036e-23 5.881633e-32
[1] 5.952828e-20 4.871650e-25 3.392985e-23 3.068712e-33
[1] 6.103326e-20 2.128286e-29 3.058332e-23 4.980882e-32
[1] 6.081093e-20 4.660298e-25 3.434530e-23 9.821685e-36
[1] 5.866919e-20 3.152672e-32 3.087324e-23 6.396527e-52
[1] 6.107098e-20 5.688008e-25 3.429713e-23 2.146738e-49
[1] 6.132972e-20 4.834404e-40 3.077159e-23 4.624012e-32
[1] 6.218809e-20 4.065251e-25 3.430404e-23 3.096963e-33
[1] 6.067633e-20 1.795615e-25 3.853787e-23 1.244504e-35
[1] 6.314338e-20 4.591472e-25 3.433119e-23 2.289264e-46
[1] 6.303958e-20 6.632543e-25 3.697324e-23 1.960475e-51
[1] 5.971370e-20 4.712732e-25 3.389266e-23 7.160699e-52
[1] 5.861762e-20 1.982548e-28 3.172905e-23 7.457942e-32
[1] 6.132824e-20 5.170638e-25 3.499870e-23 2.084577e-49
[1] 5.946650e-20 5.292675e-25 3.553483e-23 8.204124e-41
[1] 6.224825e-20 1.080427e-28 3.067811e-23 3.493105e-32
[1] 6.076036e-20 4.762223e-25 3.441670e-23 1.259285e-32
[1] 6.069185e-20 2.153251e-25 3.821132e-23 1.190975e-35
[1] 6.075682e-20 1.911945e-25 3.858732e-23 1.262039e-35
[1] 6.101197e-20 2.783503e-26 3.598265e-23 1.022224e-28
Algorithm converged after  377  iterations.
[1] 5.527268e-20 8.808342e-28 2.736069e-18 1.927026e-30
[1] 5.720761e-20 8.212007e-28 3.374380e-18 1.781915e-30
Algorithm converged after  16  iterations.
[1] 5.527268e-20 8.808342e-28 5.194614e-23 1.391268e-23
[1] 6.327542e-20 1.054798e-27 6.339011e-23 2.272108e-23
Algorithm converged after  12  iterations.
[1] 5.527268e-20 8.808342e-28 5.194614e-23 2.736069e-18
Algorithm converged after  9  iterations.
[1] 5.527268e-20 8.808342e-28 1.391268e-23 2.736069e-18
Algorithm converged after  8  iterations.
numeric(0)
Algorithm converged after  1  iterations.
[1] 6.850169e-23
Algorithm converged after  2  iterations.
[1] 2.418606e-23
Algorithm converged after  2  iterations.
[1] 1.905746e-18
Algorithm converged after  2  iterations.
[1] 6.850169e-23 7.371447e-26
Algorithm converged after  2  iterations.
[1] 2.418606e-23 1.404113e-25
Algorithm converged after  2  iterations.
[1] 1.905746e-18 1.217300e-23
Algorithm converged after  2  iterations.
[1] 6.850169e-23 2.418606e-23
Algorithm converged after  2  iterations.
[1] 6.850169e-23 1.905746e-18
