myseed=7583 

Attaching package: ‘pls’

The following object is masked from ‘package:stats’:

    loadings

Loading required package: lattice
Loading required package: ggplot2
Registered S3 methods overwritten by 'ggplot2':
  method         from 
  [.quosures     rlang
  c.quosures     rlang
  print.quosures rlang

Attaching package: ‘caret’

The following object is masked from ‘package:pls’:

    R2

Loading required package: Matrix
Loading required package: foreach
Loaded glmnet 2.0-18

Parsed with column specification:
cols(
  .default = col_double()
)
See spec(...) for full column specifications.
Parsed with column specification:
cols(
  X1 = col_double()
)
Parsed with column specification:
cols(
  X1 = col_double()
)
numeric(0)
Algorithm converged after  1  iterations.
[1] 1.133815e-22
Algorithm converged after  2  iterations.
[1] 2.527412e-25
Algorithm converged after  2  iterations.
[1] 1.330231e-17
Algorithm converged after  2  iterations.
[1] 1.133815e-22 2.160830e-25
Algorithm converged after  2  iterations.
[1] 2.527412e-25 1.584282e-31
Algorithm converged after  2  iterations.
[1] 1.330231e-17 1.924533e-23
Algorithm converged after  2  iterations.
[1] 1.133815e-22 2.527412e-25
Algorithm converged after  2  iterations.
[1] 1.133815e-22 1.330231e-17
Algorithm converged after  2  iterations.
[1] 2.527412e-25 1.330231e-17
Algorithm converged after  2  iterations.
[1] 1.133815e-22 2.160830e-25 2.527412e-25
Algorithm converged after  2  iterations.
[1] 1.133815e-22 2.160830e-25 1.330231e-17
Algorithm converged after  2  iterations.
[1] 1.133815e-22 2.527412e-25 1.584282e-31
Algorithm converged after  2  iterations.
[1] 1.133815e-22 1.330231e-17 1.924533e-23
Algorithm converged after  2  iterations.
[1] 2.527412e-25 1.584282e-31 1.330231e-17
Algorithm converged after  2  iterations.
[1] 2.527412e-25 1.330231e-17 1.924533e-23
Algorithm converged after  2  iterations.
[1] 1.133815e-22 2.527412e-25 1.330231e-17
Algorithm converged after  2  iterations.
[1] 1.133815e-22 2.160830e-25 2.527412e-25 1.584282e-31
Algorithm converged after  2  iterations.
[1] 1.133815e-22 2.160830e-25 1.330231e-17 1.924533e-23
Algorithm converged after  2  iterations.
[1] 2.527412e-25 1.584282e-31 1.330231e-17 1.924533e-23
Algorithm converged after  2  iterations.
[1] 1.133815e-22 2.160830e-25 2.527412e-25 1.330231e-17
Algorithm converged after  2  iterations.
[1] 1.133815e-22 2.527412e-25 1.584282e-31 1.330231e-17
Algorithm converged after  2  iterations.
[1] 1.133815e-22 2.527412e-25 1.330231e-17 1.924533e-23
Algorithm converged after  2  iterations.
[1] 4.888488e-16
Algorithm converged after  2  iterations.
[1] 4.888488e-16 8.587952e-24
Algorithm converged after  6  iterations.
[1] 4.888488e-16 3.098094e-24
Algorithm converged after  5  iterations.
[1] 4.888488e-16 6.848092e-23
Algorithm converged after  7  iterations.
[1] 4.888488e-16 8.587952e-24 7.429673e-35
Algorithm converged after  9  iterations.
[1] 4.888488e-16 3.098094e-24 2.644276e-31
Algorithm converged after  5  iterations.
[1] 4.888488e-16 6.848092e-23 3.453741e-45
Algorithm converged after  9  iterations.
[1] 4.888488e-16 8.587952e-24 3.098094e-24
Algorithm converged after  6  iterations.
[1] 4.888488e-16 8.587952e-24 6.848092e-23
Algorithm converged after  8  iterations.
[1] 4.888488e-16 3.098094e-24 6.848092e-23
Algorithm converged after  8  iterations.
[1] 4.888488e-16 8.587952e-24 7.429673e-35 3.098094e-24
Algorithm converged after  7  iterations.
[1] 4.888488e-16 8.587952e-24 7.429673e-35 6.848092e-23
Algorithm converged after  8  iterations.
[1] 4.888488e-16 8.587952e-24 3.098094e-24 2.644276e-31
Algorithm converged after  6  iterations.
[1] 4.888488e-16 8.587952e-24 6.848092e-23 3.453741e-45
[1] 2.045688e-15 1.002781e-23 9.155489e-23 3.199117e-32
[1] 2.221348e-15 1.015200e-23 9.361314e-23 4.606856e-53
[1] 2.095190e-15 1.006564e-23 9.218788e-23 5.438538e-34
[1] 2.004614e-15 9.999649e-24 9.110293e-23 5.894176e-46
[1] 1.956281e-15 9.964517e-24 9.052462e-23 6.772142e-45
[1] 2.025261e-15 1.001577e-23 9.138771e-23 7.043755e-45
[1] 2.012991e-15 1.000785e-23 9.127293e-23 6.729302e-49
[1] 2.031141e-15 1.002101e-23 9.149224e-23 4.804333e-68
[1] 1.878755e-15 9.911151e-24 8.969822e-23 6.526536e-69
[1] 2.136821e-15 1.009699e-23 9.277154e-23 8.441595e-52
[1] 1.926222e-15 9.947116e-24 9.030059e-23 3.208298e-32
[1] 1.906657e-15 9.933103e-24 9.007442e-23 4.622064e-71
[1] 2.000090e-15 1.000298e-23 9.123597e-23 4.829136e-36
[1] 2.117209e-15 1.008685e-23 9.262773e-23 6.364439e-30
[1] 1.793926e-15 9.850032e-24 8.872580e-23 2.754931e-45
[1] 2.037969e-15 1.003037e-23 9.170482e-23 8.432712e-45
[1] 2.094393e-15 1.007105e-23 9.239643e-23 7.334007e-45
[1] 2.157715e-15 1.012133e-23 9.333264e-23 4.255595e-49
[1] 1.930155e-15 9.958756e-24 9.063790e-23 6.811079e-51
[1] 2.038354e-15 1.003740e-23 9.194525e-23 6.289723e-30
[1] 2.088608e-15 1.007386e-23 9.257895e-23 5.482941e-34
[1] 2.135963e-15 1.011154e-23 9.323813e-23 4.274133e-29
[1] 2.110225e-15 1.009364e-23 9.294165e-23 5.607281e-34
[1] 2.184819e-15 1.014480e-23 9.379805e-23 1.332962e-48
[1] 1.944452e-15 9.977525e-24 9.108629e-23 3.135754e-32
[1] 1.914612e-15 9.956345e-24 9.074005e-23 4.964757e-34
[1] 2.110579e-15 1.009889e-23 9.311487e-23 2.320055e-32
[1] 2.181577e-15 1.014773e-23 9.393141e-23 7.121329e-51
[1] 1.973229e-15 9.999828e-24 9.147124e-23 2.720524e-51
[1] 1.902611e-15 9.948368e-24 9.061816e-23 3.217485e-71
[1] 2.319472e-15 1.024487e-23 9.556703e-23 2.668808e-51
[1] 1.899091e-15 9.946313e-24 9.058954e-23 8.684566e-34
[1] 2.108644e-15 1.009915e-23 9.313418e-23 1.809501e-69
[1] 2.120685e-15 1.010786e-23 9.328278e-23 2.143799e-35
[1] 1.745404e-15 9.829283e-24 8.866177e-23 2.711051e-32
[1] 2.085353e-15 1.008231e-23 9.286376e-23 1.305747e-48
[1] 2.546321e-15 1.039466e-23 9.815325e-23 6.154204e-30
[1] 2.254623e-15 1.020644e-23 9.504543e-23 5.024803e-46
[1] 2.123067e-15 1.011610e-23 9.353437e-23 6.349974e-30
[1] 2.017149e-15 1.004137e-23 9.229229e-23 8.782850e-33
[1] 2.128226e-15 1.012095e-23 9.362681e-23 6.224721e-33
[1] 2.121899e-15 1.011617e-23 9.355190e-23 5.278565e-34
[1] 1.923894e-15 9.972527e-24 9.115712e-23 3.018699e-32
[1] 1.968771e-15 1.000550e-23 9.170845e-23 3.335828e-34
[1] 2.115042e-15 1.011199e-23 9.348912e-23 6.362739e-30
[1] 1.940212e-15 9.988231e-24 9.148623e-23 4.141883e-29
[1] 2.106199e-15 1.010794e-23 9.348949e-23 2.652638e-45
[1] 2.011115e-15 1.004049e-23 9.236512e-23 3.028970e-65
[1] 1.964497e-15 1.000742e-23 9.182036e-23 1.266529e-48
Algorithm did not converge after  500  iterations.
[1] 4.888488e-16 3.098094e-24 2.644276e-31 6.848092e-23
Algorithm converged after  8  iterations.
[1] 4.888488e-16 3.098094e-24 6.848092e-23 3.453741e-45
[1] 1.869765e-15 3.607687e-24 8.962693e-23 6.488725e-30
Algorithm converged after  15  iterations.
[1] 4.888488e-16 8.587952e-24 3.098094e-24 6.848092e-23
Algorithm converged after  9  iterations.
[1] 4.888488e-16 1.821705e-19
Algorithm converged after  2  iterations.
[1] 4.888488e-16 1.821705e-19 1.380462e-31
Algorithm converged after  5  iterations.
[1] 4.888488e-16 1.821705e-19 7.363703e-29
Algorithm converged after  4  iterations.
[1] 4.888488e-16 1.821705e-19 5.101479e-29
Algorithm converged after  6  iterations.
[1] 4.888488e-16 1.821705e-19 1.380462e-31 7.020939e-35
Algorithm converged after  5  iterations.
[1] 4.888488e-16 1.821705e-19 7.363703e-29 1.475629e-33
[1] 3.732351e-16 1.797638e-19 7.410583e-29 1.176197e-33
[1] 4.799223e-16 1.777630e-19 7.389377e-29 1.284228e-45
[1] 4.888876e-16 1.870714e-19 7.358163e-29 2.681861e-48
[1] 3.744247e-16 1.796309e-19 7.415436e-29 8.471314e-34
[1] 4.889104e-16 1.870903e-19 7.359495e-29 2.374841e-48
[1] 4.502828e-16 1.850562e-19 7.376367e-29 2.893563e-63
[1] 4.912105e-16 1.717522e-19 7.400849e-29 1.156109e-52
[1] 4.792538e-16 1.775920e-19 7.395685e-29 8.381177e-34
[1] 4.664278e-16 1.827561e-19 7.375700e-29 3.456079e-52
[1] 4.494713e-16 1.849991e-19 7.379304e-29 4.069754e-50
[1] 4.142788e-16 1.696108e-19 7.425108e-29 8.971488e-34
[1] 4.890054e-16 1.869902e-19 7.364887e-29 1.320003e-55
[1] 4.914976e-16 1.720374e-19 7.404778e-29 1.193923e-45
[1] 4.760841e-16 1.821115e-19 7.383555e-29 2.354021e-48
[1] 4.796052e-16 1.860115e-19 7.371908e-29 5.027517e-33
[1] 3.731337e-16 1.797726e-19 7.422581e-29 4.956443e-33
[1] 4.800543e-16 1.859471e-19 7.373692e-29 3.232178e-49
[1] 4.730495e-16 1.826474e-19 7.386400e-29 1.461098e-33
[1] 4.159165e-16 1.857081e-19 7.405057e-29 8.437056e-34
[1] 4.311654e-16 1.843725e-19 7.399396e-29 7.517909e-60
[1] 4.881455e-16 1.873764e-19 7.378725e-29 2.677702e-48
[1] 4.910326e-16 1.717266e-19 7.419840e-29 1.809699e-40
[1] 3.733218e-16 1.798293e-19 7.436172e-29 2.334612e-48
[1] 4.202143e-16 1.857593e-19 7.409742e-29 1.422012e-33
[1] 4.880919e-16 1.873600e-19 7.383039e-29 5.094940e-52
[1] 4.880884e-16 1.873603e-19 7.384497e-29 1.627652e-62
[1] 4.786371e-16 1.814464e-19 7.403781e-29 2.346691e-48
[1] 4.791655e-16 1.860167e-19 7.390946e-29 1.167456e-45
[1] 4.793914e-16 1.775514e-19 7.420213e-29 1.469776e-33
[1] 4.912918e-16 1.722585e-19 7.426244e-29 2.958537e-53
[1] 4.889125e-16 1.837895e-19 7.403272e-29 4.865986e-33
[1] 4.891009e-16 1.870436e-19 7.389717e-29 1.168919e-45
[1] 4.198639e-16 1.856584e-19 7.418891e-29 1.860506e-45
[1] 4.888408e-16 1.869880e-19 7.391584e-29 1.457852e-33
[1] 1.864890e-19 7.416440e-26 2.016009e-23 4.506780e-36
[1] 1.889489e-19 3.937820e-29 1.859469e-23 1.257352e-34
[1] 1.873958e-19 2.500657e-30 1.833156e-23 4.617158e-32
[1] 1.758165e-19 1.586765e-28 1.804563e-23 3.529469e-34
[1] 1.828691e-19 3.440043e-30 1.867311e-23 3.931462e-32
[1] 1.864546e-19 5.219061e-26 2.010425e-23 8.458730e-35
[1] 1.799061e-19 3.170544e-27 1.826854e-23 1.944527e-32
[1] 1.846526e-19 2.327809e-42 1.905371e-23 1.256076e-31
[1] 1.833621e-19 7.678941e-27 1.877064e-23 2.678818e-38
[1] 1.865367e-19 1.713133e-30 1.827712e-23 4.007864e-32
[1] 1.829856e-19 2.354617e-25 1.922985e-23 1.507898e-33
[1] 1.864986e-19 1.600883e-28 1.853578e-23 7.205972e-32
[1] 1.863897e-19 1.656950e-46 1.900333e-23 1.709696e-31
[1] 1.863486e-19 9.768492e-28 1.938342e-23 2.826380e-34
[1] 1.863102e-19 1.138078e-27 1.939288e-23 2.764207e-34
Algorithm did not converge after  500  iterations.
[1] 4.888488e-16 1.821705e-19 5.101479e-29 1.081470e-29
Algorithm converged after  7  iterations.
[1] 4.888488e-16 1.821705e-19 1.380462e-31 7.363703e-29
Algorithm converged after  5  iterations.
[1] 4.888488e-16 1.821705e-19 1.380462e-31 5.101479e-29
Algorithm converged after  6  iterations.
[1] 4.888488e-16 1.821705e-19 7.363703e-29 5.101479e-29
Algorithm converged after  6  iterations.
numeric(0)
Algorithm converged after  1  iterations.
[1] 6.583394e-23
Algorithm converged after  2  iterations.
[1] 2.443542e-25
Algorithm converged after  2  iterations.
[1] 4.9117e-18
Algorithm converged after  2  iterations.
[1] 6.583394e-23 1.518282e-25
Algorithm converged after  2  iterations.
[1] 2.443542e-25 5.851814e-31
Algorithm converged after  2  iterations.
[1] 4.911700e-18 1.333907e-23
Algorithm converged after  2  iterations.
[1] 6.583394e-23 2.443542e-25
Algorithm converged after  2  iterations.
[1] 6.583394e-23 4.911700e-18
Algorithm converged after  2  iterations.
[1] 2.443542e-25 4.911700e-18
Algorithm converged after  2  iterations.
[1] 6.583394e-23 1.518282e-25 2.443542e-25
Algorithm converged after  2  iterations.
[1] 6.583394e-23 1.518282e-25 4.911700e-18
Algorithm converged after  2  iterations.
[1] 6.583394e-23 2.443542e-25 5.851814e-31
Algorithm converged after  2  iterations.
[1] 6.583394e-23 4.911700e-18 1.333907e-23
Algorithm converged after  2  iterations.
[1] 2.443542e-25 5.851814e-31 4.911700e-18
Algorithm converged after  2  iterations.
[1] 2.443542e-25 4.911700e-18 1.333907e-23
Algorithm converged after  2  iterations.
[1] 6.583394e-23 2.443542e-25 4.911700e-18
Algorithm converged after  2  iterations.
[1] 6.583394e-23 1.518282e-25 2.443542e-25 5.851814e-31
Algorithm converged after  2  iterations.
[1] 6.583394e-23 1.518282e-25 4.911700e-18 1.333907e-23
Algorithm converged after  2  iterations.
[1] 2.443542e-25 5.851814e-31 4.911700e-18 1.333907e-23
Algorithm converged after  2  iterations.
[1] 6.583394e-23 1.518282e-25 2.443542e-25 4.911700e-18
Algorithm converged after  2  iterations.
[1] 6.583394e-23 2.443542e-25 5.851814e-31 4.911700e-18
Algorithm converged after  2  iterations.
[1] 6.583394e-23 2.443542e-25 4.911700e-18 1.333907e-23
Algorithm converged after  2  iterations.
[1] 2.650552e-16
Algorithm converged after  2  iterations.
[1] 2.650552e-16 5.170305e-24
Algorithm converged after  6  iterations.
[1] 2.650552e-16 2.170300e-24
Algorithm converged after  5  iterations.
[1] 2.650552e-16 3.718447e-23
Algorithm converged after  7  iterations.
[1] 2.650552e-16 5.170305e-24 5.287878e-35
Algorithm converged after  7  iterations.
[1] 2.650552e-16 2.170300e-24 4.072623e-33
[1] 3.015338e-16 2.193882e-24 4.084382e-33
[1] 3.807374e-16 2.241547e-24 1.464777e-68
[1] 2.987472e-16 2.193426e-24 4.265175e-33
[1] 2.987472e-16 2.193426e-24 4.265175e-33
[1] 2.987472e-16 2.193426e-24 4.265175e-33
[1] 2.987472e-16 2.193426e-24 4.265175e-33
[1] 2.987472e-16 2.193426e-24 4.265175e-33
[1] 2.987472e-16 2.193426e-24 4.265175e-33
[1] 2.987472e-16 2.193426e-24 4.265175e-33
[1] 2.987472e-16 2.193426e-24 4.265175e-33
[1] 2.987472e-16 2.193426e-24 4.265175e-33
[1] 2.987472e-16 2.193426e-24 4.265175e-33
[1] 2.987472e-16 2.193426e-24 4.265175e-33
[1] 2.987472e-16 2.193426e-24 4.265175e-33
[1] 2.987472e-16 2.193426e-24 4.265175e-33
[1] 2.987472e-16 2.193426e-24 4.265175e-33
[1] 2.987472e-16 2.193426e-24 4.265175e-33
[1] 2.987472e-16 2.193426e-24 4.265175e-33
[1] 2.987472e-16 2.193426e-24 4.265175e-33
[1] 2.987472e-16 2.193426e-24 4.265175e-33
[1] 2.987472e-16 2.193426e-24 4.265175e-33
[1] 2.987472e-16 2.193426e-24 4.265175e-33
[1] 2.987472e-16 2.193426e-24 4.265175e-33
[1] 2.987472e-16 2.193426e-24 4.265175e-33
[1] 2.987472e-16 2.193426e-24 4.265175e-33
[1] 2.987472e-16 2.193426e-24 4.265175e-33
[1] 2.987472e-16 2.193426e-24 4.265175e-33
[1] 2.987472e-16 2.193426e-24 4.265175e-33
[1] 2.987472e-16 2.193426e-24 4.265175e-33
[1] 2.987472e-16 2.193426e-24 4.265175e-33
[1] 2.987472e-16 2.193426e-24 4.265175e-33
[1] 2.987472e-16 2.193426e-24 4.265175e-33
[1] 2.987472e-16 2.193426e-24 4.265175e-33
[1] 2.987472e-16 2.193426e-24 4.265175e-33
[1] 2.987472e-16 2.193426e-24 4.265175e-33
[1] 2.987472e-16 2.193426e-24 4.265175e-33
[1] 2.987472e-16 2.193426e-24 4.265175e-33
[1] 2.987472e-16 2.193426e-24 4.265175e-33
[1] 2.987472e-16 2.193426e-24 4.265175e-33
[1] 2.987472e-16 2.193426e-24 4.265175e-33
[1] 2.987472e-16 2.193426e-24 4.265175e-33
[1] 2.987472e-16 2.193426e-24 4.265175e-33
[1] 2.987472e-16 2.193426e-24 4.265175e-33
[1] 2.987472e-16 2.193426e-24 4.265175e-33
[1] 2.987472e-16 2.193426e-24 4.265175e-33
[1] 2.987472e-16 2.193426e-24 4.265175e-33
[1] 2.987472e-16 2.193426e-24 4.265175e-33
[1] 2.987472e-16 2.193426e-24 4.265175e-33
[1] 2.987472e-16 2.193426e-24 4.265175e-33
Algorithm did not converge after  500  iterations.
[1] 2.650552e-16 3.718447e-23 4.892464e-51
[1] 6.466130e-16 4.321879e-23 9.355818e-46
Algorithm converged after  19  iterations.
[1] 2.650552e-16 5.170305e-24 2.170300e-24
Algorithm converged after  7  iterations.
[1] 2.650552e-16 5.170305e-24 3.718447e-23
Algorithm converged after  8  iterations.
[1] 2.650552e-16 2.170300e-24 3.718447e-23
Algorithm converged after  7  iterations.
[1] 2.650552e-16 5.170305e-24 5.287878e-35 2.170300e-24
Algorithm converged after  7  iterations.
[1] 2.650552e-16 5.170305e-24 5.287878e-35 3.718447e-23
[1] 9.030621e-16 5.990077e-24 7.046513e-35 4.646044e-23
[1] 8.570746e-16 5.943480e-24 9.200984e-35 4.592692e-23
Algorithm converged after  25  iterations.
[1] 2.650552e-16 5.170305e-24 2.170300e-24 4.072623e-33
[1] 5.577034e-16 5.598807e-24 2.331240e-24 3.911318e-33
[1] 5.787821e-16 5.625644e-24 2.341157e-24 3.977549e-33
[1] 4.832525e-16 5.503664e-24 2.295122e-24 2.572604e-53
[1] 5.553659e-16 5.598729e-24 2.330798e-24 3.886409e-33
[1] 4.874875e-16 5.510893e-24 2.297616e-24 6.494575e-31
[1] 5.590569e-16 5.604629e-24 2.332731e-24 3.207330e-36
[1] 4.823594e-16 5.505052e-24 2.295218e-24 4.126474e-33
Algorithm converged after  71  iterations.
[1] 2.650552e-16 5.170305e-24 3.718447e-23 4.892464e-51
Algorithm converged after  9  iterations.
[1] 2.650552e-16 2.170300e-24 4.072623e-33 3.718447e-23
[1] 7.419234e-16 2.413084e-24 3.323469e-36 4.447345e-23
[1] 7.762898e-16 2.427486e-24 6.291449e-44 4.491085e-23
[1] 7.746983e-16 2.426811e-24 3.358337e-36 4.489241e-23
[1] 7.598041e-16 2.420576e-24 6.116021e-58 4.470756e-23
[1] 7.832662e-16 2.430356e-24 3.845661e-33 4.500869e-23
[1] 7.688415e-16 2.424548e-24 1.599178e-52 4.483564e-23
[1] 7.960485e-16 2.435765e-24 1.420483e-49 4.518023e-23
[1] 7.412149e-16 2.413157e-24 3.880272e-33 4.449598e-23
[1] 8.099134e-16 2.441616e-24 8.887051e-34 4.536537e-23
[1] 7.817422e-16 2.430115e-24 1.995665e-42 4.501656e-23
[1] 7.725881e-16 2.426289e-24 2.867502e-29 4.490473e-23
[1] 7.812819e-16 2.429979e-24 3.826971e-33 4.501990e-23
[1] 7.696637e-16 2.424971e-24 2.141483e-48 4.487414e-23
[1] 8.185475e-16 2.445310e-24 1.140036e-51 4.549530e-23
[1] 8.234444e-16 2.447295e-24 2.522168e-52 4.555782e-23
[1] 7.658595e-16 2.423784e-24 2.864475e-29 4.484462e-23
[1] 8.102799e-16 2.442110e-24 6.062922e-43 4.540472e-23
[1] 7.894986e-16 2.433515e-24 3.366404e-36 4.514523e-23
[1] 6.953743e-16 2.394364e-24 5.150067e-48 4.395542e-23
[1] 7.872295e-16 2.432730e-24 1.593789e-52 4.512532e-23
[1] 7.501518e-16 2.417376e-24 3.327545e-36 4.465936e-23
[1] 7.738873e-16 2.427280e-24 6.084639e-43 4.496540e-23
[1] 8.182456e-16 2.445730e-24 6.045765e-43 4.552788e-23
[1] 7.880417e-16 2.433292e-24 1.673278e-38 4.515404e-23
[1] 7.827700e-16 2.431256e-24 1.782724e-38 4.509443e-23
[1] 8.235178e-16 2.447776e-24 2.853798e-29 4.559939e-23
[1] 7.593157e-16 2.421438e-24 2.880334e-29 4.480307e-23
[1] 7.893538e-16 2.434053e-24 3.368394e-36 4.519105e-23
[1] 8.204859e-16 2.446735e-24 1.411651e-49 4.557997e-23
[1] 7.758206e-16 2.428586e-24 3.355818e-36 4.502921e-23
[1] 6.917298e-16 2.393361e-24 3.289148e-36 4.395954e-23
[1] 8.229389e-16 2.447934e-24 1.812863e-42 4.562944e-23
[1] 7.891011e-16 2.434232e-24 1.509985e-48 4.521618e-23
[1] 7.824057e-16 2.431567e-24 1.939963e-42 4.513892e-23
[1] 7.872658e-16 2.433549e-24 4.948633e-64 4.520216e-23
[1] 7.476717e-16 2.417107e-24 2.143504e-48 4.470266e-23
[1] 7.880703e-16 2.433901e-24 3.817494e-33 4.521550e-23
[1] 7.845974e-16 2.432555e-24 1.673599e-38 4.518062e-23
[1] 7.827327e-16 2.431790e-24 3.838789e-33 4.516001e-23
[1] 7.819693e-16 2.431665e-24 5.174441e-48 4.516155e-23
[1] 8.191278e-16 2.446855e-24 1.501998e-48 4.563209e-23
[1] 7.490057e-16 2.418057e-24 5.151067e-48 4.475855e-23
[1] 8.267745e-16 2.450157e-24 3.728994e-33 4.573935e-23
[1] 7.927721e-16 2.436204e-24 2.133009e-48 4.531736e-23
[1] 7.794664e-16 2.430829e-24 4.451290e-65 4.515271e-23
[1] 7.805110e-16 2.431263e-24 5.083845e-31 4.516934e-23
[1] 7.611416e-16 2.423298e-24 3.870819e-33 4.492992e-23
[1] 7.575342e-16 2.421871e-24 2.145718e-48 4.489013e-23
[1] 7.524940e-16 2.419825e-24 2.619087e-57 4.482855e-23
Algorithm did not converge after  500  iterations.
[1] 2.650552e-16 2.170300e-24 3.718447e-23 4.892464e-51
[1] 8.183208e-16 2.444510e-24 4.541915e-23 2.477207e-29
[1] 9.420254e-16 2.493195e-24 4.691086e-23 2.535559e-29
[1] 8.299303e-16 2.449673e-24 4.558104e-23 6.930271e-29
[1] 8.698737e-16 2.465513e-24 4.606517e-23 1.144346e-29
[1] 8.299101e-16 2.449738e-24 4.558431e-23 6.930169e-29
[1] 8.702778e-16 2.465730e-24 4.607281e-23 7.008174e-29
Algorithm converged after  61  iterations.
[1] 2.650552e-16 5.170305e-24 2.170300e-24 3.718447e-23
Algorithm converged after  8  iterations.
[1] 2.650552e-16 1.256595e-19
Algorithm converged after  2  iterations.
[1] 2.650552e-16 1.256595e-19 1.269611e-31
Algorithm converged after  5  iterations.
[1] 2.650552e-16 1.256595e-19 3.043008e-29
Algorithm converged after  4  iterations.
[1] 2.650552e-16 1.256595e-19 3.805202e-29
Algorithm converged after  5  iterations.
[1] 2.650552e-16 1.256595e-19 1.269611e-31 2.758714e-33
Algorithm converged after  6  iterations.
[1] 2.650552e-16 1.256595e-19 3.043008e-29 3.237695e-33
Algorithm converged after  9  iterations.
[1] 2.650552e-16 1.256595e-19 3.805202e-29 3.151660e-29
Algorithm converged after  7  iterations.
[1] 2.650552e-16 1.256595e-19 1.269611e-31 3.043008e-29
Algorithm converged after  5  iterations.
[1] 2.650552e-16 1.256595e-19 1.269611e-31 3.805202e-29
Algorithm converged after  6  iterations.
[1] 2.650552e-16 1.256595e-19 3.043008e-29 3.805202e-29
Algorithm converged after  5  iterations.
numeric(0)
Algorithm converged after  1  iterations.
[1] 8.239614e-23
Algorithm converged after  2  iterations.
[1] 3.300524e-25
Algorithm converged after  2  iterations.
[1] 5.489153e-18
Algorithm converged after  2  iterations.
[1] 8.239614e-23 6.062595e-26
Algorithm converged after  2  iterations.
[1] 3.300524e-25 8.899953e-39
Algorithm converged after  2  iterations.
[1] 5.489153e-18 2.343734e-23
Algorithm converged after  2  iterations.
[1] 8.239614e-23 3.300524e-25
Algorithm converged after  2  iterations.
[1] 8.239614e-23 5.489153e-18
Algorithm converged after  2  iterations.
[1] 3.300524e-25 5.489153e-18
Algorithm converged after  2  iterations.
[1] 8.239614e-23 6.062595e-26 3.300524e-25
Algorithm converged after  2  iterations.
[1] 8.239614e-23 6.062595e-26 5.489153e-18
Algorithm converged after  2  iterations.
[1] 8.239614e-23 3.300524e-25 8.899953e-39
Algorithm converged after  2  iterations.
[1] 8.239614e-23 5.489153e-18 2.343734e-23
Algorithm converged after  2  iterations.
[1] 3.300524e-25 8.899953e-39 5.489153e-18
Algorithm converged after  2  iterations.
[1] 3.300524e-25 5.489153e-18 2.343734e-23
Algorithm converged after  2  iterations.
[1] 8.239614e-23 3.300524e-25 5.489153e-18
Algorithm converged after  2  iterations.
[1] 8.239614e-23 6.062595e-26 3.300524e-25 8.899953e-39
Algorithm converged after  2  iterations.
[1] 8.239614e-23 6.062595e-26 5.489153e-18 2.343734e-23
Algorithm converged after  2  iterations.
[1] 3.300524e-25 8.899953e-39 5.489153e-18 2.343734e-23
Algorithm converged after  2  iterations.
[1] 8.239614e-23 6.062595e-26 3.300524e-25 5.489153e-18
Algorithm converged after  2  iterations.
[1] 8.239614e-23 3.300524e-25 8.899953e-39 5.489153e-18
Algorithm converged after  2  iterations.
[1] 8.239614e-23 3.300524e-25 5.489153e-18 2.343734e-23
Algorithm converged after  2  iterations.
[1] 2.566922e-16
Algorithm converged after  2  iterations.
[1] 2.566922e-16 6.736574e-24
Algorithm converged after  6  iterations.
[1] 2.566922e-16 3.995145e-24
Algorithm converged after  5  iterations.
[1] 2.566922e-16 1.307027e-22
Algorithm converged after  8  iterations.
[1] 2.566922e-16 6.736574e-24 1.690969e-34
Algorithm converged after  6  iterations.
[1] 2.566922e-16 3.995145e-24 2.721876e-31
Algorithm converged after  5  iterations.
[1] 2.566922e-16 1.307027e-22 1.157881e-29
[1] 9.076293e-16 1.689722e-22 3.669034e-29
[1] 1.002634e-15 1.734956e-22 1.150786e-29
[1] 1.010603e-15 1.738669e-22 1.142582e-29
Algorithm converged after  33  iterations.
[1] 2.566922e-16 6.736574e-24 3.995145e-24
Algorithm converged after  7  iterations.
[1] 2.566922e-16 6.736574e-24 1.307027e-22
Algorithm converged after  9  iterations.
[1] 2.566922e-16 3.995145e-24 1.307027e-22
Algorithm converged after  8  iterations.
[1] 2.566922e-16 6.736574e-24 1.690969e-34 3.995145e-24
Algorithm converged after  6  iterations.
[1] 2.566922e-16 6.736574e-24 1.690969e-34 1.307027e-22
Algorithm converged after  9  iterations.
[1] 2.566922e-16 6.736574e-24 3.995145e-24 2.721876e-31
Algorithm converged after  6  iterations.
[1] 2.566922e-16 6.736574e-24 1.307027e-22 1.157881e-29
[1] 1.404311e-15 8.225513e-24 1.910825e-22 3.966767e-29
Algorithm converged after  16  iterations.
[1] 2.566922e-16 3.995145e-24 2.721876e-31 1.307027e-22
Algorithm converged after  8  iterations.
[1] 2.566922e-16 3.995145e-24 1.307027e-22 1.157881e-29
[1] 1.157760e-15 4.661670e-24 1.805195e-22 2.586260e-34
[1] 1.170257e-15 4.668757e-24 1.810753e-22 7.203842e-34
[1] 1.017064e-15 4.580188e-24 1.742954e-22 1.131701e-29
[1] 1.095495e-15 4.626391e-24 1.778476e-22 1.143400e-29
[1] 1.175544e-15 4.672272e-24 1.813854e-22 1.155340e-29
[1] 1.169916e-15 4.669716e-24 1.812012e-22 1.160660e-29
[1] 7.999603e-16 4.443461e-24 1.639759e-22 8.712804e-36
[1] 1.196924e-15 4.685313e-24 1.824748e-22 3.874735e-29
[1] 1.182911e-15 4.677053e-24 1.818645e-22 7.135645e-34
[1] 1.238320e-15 4.708886e-24 1.843484e-22 2.911670e-34
[1] 1.207070e-15 4.690838e-24 1.829797e-22 1.302501e-29
[1] 1.273170e-15 4.727704e-24 1.858553e-22 1.541904e-39
[1] 1.287587e-15 4.735701e-24 1.864929e-22 6.885923e-34
[1] 1.176240e-15 4.673845e-24 1.817111e-22 1.296667e-29
[1] 1.175804e-15 4.673772e-24 1.817225e-22 6.385490e-54
[1] 1.156252e-15 4.662904e-24 1.808927e-22 2.595175e-34
[1] 1.157592e-15 4.663707e-24 1.809720e-22 3.577413e-79
[1] 1.271762e-15 4.727515e-24 1.859278e-22 3.170589e-34
[1] 1.274763e-15 4.729264e-24 1.860799e-22 3.180475e-34
[1] 1.041173e-15 4.596385e-24 1.758313e-22 1.135119e-29
[1] 1.205700e-15 4.691627e-24 1.831884e-22 6.945558e-34
[1] 1.143776e-15 4.656301e-24 1.804726e-22 1.081030e-53
[1] 1.407341e-15 4.799666e-24 1.916472e-22 1.225078e-53
[1] 1.044285e-15 4.598907e-24 1.761312e-22 6.776942e-40
[1] 1.173670e-15 4.673630e-24 1.819022e-22 3.806513e-29
[1] 1.059844e-15 4.608278e-24 1.768874e-22 1.141592e-29
[1] 1.136150e-15 4.652794e-24 1.803252e-22 1.293423e-29
[1] 1.180730e-15 4.678152e-24 1.823272e-22 1.156011e-29
[1] 1.185139e-15 4.680830e-24 1.825660e-22 2.770538e-34
[1] 1.179642e-15 4.677937e-24 1.823498e-22 7.131247e-34
[1] 1.267950e-15 4.727388e-24 1.862124e-22 4.728333e-54
[1] 1.053404e-15 4.605312e-24 1.767818e-22 2.715026e-39
[1] 1.171186e-15 4.674241e-24 1.821257e-22 2.864996e-39
[1] 1.052843e-15 4.605300e-24 1.768303e-22 1.134272e-29
[1] 1.035084e-15 4.595118e-24 1.760778e-22 1.272185e-29
[1] 1.206705e-15 4.693882e-24 1.837246e-22 1.159453e-29
[1] 1.133900e-15 4.652916e-24 1.805721e-22 2.564406e-34
[1] 1.053686e-15 4.606354e-24 1.770022e-22 1.497328e-63
[1] 1.247530e-15 4.717952e-24 1.858377e-22 3.101177e-34
[1] 1.114201e-15 4.642625e-24 1.799922e-22 6.833953e-40
[1] 1.136251e-15 4.655426e-24 1.810012e-22 5.302068e-45
[1] 1.096842e-15 4.632983e-24 1.792787e-22 7.116582e-34
[1] 1.127806e-15 4.650944e-24 1.806838e-22 7.062758e-34
[1] 1.219299e-15 4.703157e-24 1.847563e-22 1.184637e-29
[1] 1.245367e-15 4.717814e-24 1.859179e-22 1.192601e-29
[1] 1.178977e-15 4.680131e-24 1.829856e-22 1.496154e-60
[1] 1.178580e-15 4.679884e-24 1.829750e-22 3.801665e-29
[1] 1.173404e-15 4.677970e-24 1.828531e-22 1.299904e-29
[1] 1.060248e-15 4.612041e-24 1.777588e-22 1.278478e-29
Algorithm did not converge after  500  iterations.
[1] 2.566922e-16 6.736574e-24 3.995145e-24 1.307027e-22
Algorithm converged after  9  iterations.
[1] 2.566922e-16 1.662276e-19
Algorithm converged after  2  iterations.
[1] 2.566922e-16 1.662276e-19 2.107958e-31
Algorithm converged after  5  iterations.
[1] 2.566922e-16 1.662276e-19 5.805372e-29
Algorithm converged after  4  iterations.
[1] 2.566922e-16 1.662276e-19 5.741381e-29
Algorithm converged after  7  iterations.
[1] 2.566922e-16 1.662276e-19 2.107958e-31 1.251770e-34
Algorithm converged after  5  iterations.
[1] 2.566922e-16 1.662276e-19 5.805372e-29 2.817193e-36
[1] 1.559811e-19 5.732354e-26 2.788218e-23 1.270881e-33
[1] 1.568851e-19 3.814015e-26 2.782526e-23 1.141121e-34
[1] 1.607642e-19 4.592188e-27 2.639937e-23 3.689624e-29
[1] 1.650452e-19 2.355490e-25 2.678459e-23 1.368558e-53
[1] 1.558400e-19 2.136409e-25 2.598765e-23 6.862921e-34
[1] 1.567803e-19 3.614965e-26 2.782319e-23 1.125691e-34
[1] 1.566559e-19 3.924541e-26 2.784873e-23 1.233021e-34
[1] 1.542731e-19 2.408525e-25 2.598143e-23 1.460859e-33
[1] 1.563668e-19 6.394417e-26 2.824115e-23 9.072831e-34
[1] 1.651582e-19 2.298801e-25 2.666548e-23 1.029804e-38
[1] 1.563857e-19 5.434375e-26 2.807464e-23 9.294750e-34
[1] 1.591206e-19 1.906055e-29 2.521408e-23 4.727991e-32
[1] 1.647448e-19 2.095686e-25 2.634351e-23 9.831877e-39
[1] 1.649419e-19 2.383241e-25 2.676346e-23 4.349345e-40
[1] 1.591552e-19 4.575593e-30 2.537088e-23 3.604136e-32
[1] 1.586400e-19 2.479277e-25 2.629961e-23 9.582258e-39
[1] 1.551915e-19 2.163257e-25 2.578550e-23 9.106595e-39
[1] 1.648818e-19 2.296549e-25 2.667382e-23 8.961329e-39
[1] 1.590969e-19 2.682157e-25 2.636296e-23 1.065366e-38
[1] 1.585899e-19 2.124721e-25 2.606678e-23 1.070954e-38
[1] 1.562709e-19 6.362177e-26 2.791457e-23 4.743834e-36
[1] 1.589060e-19 2.924993e-25 2.691595e-23 1.162110e-38
[1] 1.567833e-19 3.221868e-46 2.521926e-23 6.220963e-32
[1] 1.565481e-19 7.010343e-26 2.808676e-23 1.102626e-33
[1] 1.563030e-19 2.273869e-25 2.604301e-23 8.838981e-39
[1] 1.582651e-19 1.760278e-60 2.626002e-23 5.291087e-32
[1] 1.563384e-19 6.582164e-26 2.828960e-23 8.900968e-34
[1] 1.569544e-19 3.021267e-26 2.779823e-23 2.179647e-37
[1] 1.565635e-19 5.583328e-26 2.804281e-23 9.480377e-34
[1] 1.625510e-19 2.878315e-25 2.665175e-23 1.627225e-38
[1] 1.569911e-19 3.194792e-26 2.778406e-23 8.817699e-34
[1] 1.554779e-19 2.135845e-25 2.598538e-23 7.186064e-34
[1] 1.591745e-19 1.930641e-29 2.523107e-23 4.694987e-32
[1] 1.564118e-19 5.479792e-26 2.797976e-23 1.081049e-33
[1] 1.570714e-19 3.943058e-44 2.578935e-23 1.083020e-31
[1] 1.543020e-19 3.146445e-25 2.583821e-23 8.584463e-39
[1] 1.571552e-19 3.034934e-25 2.612601e-23 9.846804e-39
[1] 1.541330e-19 2.216017e-25 2.575779e-23 1.050130e-38
[1] 1.568401e-19 3.354871e-26 2.781776e-23 1.209072e-34
[1] 1.576957e-19 9.206315e-33 2.527697e-23 6.043167e-32
[1] 1.574637e-19 1.448102e-31 2.519673e-23 7.291309e-32
[1] 1.610862e-19 2.194042e-25 2.626880e-23 1.022996e-38
[1] 1.537765e-19 5.076996e-46 2.615342e-23 1.159760e-31
[1] 1.518638e-19 3.925714e-25 2.623464e-23 3.632578e-47
[1] 1.651325e-19 2.367085e-25 2.684762e-23 8.977811e-39
[1] 1.619658e-19 2.348235e-25 2.638902e-23 5.424729e-36
[1] 1.594176e-19 2.433453e-25 2.584883e-23 1.187799e-49
[1] 1.570581e-19 3.129969e-26 2.777278e-23 5.534928e-46
[1] 1.565483e-19 4.266275e-26 2.794330e-23 1.333917e-34
Algorithm did not converge after  500  iterations.
[1] 2.566922e-16 1.662276e-19 5.741381e-29 1.564968e-29
Algorithm converged after  8  iterations.
[1] 2.566922e-16 1.662276e-19 2.107958e-31 5.805372e-29
Algorithm converged after  5  iterations.
[1] 2.566922e-16 1.662276e-19 2.107958e-31 5.741381e-29
Algorithm converged after  6  iterations.
[1] 2.566922e-16 1.662276e-19 5.805372e-29 5.741381e-29
Algorithm converged after  6  iterations.
numeric(0)
Algorithm converged after  1  iterations.
[1] 4.286269e-23
Algorithm converged after  2  iterations.
[1] 2.749055e-25
Algorithm converged after  2  iterations.
[1] 9.566563e-18
Algorithm converged after  2  iterations.
[1] 4.286269e-23 8.241865e-26
Algorithm converged after  2  iterations.
[1] 2.749055e-25 1.120509e-26
Algorithm converged after  2  iterations.
[1] 9.566563e-18 1.458461e-23
Algorithm converged after  2  iterations.
[1] 4.286269e-23 2.749055e-25
Algorithm converged after  2  iterations.
[1] 4.286269e-23 9.566563e-18
Algorithm converged after  2  iterations.
[1] 2.749055e-25 9.566563e-18
Algorithm converged after  2  iterations.
[1] 4.286269e-23 8.241865e-26 2.749055e-25
Algorithm converged after  2  iterations.
[1] 4.286269e-23 8.241865e-26 9.566563e-18
Algorithm converged after  2  iterations.
[1] 4.286269e-23 2.749055e-25 1.120509e-26
Algorithm converged after  2  iterations.
[1] 4.286269e-23 9.566563e-18 1.458461e-23
Algorithm converged after  2  iterations.
[1] 2.749055e-25 1.120509e-26 9.566563e-18
Algorithm converged after  2  iterations.
[1] 2.749055e-25 9.566563e-18 1.458461e-23
Algorithm converged after  2  iterations.
[1] 4.286269e-23 2.749055e-25 9.566563e-18
Algorithm converged after  2  iterations.
[1] 4.286269e-23 8.241865e-26 2.749055e-25 1.120509e-26
Algorithm converged after  2  iterations.
[1] 4.286269e-23 8.241865e-26 9.566563e-18 1.458461e-23
Algorithm converged after  2  iterations.
[1] 2.749055e-25 1.120509e-26 9.566563e-18 1.458461e-23
Algorithm converged after  2  iterations.
[1] 4.286269e-23 8.241865e-26 2.749055e-25 9.566563e-18
Algorithm converged after  2  iterations.
[1] 4.286269e-23 2.749055e-25 1.120509e-26 9.566563e-18
Algorithm converged after  2  iterations.
[1] 4.286269e-23 2.749055e-25 9.566563e-18 1.458461e-23
Algorithm converged after  2  iterations.
[1] 4.334346e-16
Algorithm converged after  2  iterations.
[1] 4.334346e-16 2.906721e-24
Algorithm converged after  6  iterations.
[1] 4.334346e-16 2.678175e-24
Algorithm converged after  5  iterations.
[1] 4.334346e-16 5.966613e-23
Algorithm converged after  8  iterations.
[1] 4.334346e-16 2.906721e-24 1.435710e-34
Algorithm converged after  6  iterations.
[1] 4.334346e-16 2.678175e-24 1.447945e-34
Algorithm converged after  6  iterations.
[1] 4.334346e-16 5.966613e-23 5.552279e-30
Algorithm converged after  10  iterations.
[1] 4.334346e-16 2.906721e-24 2.678175e-24
Algorithm converged after  6  iterations.
[1] 4.334346e-16 2.906721e-24 5.966613e-23
Algorithm converged after  8  iterations.
[1] 4.334346e-16 2.678175e-24 5.966613e-23
Algorithm converged after  8  iterations.
[1] 4.334346e-16 2.906721e-24 1.435710e-34 2.678175e-24
Algorithm converged after  6  iterations.
[1] 4.334346e-16 2.906721e-24 1.435710e-34 5.966613e-23
Algorithm converged after  9  iterations.
[1] 4.334346e-16 2.906721e-24 2.678175e-24 1.447945e-34
Algorithm converged after  7  iterations.
[1] 4.334346e-16 2.906721e-24 5.966613e-23 5.552279e-30
Algorithm converged after  10  iterations.
[1] 4.334346e-16 2.678175e-24 1.447945e-34 5.966613e-23
[1] 1.459564e-15 2.974164e-24 4.751572e-33 7.503263e-23
[1] 1.490727e-15 2.981272e-24 1.547078e-34 7.541059e-23
[1] 1.419224e-15 2.964760e-24 2.046953e-34 7.453866e-23
[1] 1.609441e-15 3.007558e-24 1.571447e-34 7.682800e-23
[1] 1.500623e-15 2.983514e-24 5.630368e-31 7.554990e-23
[1] 1.501385e-15 2.983750e-24 5.240309e-32 7.556265e-23
[1] 1.471530e-15 2.976971e-24 2.005383e-34 7.520686e-23
[1] 1.546603e-15 2.993677e-24 5.359256e-53 7.610872e-23
[1] 1.422292e-15 2.965393e-24 7.875210e-46 7.461047e-23
[1] 1.461329e-15 2.974792e-24 4.739892e-33 7.510828e-23
[1] 1.500561e-15 2.983618e-24 2.045031e-34 7.558244e-23
Algorithm converged after  111  iterations.
[1] 4.334346e-16 2.678175e-24 5.966613e-23 5.552279e-30
Algorithm converged after  10  iterations.
[1] 4.334346e-16 2.906721e-24 2.678175e-24 5.966613e-23
Algorithm converged after  9  iterations.
[1] 4.334346e-16 1.192475e-19
Algorithm converged after  2  iterations.
[1] 4.334346e-16 1.192475e-19 6.011354e-32
Algorithm converged after  5  iterations.
[1] 4.334346e-16 1.192475e-19 6.376453e-31
Algorithm converged after  4  iterations.
[1] 4.334346e-16 1.192475e-19 3.467006e-29
Algorithm converged after  6  iterations.
[1] 4.334346e-16 1.192475e-19 6.011354e-32 7.424111e-33
Algorithm converged after  5  iterations.
[1] 4.334346e-16 1.192475e-19 6.376453e-31 1.119085e-34
Algorithm converged after  7  iterations.
[1] 4.334346e-16 1.192475e-19 3.467006e-29 1.094735e-29
Algorithm converged after  8  iterations.
[1] 4.334346e-16 1.192475e-19 6.011354e-32 6.376453e-31
Algorithm converged after  5  iterations.
[1] 4.334346e-16 1.192475e-19 6.011354e-32 3.467006e-29
Algorithm converged after  6  iterations.
[1] 4.334346e-16 1.192475e-19 6.376453e-31 3.467006e-29
Algorithm converged after  6  iterations.
numeric(0)
Algorithm converged after  1  iterations.
[1] 5.007572e-23
Algorithm converged after  2  iterations.
[1] 8.543486e-24
Algorithm converged after  2  iterations.
[1] 9.870853e-18
Algorithm converged after  2  iterations.
[1] 5.007572e-23 4.607168e-26
Algorithm converged after  2  iterations.
[1] 8.543486e-24 1.654039e-25
Algorithm converged after  2  iterations.
[1] 9.870853e-18 8.803946e-24
Algorithm converged after  2  iterations.
[1] 5.007572e-23 8.543486e-24
Algorithm converged after  2  iterations.
[1] 5.007572e-23 9.870853e-18
Algorithm converged after  2  iterations.
[1] 8.543486e-24 9.870853e-18
Algorithm converged after  2  iterations.
[1] 5.007572e-23 4.607168e-26 8.543486e-24
Algorithm converged after  2  iterations.
[1] 5.007572e-23 4.607168e-26 9.870853e-18
Algorithm converged after  2  iterations.
[1] 5.007572e-23 8.543486e-24 1.654039e-25
Algorithm converged after  2  iterations.
[1] 5.007572e-23 9.870853e-18 8.803946e-24
Algorithm converged after  2  iterations.
[1] 8.543486e-24 1.654039e-25 9.870853e-18
Algorithm converged after  2  iterations.
[1] 8.543486e-24 9.870853e-18 8.803946e-24
Algorithm converged after  2  iterations.
[1] 5.007572e-23 8.543486e-24 9.870853e-18
Algorithm converged after  2  iterations.
[1] 5.007572e-23 4.607168e-26 8.543486e-24 1.654039e-25
Algorithm converged after  2  iterations.
[1] 5.007572e-23 4.607168e-26 9.870853e-18 8.803946e-24
Algorithm converged after  2  iterations.
[1] 8.543486e-24 1.654039e-25 9.870853e-18 8.803946e-24
Algorithm converged after  2  iterations.
[1] 5.007572e-23 4.607168e-26 8.543486e-24 9.870853e-18
Algorithm converged after  2  iterations.
[1] 5.007572e-23 8.543486e-24 1.654039e-25 9.870853e-18
Algorithm converged after  2  iterations.
[1] 5.007572e-23 8.543486e-24 9.870853e-18 8.803946e-24
Algorithm converged after  2  iterations.
[1] 2.27562e-16
Algorithm converged after  2  iterations.
[1] 2.275620e-16 6.431541e-24
Algorithm converged after  6  iterations.
[1] 2.275620e-16 3.191224e-24
Algorithm converged after  6  iterations.
[1] 2.275620e-16 2.534797e-23
Algorithm converged after  8  iterations.
[1] 2.275620e-16 6.431541e-24 9.912220e-32
Algorithm converged after  8  iterations.
[1] 2.275620e-16 3.191224e-24 8.245927e-33
Algorithm converged after  6  iterations.
[1] 2.275620e-16 2.534797e-23 2.398654e-30
Algorithm converged after  9  iterations.
[1] 2.275620e-16 6.431541e-24 3.191224e-24
Algorithm converged after  7  iterations.
[1] 2.275620e-16 6.431541e-24 2.534797e-23
Algorithm converged after  8  iterations.
[1] 2.275620e-16 3.191224e-24 2.534797e-23
Algorithm converged after  8  iterations.
[1] 2.275620e-16 6.431541e-24 9.912220e-32 3.191224e-24
Algorithm converged after  10  iterations.
[1] 2.275620e-16 6.431541e-24 9.912220e-32 2.534797e-23
[1] 7.878146e-16 7.404207e-24 2.040110e-34 3.266224e-23
Algorithm converged after  18  iterations.
[1] 2.275620e-16 6.431541e-24 3.191224e-24 8.245927e-33
Algorithm converged after  7  iterations.
[1] 2.275620e-16 6.431541e-24 2.534797e-23 2.398654e-30
[1] 8.819104e-16 7.531873e-24 3.364202e-23 2.727992e-30
Algorithm converged after  11  iterations.
[1] 2.275620e-16 3.191224e-24 8.245927e-33 2.534797e-23
Algorithm converged after  9  iterations.
[1] 2.275620e-16 3.191224e-24 2.534797e-23 2.398654e-30
[1] 8.218025e-16 3.639378e-24 3.299108e-23 1.660105e-41
[1] 7.398354e-16 3.589507e-24 3.211959e-23 3.116168e-33
[1] 7.824482e-16 3.615621e-24 3.257665e-23 2.758723e-30
Algorithm converged after  38  iterations.
[1] 2.275620e-16 6.431541e-24 3.191224e-24 2.534797e-23
Algorithm converged after  9  iterations.
[1] 2.275620e-16 1.194476e-19
Algorithm converged after  2  iterations.
[1] 2.275620e-16 1.194476e-19 1.176162e-31
Algorithm converged after  5  iterations.
[1] 2.275620e-16 1.194476e-19 1.416559e-29
Algorithm converged after  4  iterations.
[1] 2.275620e-16 1.194476e-19 3.391221e-30
Algorithm converged after  7  iterations.
[1] 2.275620e-16 1.194476e-19 1.176162e-31 8.872290e-34
Algorithm converged after  5  iterations.
[1] 2.275620e-16 1.194476e-19 1.416559e-29 3.373045e-50
Algorithm converged after  10  iterations.
[1] 2.275620e-16 1.194476e-19 3.391221e-30 1.167653e-31
[1] 4.212484e-16 1.228267e-19 3.698686e-30 5.748228e-34
[1] 4.251818e-16 1.229024e-19 3.703996e-30 1.441076e-31
Algorithm converged after  24  iterations.
[1] 2.275620e-16 1.194476e-19 1.176162e-31 1.416559e-29
Algorithm converged after  5  iterations.
[1] 2.275620e-16 1.194476e-19 1.176162e-31 3.391221e-30
Algorithm converged after  7  iterations.
[1] 2.275620e-16 1.194476e-19 1.416559e-29 3.391221e-30
Algorithm converged after  7  iterations.
numeric(0)
Algorithm converged after  1  iterations.
[1] 3.601525e-23
