myseed=3731 

Attaching package: ‘pls’

The following object is masked from ‘package:stats’:

    loadings

Loading required package: lattice
Loading required package: ggplot2
Registered S3 methods overwritten by 'ggplot2':
  method         from 
  [.quosures     rlang
  c.quosures     rlang
  print.quosures rlang

Attaching package: ‘caret’

The following object is masked from ‘package:pls’:

    R2

Loading required package: Matrix
Loading required package: foreach
Loaded glmnet 2.0-18

Parsed with column specification:
cols(
  .default = col_double()
)
See spec(...) for full column specifications.
Parsed with column specification:
cols(
  X1 = col_double()
)
Parsed with column specification:
cols(
  X1 = col_double()
)
numeric(0)
Algorithm converged after  1  iterations.
[1] 6.212725e-24
Algorithm converged after  2  iterations.
[1] 2.350511e-23
Algorithm converged after  2  iterations.
[1] 1.511373e-17
Algorithm converged after  2  iterations.
[1] 6.212725e-24 4.066381e-26
Algorithm converged after  2  iterations.
[1] 2.350511e-23 1.038088e-25
Algorithm converged after  2  iterations.
[1] 1.511373e-17 2.188891e-23
Algorithm converged after  2  iterations.
[1] 6.212725e-24 2.350511e-23
Algorithm converged after  2  iterations.
[1] 6.212725e-24 1.511373e-17
Algorithm converged after  2  iterations.
[1] 2.350511e-23 1.511373e-17
Algorithm converged after  2  iterations.
[1] 6.212725e-24 4.066381e-26 2.350511e-23
Algorithm converged after  2  iterations.
[1] 6.212725e-24 4.066381e-26 1.511373e-17
Algorithm converged after  2  iterations.
[1] 6.212725e-24 2.350511e-23 1.038088e-25
Algorithm converged after  2  iterations.
[1] 6.212725e-24 1.511373e-17 2.188891e-23
Algorithm converged after  2  iterations.
[1] 2.350511e-23 1.038088e-25 1.511373e-17
Algorithm converged after  2  iterations.
[1] 2.350511e-23 1.511373e-17 2.188891e-23
Algorithm converged after  2  iterations.
[1] 6.212725e-24 2.350511e-23 1.511373e-17
Algorithm converged after  2  iterations.
[1] 6.212725e-24 4.066381e-26 2.350511e-23 1.038088e-25
Algorithm converged after  2  iterations.
[1] 6.212725e-24 4.066381e-26 1.511373e-17 2.188891e-23
Algorithm converged after  2  iterations.
[1] 2.350511e-23 1.038088e-25 1.511373e-17 2.188891e-23
Algorithm converged after  2  iterations.
[1] 6.212725e-24 4.066381e-26 2.350511e-23 1.511373e-17
Algorithm converged after  2  iterations.
[1] 6.212725e-24 2.350511e-23 1.038088e-25 1.511373e-17
Algorithm converged after  2  iterations.
[1] 6.212725e-24 2.350511e-23 1.511373e-17 2.188891e-23
Algorithm converged after  2  iterations.
[1] 3.840887e-16
Algorithm converged after  2  iterations.
[1] 3.840887e-16 1.107468e-24
Algorithm converged after  6  iterations.
[1] 3.840887e-16 5.237665e-24
Algorithm converged after  6  iterations.
[1] 3.840887e-16 8.525754e-23
Algorithm converged after  8  iterations.
[1] 3.840887e-16 1.107468e-24 2.418741e-34
Algorithm converged after  6  iterations.
[1] 3.840887e-16 5.237665e-24 5.251561e-33
[1] 6.170980e-16 5.448873e-24 6.466180e-34
[1] 6.695283e-16 5.492691e-24 6.192038e-34
[1] 6.362261e-16 5.466227e-24 5.431129e-33
[1] 5.383628e-16 5.385650e-24 1.469517e-36
[1] 6.703867e-16 5.494980e-24 1.404281e-36
[1] 6.724674e-16 5.497987e-24 6.194836e-34
[1] 5.570710e-16 5.404226e-24 8.181521e-48
[1] 6.339879e-16 5.467577e-24 5.433723e-33
[1] 5.595748e-16 5.407975e-24 6.371009e-34
[1] 6.229720e-16 5.460245e-24 1.279578e-36
[1] 5.394649e-16 5.391691e-24 1.473900e-36
[1] 6.687305e-16 5.499069e-24 1.924585e-47
[1] 6.701716e-16 5.500245e-24 1.769552e-49
[1] 6.702550e-16 5.500579e-24 5.452824e-33
[1] 6.030006e-16 5.446328e-24 6.200378e-35
[1] 6.276202e-16 5.467673e-24 2.693016e-60
[1] 6.256971e-16 5.467246e-24 3.662186e-64
[1] 6.260795e-16 5.468091e-24 1.389954e-36
Algorithm converged after  185  iterations.
[1] 3.840887e-16 8.525754e-23 1.964822e-40
[1] 1.576770e-15 1.104654e-22 1.453685e-29
Algorithm converged after  12  iterations.
[1] 3.840887e-16 1.107468e-24 5.237665e-24
Algorithm converged after  6  iterations.
[1] 3.840887e-16 1.107468e-24 8.525754e-23
Algorithm converged after  8  iterations.
[1] 3.840887e-16 5.237665e-24 8.525754e-23
Algorithm converged after  8  iterations.
[1] 3.840887e-16 1.107468e-24 2.418741e-34 5.237665e-24
[1] 7.396560e-16 1.195378e-24 2.301768e-31 5.548378e-24
[1] 7.422250e-16 1.196152e-24 2.420450e-34 5.551361e-24
Algorithm converged after  28  iterations.
[1] 3.840887e-16 1.107468e-24 2.418741e-34 8.525754e-23
[1] 1.748286e-15 1.376921e-24 1.399732e-48 1.133424e-22
[1] 1.483443e-15 1.334909e-24 2.361165e-31 1.089466e-22
[1] 1.753856e-15 1.377830e-24 2.411318e-31 1.134538e-22
Algorithm converged after  31  iterations.
[1] 3.840887e-16 1.107468e-24 5.237665e-24 5.251561e-33
[1] 7.252636e-16 1.192223e-24 5.537591e-24 5.168828e-57
[1] 6.068658e-16 1.165104e-24 5.441569e-24 5.453114e-33
[1] 8.289982e-16 1.214284e-24 5.615217e-24 6.457828e-34
[1] 7.498882e-16 1.197788e-24 5.557380e-24 6.471241e-34
[1] 8.287125e-16 1.214416e-24 5.615839e-24 5.905225e-35
[1] 8.180509e-16 1.212303e-24 5.608495e-24 7.049448e-34
[1] 8.328707e-16 1.215468e-24 5.619697e-24 5.985070e-35
[1] 8.012902e-16 1.208980e-24 5.596947e-24 2.690565e-49
[1] 8.156071e-16 1.212039e-24 5.607744e-24 8.081546e-48
[1] 8.238699e-16 1.213884e-24 5.614323e-24 5.912877e-35
[1] 8.755273e-16 1.224741e-24 5.652655e-24 1.669898e-36
[1] 7.506765e-16 1.198684e-24 5.561147e-24 6.032125e-35
[1] 7.260264e-16 1.193632e-24 5.543438e-24 6.620389e-34
[1] 8.821935e-16 1.226265e-24 5.658142e-24 6.765710e-34
[1] 7.267764e-16 1.193959e-24 5.544690e-24 1.950791e-47
[1] 8.020422e-16 1.209881e-24 5.600627e-24 2.615075e-50
[1] 7.571469e-16 1.200525e-24 5.567802e-24 1.904466e-73
[1] 8.286257e-16 1.215630e-24 5.620984e-24 1.295024e-50
[1] 8.257537e-16 1.215302e-24 5.619898e-24 1.582132e-36
[1] 7.522934e-16 1.199849e-24 5.565717e-24 6.461793e-34
[1] 7.300214e-16 1.195222e-24 5.549567e-24 6.453574e-34
[1] 8.023095e-16 1.210475e-24 5.603103e-24 5.523654e-33
[1] 8.783339e-16 1.226437e-24 5.659083e-24 9.097460e-50
[1] 8.817807e-16 1.227217e-24 5.662163e-24 1.623521e-36
[1] 8.306489e-16 1.216770e-24 5.625523e-24 5.973632e-35
[1] 7.486227e-16 1.199706e-24 5.565639e-24 1.603713e-36
[1] 7.525456e-16 1.200517e-24 5.568570e-24 5.487044e-33
[1] 8.287836e-16 1.216786e-24 5.625691e-24 6.983730e-34
[1] 7.497321e-16 1.200243e-24 5.567784e-24 2.628147e-70
[1] 8.284107e-16 1.216869e-24 5.626207e-24 8.094671e-48
[1] 7.504534e-16 1.200493e-24 5.568733e-24 6.577871e-50
[1] 8.764203e-16 1.226886e-24 5.661530e-24 8.124903e-48
[1] 7.125985e-16 1.192156e-24 5.539223e-24 6.902718e-34
[1] 7.484057e-16 1.200414e-24 5.568598e-24 1.618604e-36
[1] 7.481983e-16 1.200452e-24 5.568781e-24 6.932628e-34
[1] 8.158222e-16 1.214706e-24 5.618888e-24 6.507528e-34
[1] 7.872067e-16 1.208817e-24 5.598304e-24 6.161025e-71
[1] 7.265722e-16 1.196027e-24 5.553470e-24 6.550290e-50
[1] 7.499508e-16 1.201032e-24 5.571143e-24 1.952188e-47
[1] 8.763285e-16 1.227562e-24 5.664401e-24 8.125677e-48
[1] 7.982740e-16 1.211356e-24 5.607381e-24 6.609929e-50
[1] 7.502853e-16 1.201253e-24 5.572072e-24 6.505519e-34
[1] 8.280620e-16 1.217812e-24 5.630240e-24 5.142207e-74
[1] 7.464219e-16 1.200750e-24 5.570463e-24 7.102037e-34
[1] 8.255096e-16 1.217520e-24 5.629279e-24 6.527320e-34
[1] 7.960419e-16 1.211236e-24 5.607228e-24 6.011407e-35
[1] 7.259719e-16 1.196589e-24 5.555976e-24 2.307253e-52
[1] 7.463975e-16 1.201119e-24 5.572035e-24 8.138578e-48
[1] 8.255010e-16 1.217829e-24 5.630690e-24 6.953009e-34
Algorithm did not converge after  500  iterations.
[1] 3.840887e-16 1.107468e-24 8.525754e-23 1.964822e-40
[1] 1.897560e-15 1.399471e-24 1.157121e-22 3.091252e-32
[1] 1.948396e-15 1.406763e-24 1.164863e-22 2.911690e-34
[1] 1.646332e-15 1.360960e-24 1.116698e-22 3.159673e-32
[1] 1.869274e-15 1.396089e-24 1.155346e-22 2.471386e-34
[1] 1.648101e-15 1.362113e-24 1.119619e-22 1.475867e-29
[1] 1.623234e-15 1.358243e-24 1.115651e-22 1.382052e-29
[1] 1.790468e-15 1.384389e-24 1.143270e-22 4.701799e-58
[1] 1.576023e-15 1.350781e-24 1.107958e-22 1.132674e-38
[1] 1.941752e-15 1.406971e-24 1.167333e-22 1.779528e-39
[1] 1.597616e-15 1.354460e-24 1.111968e-22 2.971759e-32
[1] 1.658738e-15 1.363851e-24 1.121967e-22 1.363982e-31
[1] 1.694663e-15 1.369765e-24 1.128241e-22 3.905631e-29
[1] 1.743695e-15 1.377664e-24 1.136637e-22 1.404481e-29
[1] 1.781290e-15 1.383142e-24 1.142570e-22 3.931826e-29
[1] 1.783561e-15 1.383842e-24 1.143322e-22 3.082314e-32
[1] 1.620166e-15 1.358302e-24 1.116457e-22 2.317012e-40
[1] 1.844843e-15 1.393161e-24 1.153348e-22 1.424544e-31
[1] 1.607726e-15 1.356434e-24 1.114698e-22 1.380669e-29
[1] 1.697577e-15 1.370507e-24 1.129637e-22 4.474763e-39
[1] 1.904194e-15 1.402093e-24 1.163067e-22 1.514850e-29
[1] 1.715748e-15 1.373363e-24 1.132795e-22 1.387997e-31
[1] 1.660969e-15 1.365046e-24 1.124149e-22 1.388694e-29
[1] 1.803418e-15 1.386896e-24 1.147355e-22 1.401934e-29
[1] 1.857421e-15 1.395101e-24 1.156165e-22 1.507754e-29
[1] 1.825236e-15 1.390239e-24 1.151195e-22 1.949287e-52
[1] 1.610704e-15 1.357313e-24 1.116426e-22 2.953978e-32
[1] 1.636280e-15 1.361165e-24 1.120568e-22 4.953259e-39
[1] 1.909497e-15 1.403276e-24 1.165214e-22 1.417256e-29
[1] 1.642058e-15 1.362209e-24 1.121915e-22 1.311683e-39
[1] 1.859129e-15 1.395577e-24 1.157278e-22 2.446998e-37
[1] 1.897047e-15 1.401587e-24 1.163705e-22 6.874146e-41
[1] 1.629409e-15 1.360485e-24 1.120295e-22 1.359768e-31
[1] 1.904009e-15 1.402735e-24 1.165100e-22 3.181346e-53
[1] 1.885228e-15 1.400612e-24 1.164001e-22 1.886231e-52
[1] 1.579280e-15 1.353149e-24 1.113831e-22 2.954171e-32
[1] 1.751811e-15 1.380483e-24 1.142794e-22 1.410541e-29
[1] 1.861233e-15 1.397085e-24 1.160438e-22 2.338124e-37
[1] 1.911597e-15 1.404556e-24 1.168462e-22 1.420957e-29
[1] 1.685631e-15 1.370155e-24 1.132070e-22 1.396367e-29
[1] 1.617521e-15 1.359486e-24 1.120847e-22 1.385821e-29
[1] 1.603688e-15 1.357357e-24 1.118634e-22 9.547798e-51
[1] 1.651598e-15 1.364958e-24 1.126793e-22 1.391670e-29
[1] 1.774709e-15 1.383944e-24 1.146971e-22 2.716916e-34
[1] 1.774453e-15 1.383956e-24 1.147059e-22 1.403467e-29
[1] 1.783602e-15 1.385766e-24 1.148981e-22 1.505102e-29
[1] 1.901682e-15 1.403494e-24 1.167847e-22 1.447218e-31
[1] 1.602351e-15 1.357314e-24 1.118929e-22 1.348612e-31
[1] 1.439807e-15 1.331021e-24 1.091191e-22 1.361730e-29
[1] 1.900195e-15 1.403433e-24 1.168088e-22 3.138106e-32
Algorithm did not converge after  500  iterations.
[1] 3.840887e-16 5.237665e-24 5.251561e-33 8.525754e-23
[1] 1.620849e-15 6.113574e-24 6.487464e-34 1.112392e-22
[1] 1.621367e-15 6.113926e-24 6.447223e-34 1.112499e-22
[1] 1.602053e-15 6.103393e-24 6.449833e-34 1.109317e-22
Algorithm converged after  34  iterations.
[1] 3.840887e-16 5.237665e-24 8.525754e-23 1.964822e-40
[1] 2.093649e-15 6.358726e-24 1.187240e-22 1.820546e-57
[1] 2.093732e-15 6.360047e-24 1.188199e-22 3.996848e-39
[1] 1.976999e-15 6.302572e-24 1.170681e-22 2.225061e-40
[1] 1.729382e-15 6.173987e-24 1.131466e-22 5.751253e-50
[1] 2.114893e-15 6.371255e-24 1.191847e-22 1.476967e-29
[1] 1.791738e-15 6.207410e-24 1.141739e-22 1.445566e-31
[1] 2.177937e-15 6.401875e-24 1.201306e-22 1.488057e-29
[1] 2.168705e-15 6.397585e-24 1.200058e-22 2.365922e-37
[1] 2.127887e-15 6.378388e-24 1.194206e-22 1.493534e-29
Algorithm converged after  92  iterations.
[1] 3.840887e-16 1.107468e-24 5.237665e-24 8.525754e-23
Algorithm converged after  9  iterations.
[1] 3.840887e-16 1.123055e-19
Algorithm converged after  2  iterations.
[1] 3.840887e-16 1.123055e-19 2.621648e-31
Algorithm converged after  5  iterations.
[1] 3.840887e-16 1.123055e-19 2.364844e-30
Algorithm converged after  4  iterations.
[1] 3.840887e-16 1.123055e-19 6.245624e-29
Algorithm converged after  6  iterations.
[1] 3.840887e-16 1.123055e-19 2.621648e-31 3.311196e-34
Algorithm converged after  5  iterations.
[1] 3.840887e-16 1.123055e-19 2.364844e-30 1.782810e-49
[1] 3.778168e-16 1.136461e-19 2.349855e-30 6.552553e-34
[1] 3.339458e-16 1.158811e-19 2.366935e-30 2.044636e-51
[1] 3.407660e-16 1.084237e-19 2.265767e-30 2.464004e-36
[1] 4.108754e-16 1.163835e-19 5.144862e-30 4.050921e-35
[1] 3.244945e-16 1.138711e-19 2.317401e-30 2.939001e-51
[1] 3.245978e-16 1.138373e-19 2.324234e-30 6.630468e-34
[1] 3.831484e-16 1.138532e-19 2.360866e-30 2.732569e-51
[1] 3.797331e-16 1.098211e-19 2.317020e-30 6.654152e-34
[1] 4.031738e-16 1.048409e-19 2.269452e-30 3.991336e-35
[1] 3.244741e-16 1.138835e-19 2.312968e-30 3.041530e-48
[1] 3.869356e-16 1.135093e-19 2.332735e-30 2.984459e-48
[1] 3.360307e-16 1.157322e-19 2.329934e-30 3.912772e-35
[1] 3.739130e-16 1.091147e-19 2.273055e-30 2.066416e-36
[1] 3.401234e-16 1.084305e-19 2.259204e-30 1.485360e-50
[1] 3.907471e-16 1.143386e-19 2.345208e-30 6.456576e-34
[1] 3.966605e-16 1.043640e-19 2.235243e-30 2.423902e-51
[1] 3.902567e-16 1.149985e-19 2.351463e-30 2.177367e-53
[1] 3.819534e-16 1.143977e-19 2.358362e-30 7.308470e-52
[1] 3.403696e-16 1.086185e-19 2.277388e-30 2.263637e-36
[1] 3.402008e-16 1.085636e-19 2.268579e-30 1.203388e-58
[1] 3.868220e-16 1.135492e-19 2.345797e-30 7.140367e-33
[1] 3.869389e-16 1.135064e-19 2.353489e-30 2.248075e-51
[1] 4.096871e-16 1.164427e-19 5.210596e-30 4.020094e-35
[1] 2.877697e-16 1.101348e-19 2.259078e-30 6.946849e-34
[1] 3.960277e-16 1.042805e-19 2.247664e-30 6.813040e-34
[1] 3.869577e-16 1.135043e-19 2.365806e-30 7.131889e-33
[1] 3.733334e-16 1.143328e-19 2.349410e-30 2.343249e-51
[1] 3.777717e-16 1.135769e-19 2.341039e-30 6.590034e-34
[1] 3.869184e-16 1.134692e-19 2.351592e-30 2.103944e-51
[1] 3.891971e-16 1.154606e-19 2.368438e-30 6.540374e-34
[1] 3.918004e-16 1.113496e-19 2.336444e-30 2.223913e-49
[1] 3.836277e-16 1.138245e-19 2.369571e-30 2.265760e-51
[1] 3.448415e-16 1.089909e-19 2.286191e-30 6.618305e-34
[1] 3.965637e-16 1.042009e-19 2.255488e-30 1.757446e-36
[1] 3.346132e-16 1.158396e-19 2.355630e-30 6.473902e-34
[1] 3.620629e-16 1.203924e-19 2.398943e-30 2.301827e-36
[1] 3.881473e-16 1.132770e-19 2.353484e-30 6.458398e-34
[1] 3.877507e-16 1.127863e-19 2.343853e-30 7.124830e-33
[1] 3.409104e-16 1.085633e-19 2.270383e-30 3.794601e-35
[1] 4.103372e-16 1.164335e-19 5.190638e-30 4.039220e-35
[1] 3.410286e-16 1.085647e-19 2.275526e-30 6.103290e-63
[1] 3.244189e-16 1.139098e-19 2.333876e-30 6.606173e-34
[1] 3.960295e-16 1.042873e-19 2.267076e-30 6.826339e-34
[1] 3.244407e-16 1.139023e-19 2.344503e-30 6.523654e-34
[1] 3.836618e-16 1.130376e-19 2.360291e-30 4.064601e-35
[1] 3.345554e-16 1.158668e-19 2.348689e-30 7.693198e-52
[1] 3.853347e-16 1.112924e-19 2.313487e-30 7.110705e-33
[1] 4.029291e-16 1.048445e-19 2.237596e-30 6.716593e-34
[1] 3.970212e-16 1.043128e-19 2.231189e-30 1.206786e-58
Algorithm did not converge after  500  iterations.
[1] 3.840887e-16 1.123055e-19 6.245624e-29 2.659064e-29
Algorithm converged after  8  iterations.
[1] 3.840887e-16 1.123055e-19 2.621648e-31 2.364844e-30
Algorithm converged after  6  iterations.
[1] 3.840887e-16 1.123055e-19 2.621648e-31 6.245624e-29
Algorithm converged after  6  iterations.
[1] 3.840887e-16 1.123055e-19 2.364844e-30 6.245624e-29
Algorithm converged after  6  iterations.
numeric(0)
Algorithm converged after  1  iterations.
[1] 5.553278e-24
Algorithm converged after  2  iterations.
[1] 1.85186e-23
Algorithm converged after  2  iterations.
[1] 2.498955e-18
Algorithm converged after  2  iterations.
[1] 5.553278e-24 3.936035e-26
Algorithm converged after  2  iterations.
[1] 1.851860e-23 9.757099e-26
Algorithm converged after  2  iterations.
[1] 2.498955e-18 5.302385e-23
Algorithm converged after  2  iterations.
[1] 5.553278e-24 1.851860e-23
Algorithm converged after  2  iterations.
[1] 5.553278e-24 2.498955e-18
Algorithm converged after  2  iterations.
[1] 1.851860e-23 2.498955e-18
Algorithm converged after  2  iterations.
[1] 5.553278e-24 3.936035e-26 1.851860e-23
Algorithm converged after  2  iterations.
[1] 5.553278e-24 3.936035e-26 2.498955e-18
Algorithm converged after  2  iterations.
[1] 5.553278e-24 1.851860e-23 9.757099e-26
Algorithm converged after  2  iterations.
[1] 5.553278e-24 2.498955e-18 5.302385e-23
Algorithm converged after  2  iterations.
[1] 1.851860e-23 9.757099e-26 2.498955e-18
Algorithm converged after  2  iterations.
[1] 1.851860e-23 2.498955e-18 5.302385e-23
Algorithm converged after  2  iterations.
[1] 5.553278e-24 1.851860e-23 2.498955e-18
Algorithm converged after  2  iterations.
[1] 5.553278e-24 3.936035e-26 1.851860e-23 9.757099e-26
Algorithm converged after  2  iterations.
[1] 5.553278e-24 3.936035e-26 2.498955e-18 5.302385e-23
Algorithm converged after  2  iterations.
[1] 1.851860e-23 9.757099e-26 2.498955e-18 5.302385e-23
Algorithm converged after  2  iterations.
[1] 5.553278e-24 3.936035e-26 1.851860e-23 2.498955e-18
Algorithm converged after  2  iterations.
[1] 5.553278e-24 1.851860e-23 9.757099e-26 2.498955e-18
Algorithm converged after  2  iterations.
[1] 5.553278e-24 1.851860e-23 2.498955e-18 5.302385e-23
Algorithm converged after  2  iterations.
[1] 9.280114e-17
Algorithm converged after  2  iterations.
[1] 9.280114e-17 7.868664e-25
Algorithm converged after  6  iterations.
[1] 9.280114e-17 4.846313e-24
Algorithm converged after  6  iterations.
[1] 9.280114e-17 1.540452e-22
Algorithm converged after  7  iterations.
[1] 9.280114e-17 7.868664e-25 2.069319e-31
[1] 9.894553e-17 7.928171e-25 2.186717e-34
Algorithm converged after  14  iterations.
[1] 9.280114e-17 4.846313e-24 4.169792e-33
Algorithm converged after  6  iterations.
[1] 9.280114e-17 1.540452e-22 1.125934e-29
Algorithm converged after  8  iterations.
[1] 9.280114e-17 7.868664e-25 4.846313e-24
Algorithm converged after  7  iterations.
[1] 9.280114e-17 7.868664e-25 1.540452e-22
Algorithm converged after  7  iterations.
[1] 9.280114e-17 4.846313e-24 1.540452e-22
Algorithm converged after  8  iterations.
[1] 9.280114e-17 7.868664e-25 2.069319e-31 4.846313e-24
[1] 1.757422e-16 8.500375e-25 2.619723e-34 5.194376e-24
Algorithm converged after  14  iterations.
[1] 9.280114e-17 7.868664e-25 2.069319e-31 1.540452e-22
[1] 2.981024e-16 9.226198e-25 2.373669e-34 1.837158e-22
Algorithm converged after  11  iterations.
[1] 9.280114e-17 7.868664e-25 4.846313e-24 4.169792e-33
[1] 1.887703e-16 8.583279e-25 5.240337e-24 4.876612e-34
[1] 2.105079e-16 8.721197e-25 5.316262e-24 5.084078e-34
[1] 1.877609e-16 8.577839e-25 5.237422e-24 4.860491e-34
[1] 1.836830e-16 8.551601e-25 5.222966e-24 1.477594e-44
[1] 1.835725e-16 8.551132e-25 5.222698e-24 4.901082e-34
[1] 1.835112e-16 8.550982e-25 5.222623e-24 4.467257e-33
[1] 1.835191e-16 8.551403e-25 5.222853e-24 9.968039e-42
[1] 1.828782e-16 8.546733e-25 5.220169e-24 2.316143e-40
[1] 1.846124e-16 8.558986e-25 5.226974e-24 1.209501e-29
[1] 1.977288e-16 8.643136e-25 5.273229e-24 4.872507e-34
[1] 1.981265e-16 8.645945e-25 5.274695e-24 4.506746e-33
Algorithm converged after  120  iterations.
[1] 9.280114e-17 7.868664e-25 1.540452e-22 1.125934e-29
Algorithm converged after  8  iterations.
[1] 9.280114e-17 4.846313e-24 4.169792e-33 1.540452e-22
Algorithm converged after  8  iterations.
[1] 9.280114e-17 4.846313e-24 1.540452e-22 1.125934e-29
Algorithm converged after  8  iterations.
[1] 9.280114e-17 7.868664e-25 4.846313e-24 1.540452e-22
Algorithm converged after  8  iterations.
[1] 9.280114e-17 1.371579e-19
Algorithm converged after  2  iterations.
[1] 9.280114e-17 1.371579e-19 2.610482e-31
Algorithm converged after  5  iterations.
[1] 9.280114e-17 1.371579e-19 1.689583e-29
Algorithm converged after  4  iterations.
[1] 9.280114e-17 1.371579e-19 3.494562e-28
Algorithm converged after  6  iterations.
[1] 9.280114e-17 1.371579e-19 2.610482e-31 2.004952e-34
Algorithm converged after  6  iterations.
[1] 9.280114e-17 1.371579e-19 1.689583e-29 7.200118e-35
[1] 8.314627e-17 1.339768e-19 1.719757e-29 5.278034e-34
[1] 1.008222e-16 1.364544e-19 1.689391e-29 1.157089e-54
[1] 8.202737e-17 1.318327e-19 1.732310e-29 5.319031e-34
[1] 1.008203e-16 1.364553e-19 1.689892e-29 5.422543e-34
[1] 9.581163e-17 1.331797e-19 1.706797e-29 6.869567e-35
[1] 8.432239e-17 1.287580e-19 1.742894e-29 6.089245e-55
[1] 9.267813e-17 1.341364e-19 1.707595e-29 5.084266e-33
[1] 8.314270e-17 1.339797e-19 1.722106e-29 5.036444e-33
[1] 8.435574e-17 1.288440e-19 1.743530e-29 1.236895e-44
[1] 8.315441e-17 1.340452e-19 1.722379e-29 5.036909e-33
[1] 8.195423e-17 1.318418e-19 1.734879e-29 5.780809e-34
[1] 8.313875e-17 1.339810e-19 1.723733e-29 5.687571e-34
[1] 9.351230e-17 1.386624e-19 1.688748e-29 6.870160e-35
[1] 1.008019e-16 1.364895e-19 1.693428e-29 1.227826e-44
[1] 8.202841e-17 1.317523e-19 1.736581e-29 5.023948e-33
[1] 9.532050e-17 1.325037e-19 1.714145e-29 5.659742e-34
[1] 8.450318e-17 1.287965e-19 1.747111e-29 5.350433e-34
[1] 8.402008e-17 1.286917e-19 1.747289e-29 5.012468e-33
[1] 8.231151e-17 1.317195e-19 1.738302e-29 5.340050e-34
[1] 8.326365e-17 1.338412e-19 1.727515e-29 5.659136e-34
[1] 8.209298e-17 1.334723e-19 1.729680e-29 6.893470e-35
[1] 8.718263e-17 1.381270e-19 1.703500e-29 4.456574e-68
[1] 8.455163e-17 1.288087e-19 1.749578e-29 5.337061e-34
[1] 8.449375e-17 1.287812e-19 1.749781e-29 5.722521e-34
[1] 9.324388e-17 1.388150e-19 1.692478e-29 6.869757e-35
[1] 8.195912e-17 1.318718e-19 1.740242e-29 5.024757e-33
[1] 8.449016e-17 1.287980e-19 1.750952e-29 5.353889e-34
[1] 8.317446e-17 1.339383e-19 1.729718e-29 5.279061e-34
Algorithm converged after  285  iterations.
[1] 9.280114e-17 1.371579e-19 3.494562e-28 1.869560e-29
Algorithm converged after  7  iterations.
[1] 9.280114e-17 1.371579e-19 2.610482e-31 1.689583e-29
Algorithm converged after  5  iterations.
[1] 9.280114e-17 1.371579e-19 2.610482e-31 3.494562e-28
Algorithm converged after  7  iterations.
[1] 9.280114e-17 1.371579e-19 1.689583e-29 3.494562e-28
Algorithm converged after  6  iterations.
numeric(0)
Algorithm converged after  1  iterations.
[1] 3.431479e-24
Algorithm converged after  2  iterations.
[1] 1.635796e-23
Algorithm converged after  2  iterations.
[1] 1.172489e-17
Algorithm converged after  2  iterations.
[1] 3.431479e-24 2.897440e-26
Algorithm converged after  2  iterations.
[1] 1.635796e-23 1.237368e-25
Algorithm converged after  2  iterations.
[1] 1.172489e-17 6.127046e-23
Algorithm converged after  2  iterations.
[1] 3.431479e-24 1.635796e-23
Algorithm converged after  2  iterations.
[1] 3.431479e-24 1.172489e-17
Algorithm converged after  2  iterations.
[1] 1.635796e-23 1.172489e-17
Algorithm converged after  2  iterations.
[1] 3.431479e-24 2.897440e-26 1.635796e-23
Algorithm converged after  2  iterations.
[1] 3.431479e-24 2.897440e-26 1.172489e-17
Algorithm converged after  2  iterations.
[1] 3.431479e-24 1.635796e-23 1.237368e-25
Algorithm converged after  2  iterations.
[1] 3.431479e-24 1.172489e-17 6.127046e-23
Algorithm converged after  2  iterations.
[1] 1.635796e-23 1.237368e-25 1.172489e-17
Algorithm converged after  2  iterations.
[1] 1.635796e-23 1.172489e-17 6.127046e-23
Algorithm converged after  2  iterations.
[1] 3.431479e-24 1.635796e-23 1.172489e-17
Algorithm converged after  2  iterations.
[1] 3.431479e-24 2.897440e-26 1.635796e-23 1.237368e-25
Algorithm converged after  2  iterations.
[1] 3.431479e-24 2.897440e-26 1.172489e-17 6.127046e-23
Algorithm converged after  2  iterations.
[1] 1.635796e-23 1.237368e-25 1.172489e-17 6.127046e-23
Algorithm converged after  2  iterations.
[1] 3.431479e-24 2.897440e-26 1.635796e-23 1.172489e-17
Algorithm converged after  2  iterations.
[1] 3.431479e-24 1.635796e-23 1.237368e-25 1.172489e-17
Algorithm converged after  2  iterations.
[1] 3.431479e-24 1.635796e-23 1.172489e-17 6.127046e-23
Algorithm converged after  2  iterations.
[1] 3.287143e-16
Algorithm converged after  2  iterations.
[1] 3.287143e-16 1.050698e-24
Algorithm converged after  5  iterations.
[1] 3.287143e-16 4.912479e-24
Algorithm converged after  6  iterations.
[1] 3.287143e-16 1.996421e-22
Algorithm converged after  8  iterations.
[1] 3.287143e-16 1.050698e-24 3.365247e-34
Algorithm converged after  6  iterations.
[1] 3.287143e-16 4.912479e-24 1.224399e-33
[1] 5.108089e-16 5.138424e-24 2.424864e-40
[1] 5.385169e-16 5.169570e-24 1.038606e-33
[1] 5.076372e-16 5.135411e-24 6.989652e-33
[1] 4.319661e-16 5.048303e-24 1.058023e-33
[1] 4.321240e-16 5.049106e-24 1.051085e-33
[1] 4.899944e-16 5.117871e-24 1.039521e-33
[1] 4.304992e-16 5.048045e-24 1.096505e-33
Algorithm converged after  73  iterations.
[1] 3.287143e-16 1.996421e-22 8.334366e-30
Algorithm converged after  8  iterations.
[1] 3.287143e-16 1.050698e-24 4.912479e-24
Algorithm converged after  6  iterations.
[1] 3.287143e-16 1.050698e-24 1.996421e-22
Algorithm converged after  7  iterations.
[1] 3.287143e-16 4.912479e-24 1.996421e-22
Algorithm converged after  8  iterations.
[1] 3.287143e-16 1.050698e-24 3.365247e-34 4.912479e-24
Algorithm converged after  6  iterations.
[1] 3.287143e-16 1.050698e-24 3.365247e-34 1.996421e-22
Algorithm converged after  8  iterations.
[1] 3.287143e-16 1.050698e-24 4.912479e-24 1.224399e-33
Algorithm converged after  7  iterations.
[1] 3.287143e-16 1.050698e-24 1.996421e-22 8.334366e-30
Algorithm converged after  9  iterations.
[1] 3.287143e-16 4.912479e-24 1.224399e-33 1.996421e-22
[1] 1.487028e-15 6.000303e-24 7.804842e-33 2.564815e-22
Algorithm converged after  12  iterations.
[1] 3.287143e-16 4.912479e-24 1.996421e-22 8.334366e-30
Algorithm converged after  9  iterations.
[1] 3.287143e-16 1.050698e-24 4.912479e-24 1.996421e-22
Algorithm converged after  8  iterations.
[1] 3.287143e-16 1.712775e-19
Algorithm converged after  2  iterations.
[1] 3.287143e-16 1.712775e-19 1.550238e-31
Algorithm converged after  5  iterations.
[1] 3.287143e-16 1.712775e-19 2.373613e-29
Algorithm converged after  4  iterations.
[1] 3.287143e-16 1.712775e-19 2.649752e-28
Algorithm converged after  6  iterations.
[1] 3.287143e-16 1.712775e-19 1.550238e-31 2.388239e-34
Algorithm converged after  5  iterations.
[1] 3.287143e-16 1.712775e-19 2.373613e-29 1.690522e-33
[1] 3.049846e-16 1.638390e-19 2.434228e-29 1.634794e-33
[1] 2.798734e-16 1.659276e-19 2.441090e-29 3.559358e-38
[1] 2.791585e-16 1.660535e-19 2.442175e-29 5.592970e-38
[1] 2.881225e-16 1.590126e-19 2.465556e-29 7.869501e-33
[1] 3.224542e-16 1.655842e-19 2.415369e-29 9.010968e-34
[1] 2.795688e-16 1.661387e-19 2.444707e-29 5.594232e-38
[1] 2.937705e-16 1.626841e-19 2.452386e-29 8.782844e-34
[1] 3.228001e-16 1.675068e-19 2.407254e-29 3.509187e-38
[1] 3.049563e-16 1.637005e-19 2.442750e-29 3.589599e-38
[1] 2.795104e-16 1.659170e-19 2.449093e-29 3.562743e-38
[1] 2.798282e-16 1.659303e-19 2.449019e-29 3.435126e-38
[1] 3.052854e-16 1.637854e-19 2.443477e-29 3.550918e-38
[1] 3.431699e-16 1.719546e-19 2.378195e-29 8.078276e-33
[1] 3.433695e-16 1.719271e-19 2.379455e-29 5.000324e-63
[1] 2.785510e-16 1.660900e-19 2.450955e-29 9.028887e-34
[1] 3.425069e-16 1.720754e-19 2.379370e-29 3.447056e-38
[1] 2.793915e-16 1.659134e-19 2.453634e-29 3.439930e-38
[1] 2.938596e-16 1.628722e-19 2.460215e-29 3.435174e-38
[1] 2.723516e-16 1.666798e-19 2.456596e-29 3.437265e-38
[1] 3.049063e-16 1.636998e-19 2.450276e-29 1.639312e-33
[1] 2.724558e-16 1.666662e-19 2.457508e-29 2.103917e-52
[1] 3.234669e-16 1.648394e-19 2.430541e-29 9.009089e-34
[1] 3.218783e-16 1.660516e-19 2.425570e-29 5.430753e-38
[1] 3.331193e-16 1.617160e-19 2.442896e-29 8.970147e-34
[1] 3.334340e-16 1.615179e-19 2.444781e-29 6.161270e-38
[1] 2.725467e-16 1.666506e-19 2.461401e-29 1.081634e-33
[1] 2.703811e-16 1.667716e-19 2.460984e-29 1.874681e-35
[1] 3.064314e-16 1.800933e-19 2.367260e-29 3.614943e-38
[1] 3.127143e-16 1.708291e-19 2.410089e-29 9.113586e-34
[1] 2.704074e-16 1.667663e-19 2.464201e-29 1.864526e-35
[1] 2.712594e-16 1.666508e-19 2.465974e-29 3.562689e-38
[1] 2.935358e-16 1.629089e-19 2.470450e-29 8.799207e-34
[1] 2.794815e-16 1.659075e-19 2.465393e-29 5.967428e-50
[1] 1.642617e-19 6.330327e-28 2.258010e-23 2.233730e-34
[1] 1.754970e-19 1.223528e-26 2.435851e-23 8.018831e-38
[1] 1.705928e-19 1.266132e-26 2.293150e-23 6.680702e-31
[1] 1.707307e-19 1.952285e-27 2.569914e-23 7.173000e-34
[1] 1.730647e-19 1.783164e-25 2.389558e-23 7.935888e-38
[1] 1.648301e-19 8.966341e-27 2.304666e-23 8.885127e-33
[1] 1.738107e-19 1.043754e-26 2.281842e-23 8.379199e-38
[1] 1.763327e-19 7.240175e-26 2.627522e-23 1.051051e-32
[1] 1.817146e-19 7.620747e-27 2.423136e-23 2.291916e-32
[1] 1.630883e-19 1.214091e-27 2.244280e-23 7.514783e-66
[1] 1.707799e-19 3.986053e-25 2.395226e-23 8.599281e-32
[1] 1.759706e-19 3.321160e-41 2.361122e-23 3.930746e-37
[1] 1.642781e-19 6.440461e-28 2.260869e-23 2.243752e-34
[1] 1.687252e-19 7.978673e-31 2.220480e-23 1.300842e-35
[1] 1.753101e-19 7.086842e-27 2.376130e-23 1.860927e-32
[1] 1.814487e-19 1.320450e-28 2.287919e-23 9.907670e-33
Algorithm did not converge after  500  iterations.
[1] 3.287143e-16 1.712775e-19 2.649752e-28 1.636403e-29
Algorithm converged after  8  iterations.
[1] 3.287143e-16 1.712775e-19 1.550238e-31 2.373613e-29
Algorithm converged after  5  iterations.
[1] 3.287143e-16 1.712775e-19 1.550238e-31 2.649752e-28
Algorithm converged after  6  iterations.
[1] 3.287143e-16 1.712775e-19 2.373613e-29 2.649752e-28
Algorithm converged after  6  iterations.
numeric(0)
Algorithm converged after  1  iterations.
[1] 8.737169e-24
Algorithm converged after  2  iterations.
[1] 1.948743e-23
Algorithm converged after  2  iterations.
[1] 1.191098e-17
Algorithm converged after  2  iterations.
[1] 8.737169e-24 2.871367e-26
Algorithm converged after  2  iterations.
[1] 1.948743e-23 7.133341e-26
Algorithm converged after  2  iterations.
[1] 1.191098e-17 4.612213e-23
Algorithm converged after  2  iterations.
[1] 8.737169e-24 1.948743e-23
Algorithm converged after  2  iterations.
[1] 8.737169e-24 1.191098e-17
Algorithm converged after  2  iterations.
[1] 1.948743e-23 1.191098e-17
Algorithm converged after  2  iterations.
[1] 8.737169e-24 2.871367e-26 1.948743e-23
Algorithm converged after  2  iterations.
[1] 8.737169e-24 2.871367e-26 1.191098e-17
Algorithm converged after  2  iterations.
[1] 8.737169e-24 1.948743e-23 7.133341e-26
Algorithm converged after  2  iterations.
[1] 8.737169e-24 1.191098e-17 4.612213e-23
Algorithm converged after  2  iterations.
[1] 1.948743e-23 7.133341e-26 1.191098e-17
Algorithm converged after  2  iterations.
[1] 1.948743e-23 1.191098e-17 4.612213e-23
Algorithm converged after  2  iterations.
[1] 8.737169e-24 1.948743e-23 1.191098e-17
Algorithm converged after  2  iterations.
[1] 8.737169e-24 2.871367e-26 1.948743e-23 7.133341e-26
Algorithm converged after  2  iterations.
[1] 8.737169e-24 2.871367e-26 1.191098e-17 4.612213e-23
Algorithm converged after  2  iterations.
[1] 1.948743e-23 7.133341e-26 1.191098e-17 4.612213e-23
Algorithm converged after  2  iterations.
[1] 8.737169e-24 2.871367e-26 1.948743e-23 1.191098e-17
Algorithm converged after  2  iterations.
[1] 8.737169e-24 1.948743e-23 7.133341e-26 1.191098e-17
Algorithm converged after  2  iterations.
[1] 8.737169e-24 1.948743e-23 1.191098e-17 4.612213e-23
Algorithm converged after  2  iterations.
[1] 2.613504e-16
Algorithm converged after  2  iterations.
[1] 2.613504e-16 1.112041e-24
Algorithm converged after  6  iterations.
[1] 2.613504e-16 4.819663e-24
Algorithm converged after  6  iterations.
[1] 2.613504e-16 1.515385e-22
Algorithm converged after  7  iterations.
[1] 2.613504e-16 1.112041e-24 3.211398e-31
Algorithm converged after  6  iterations.
[1] 2.613504e-16 4.819663e-24 1.339824e-34
Algorithm converged after  6  iterations.
[1] 2.613504e-16 1.515385e-22 1.364402e-29
Algorithm converged after  9  iterations.
[1] 2.613504e-16 1.112041e-24 4.819663e-24
Algorithm converged after  7  iterations.
[1] 2.613504e-16 1.112041e-24 1.515385e-22
Algorithm converged after  7  iterations.
[1] 2.613504e-16 4.819663e-24 1.515385e-22
Algorithm converged after  8  iterations.
[1] 2.613504e-16 1.112041e-24 3.211398e-31 4.819663e-24
[1] 5.637957e-16 1.208385e-24 3.376330e-31 5.246699e-24
[1] 6.285962e-16 1.225780e-24 3.397950e-31 5.323821e-24
[1] 6.315442e-16 1.226572e-24 2.485767e-45 5.327439e-24
[1] 6.286592e-16 1.225853e-24 3.389715e-31 5.324268e-24
[1] 6.315313e-16 1.226643e-24 3.390618e-31 5.327792e-24
[1] 5.629915e-16 1.208354e-24 3.367190e-31 5.246744e-24
[1] 6.304881e-16 1.226492e-24 9.879690e-52 5.327339e-24
[1] 5.482058e-16 1.204326e-24 3.343091e-31 5.229172e-24
[1] 6.248542e-16 1.224930e-24 1.354633e-50 5.320592e-24
[1] 6.311812e-16 1.226877e-24 5.566413e-45 5.328913e-24
[1] 5.140768e-16 1.194712e-24 3.179069e-31 5.188861e-24
[1] 6.285296e-16 1.227120e-24 2.474145e-45 5.329782e-24
[1] 6.282513e-16 1.227078e-24 3.388795e-31 5.329722e-24
[1] 6.324300e-16 1.228220e-24 3.419305e-31 5.334502e-24
Algorithm converged after  143  iterations.
[1] 2.613504e-16 1.112041e-24 3.211398e-31 1.515385e-22
[1] 1.121649e-15 1.340146e-24 4.953416e-51 1.944010e-22
[1] 1.067701e-15 1.328764e-24 3.423422e-31 1.922632e-22
[1] 1.127812e-15 1.341375e-24 7.867273e-52 1.946550e-22
[1] 1.122998e-15 1.340337e-24 2.426724e-45 1.944745e-22
[1] 1.128520e-15 1.341534e-24 1.519799e-50 1.947078e-22
[1] 1.127110e-15 1.341263e-24 4.933745e-51 1.946631e-22
[1] 1.127750e-15 1.341443e-24 6.638677e-71 1.947091e-22
[1] 1.067478e-15 1.328799e-24 3.419118e-31 1.923335e-22
[1] 9.926560e-16 1.312882e-24 3.400431e-31 1.893310e-22
[1] 1.075332e-15 1.330423e-24 3.410187e-31 1.926830e-22
[1] 1.030959e-15 1.321093e-24 3.399297e-31 1.909321e-22
[1] 1.127696e-15 1.341607e-24 5.823942e-51 1.948189e-22
[1] 1.119806e-15 1.340015e-24 3.434568e-31 1.945290e-22
[1] 9.933463e-16 1.313190e-24 3.398493e-31 1.894616e-22
[1] 1.134748e-15 1.343118e-24 3.435599e-31 1.951394e-22
[1] 1.048528e-15 1.325053e-24 3.412344e-31 1.917327e-22
[1] 1.056932e-15 1.326774e-24 3.406900e-31 1.920735e-22
[1] 1.030866e-15 1.321233e-24 3.397083e-31 1.910367e-22
[1] 1.127842e-15 1.341812e-24 4.986147e-45 1.949799e-22
[1] 9.934668e-16 1.313436e-24 3.397797e-31 1.896042e-22
[1] 1.029790e-15 1.321173e-24 3.398702e-31 1.910849e-22
[1] 9.935878e-16 1.313506e-24 3.398596e-31 1.896347e-22
[1] 1.049813e-15 1.325616e-24 3.417658e-31 1.919342e-22
[1] 1.075329e-15 1.330845e-24 3.406140e-31 1.929516e-22
[1] 9.934639e-16 1.313547e-24 3.397433e-31 1.896730e-22
[1] 1.126753e-15 1.341856e-24 1.114148e-52 1.950481e-22
[1] 1.125262e-15 1.341569e-24 5.262678e-52 1.950016e-22
[1] 1.128017e-15 1.342123e-24 4.223561e-62 1.951220e-22
[1] 1.124957e-15 1.341527e-24 5.956120e-49 1.950163e-22
[1] 1.124411e-15 1.341435e-24 6.629188e-55 1.950194e-22
[1] 1.128083e-15 1.342180e-24 2.414576e-45 1.951807e-22
[1] 1.048539e-15 1.325563e-24 3.413354e-31 1.920316e-22
[1] 1.121754e-15 1.341087e-24 3.447486e-31 1.949778e-22
[1] 1.127888e-15 1.342299e-24 9.470858e-51 1.952335e-22
[1] 1.065194e-15 1.329171e-24 3.417058e-31 1.927488e-22
[1] 9.935684e-16 1.313883e-24 3.395467e-31 1.898655e-22
[1] 1.061224e-15 1.328345e-24 3.410197e-31 1.926218e-22
[1] 1.119734e-15 1.340803e-24 1.830202e-69 1.949905e-22
[1] 1.128250e-15 1.342479e-24 2.405377e-45 1.953235e-22
[1] 1.128089e-15 1.342492e-24 1.324045e-48 1.953301e-22
[1] 1.058131e-15 1.327886e-24 3.400323e-31 1.926429e-22
[1] 9.939762e-16 1.314305e-24 3.394612e-31 1.900640e-22
[1] 1.050417e-15 1.326467e-24 3.410270e-31 1.923881e-22
[1] 1.134060e-15 1.343981e-24 1.534150e-61 1.957335e-22
[1] 9.940163e-16 1.314380e-24 3.394171e-31 1.901085e-22
[1] 1.064074e-15 1.329406e-24 3.414516e-31 1.929714e-22
[1] 1.129042e-15 1.343027e-24 3.427054e-31 1.955721e-22
[1] 1.037037e-15 1.323735e-24 3.398627e-31 1.919475e-22
[1] 1.124538e-15 1.342242e-24 1.125875e-62 1.954788e-22
Algorithm did not converge after  500  iterations.
[1] 2.613504e-16 1.112041e-24 4.819663e-24 1.339824e-34
Algorithm converged after  10  iterations.
[1] 2.613504e-16 1.112041e-24 1.515385e-22 1.364402e-29
Algorithm converged after  9  iterations.
[1] 2.613504e-16 4.819663e-24 1.339824e-34 1.515385e-22
[1] 9.663612e-16 5.684962e-24 1.442845e-34 1.881845e-22
Algorithm converged after  11  iterations.
[1] 2.613504e-16 4.819663e-24 1.515385e-22 1.364402e-29
Algorithm converged after  9  iterations.
[1] 2.613504e-16 1.112041e-24 4.819663e-24 1.515385e-22
Algorithm converged after  8  iterations.
[1] 2.613504e-16 1.403497e-19
Algorithm converged after  2  iterations.
[1] 2.613504e-16 1.403497e-19 3.890019e-31
Algorithm converged after  5  iterations.
[1] 2.613504e-16 1.403497e-19 7.015219e-31
Algorithm converged after  4  iterations.
[1] 2.613504e-16 1.403497e-19 3.778513e-28
Algorithm converged after  6  iterations.
[1] 2.613504e-16 1.403497e-19 3.890019e-31 1.509032e-35
[1] 3.647951e-16 1.403993e-19 3.960143e-31 2.152109e-34
[1] 3.713175e-16 1.406955e-19 3.963961e-31 1.820935e-35
[1] 3.248383e-16 1.399425e-19 3.934728e-31 1.534437e-35
[1] 2.802077e-16 1.322198e-19 3.910028e-31 1.539167e-35
[1] 3.080123e-16 1.367981e-19 3.927453e-31 1.793793e-35
[1] 3.648178e-16 1.403815e-19 3.961986e-31 1.577648e-35
[1] 3.651206e-16 1.404514e-19 3.962114e-31 2.773902e-48
[1] 2.887236e-16 1.347264e-19 3.916100e-31 2.570799e-45
[1] 3.649110e-16 1.405092e-19 3.962453e-31 1.550019e-35
[1] 3.646171e-16 1.404449e-19 3.962665e-31 1.710856e-35
[1] 2.923064e-16 1.342196e-19 3.918750e-31 1.529491e-35
[1] 3.646359e-16 1.404569e-19 3.963183e-31 1.827660e-35
[1] 3.646541e-16 1.404742e-19 3.963259e-31 1.553743e-35
[1] 3.646339e-16 1.404256e-19 3.963585e-31 7.278261e-35
[1] 3.247114e-16 1.354824e-19 3.939969e-31 1.527255e-35
[1] 3.087542e-16 1.399159e-19 3.927947e-31 1.529054e-35
[1] 3.186966e-16 1.369031e-19 3.937344e-31 2.126007e-45
[1] 3.015261e-16 1.371967e-19 3.924134e-31 1.502132e-35
[1] 3.080899e-16 1.373915e-19 3.929806e-31 1.521551e-35
[1] 3.295595e-16 1.363222e-19 3.944899e-31 9.779886e-35
[1] 3.653362e-16 1.403251e-19 3.967510e-31 1.640929e-45
[1] 3.647987e-16 1.405965e-19 3.966743e-31 1.614214e-67
[1] 3.303960e-16 1.304751e-19 3.949337e-31 1.524782e-35
[1] 2.886017e-16 1.347097e-19 3.921751e-31 1.544081e-35
[1] 3.081078e-16 1.373696e-19 3.932589e-31 1.521129e-35
[1] 3.653961e-16 1.403214e-19 3.969979e-31 1.583644e-35
[1] 3.653565e-16 1.403693e-19 3.970401e-31 1.635842e-35
[1] 3.726028e-16 1.406004e-19 3.975034e-31 2.932720e-45
[1] 3.716705e-16 1.406591e-19 3.974556e-31 7.270722e-35
[1] 3.378753e-16 1.375156e-19 3.953934e-31 1.525059e-35
[1] 3.648767e-16 1.404731e-19 3.971196e-31 1.551596e-35
[1] 2.784316e-16 1.320318e-19 3.919183e-31 1.534599e-35
[1] 3.198497e-16 1.369560e-19 3.945530e-31 7.847535e-61
[1] 3.649848e-16 1.405119e-19 3.972343e-31 3.189266e-33
[1] 2.792670e-16 1.320213e-19 3.921346e-31 1.674282e-35
[1] 2.805406e-16 1.322086e-19 3.922933e-31 1.539722e-35
[1] 3.113445e-16 1.369048e-19 3.942514e-31 1.788473e-35
[1] 3.249639e-16 1.354523e-19 3.950780e-31 9.873470e-35
[1] 3.223016e-16 1.361328e-19 3.949484e-31 1.529558e-35
[1] 2.878606e-16 1.355939e-19 3.927394e-31 1.732007e-35
[1] 3.200344e-16 1.369529e-19 3.950283e-31 1.556933e-35
[1] 3.086020e-16 1.372673e-19 3.941157e-31 1.591858e-35
[1] 3.104927e-16 1.368311e-19 3.944767e-31 1.547823e-35
[1] 3.655941e-16 1.403124e-19 3.978744e-31 1.638181e-35
[1] 3.652322e-16 1.403856e-19 3.978739e-31 7.206902e-35
[1] 2.889826e-16 1.347132e-19 3.932351e-31 9.782141e-35
[1] 3.655084e-16 1.403207e-19 3.980127e-31 3.214906e-50
[1] 3.726056e-16 1.406781e-19 3.984037e-31 7.205350e-35
[1] 3.653085e-16 1.403629e-19 3.980786e-31 1.632503e-53
Algorithm did not converge after  500  iterations.
[1] 2.613504e-16 1.403497e-19 7.015219e-31 6.571779e-49
Algorithm converged after  9  iterations.
[1] 2.613504e-16 1.403497e-19 3.778513e-28 2.790218e-29
Algorithm converged after  8  iterations.
[1] 2.613504e-16 1.403497e-19 3.890019e-31 7.015219e-31
Algorithm converged after  5  iterations.
[1] 2.613504e-16 1.403497e-19 3.890019e-31 3.778513e-28
Algorithm converged after  6  iterations.
[1] 2.613504e-16 1.403497e-19 7.015219e-31 3.778513e-28
Algorithm converged after  6  iterations.
numeric(0)
Algorithm converged after  1  iterations.
[1] 4.316188e-24
Algorithm converged after  2  iterations.
[1] 1.558866e-23
Algorithm converged after  2  iterations.
[1] 6.970181e-18
Algorithm converged after  2  iterations.
[1] 4.316188e-24 5.269748e-26
Algorithm converged after  2  iterations.
[1] 1.558866e-23 1.050228e-25
Algorithm converged after  2  iterations.
[1] 6.970181e-18 2.822073e-23
Algorithm converged after  2  iterations.
[1] 4.316188e-24 1.558866e-23
