myseed=3441 

Attaching package: ‘pls’

The following object is masked from ‘package:stats’:

    loadings

Loading required package: lattice
Loading required package: ggplot2
Registered S3 methods overwritten by 'ggplot2':
  method         from 
  [.quosures     rlang
  c.quosures     rlang
  print.quosures rlang

Attaching package: ‘caret’

The following object is masked from ‘package:pls’:

    R2

Loading required package: Matrix
Loading required package: foreach
Loaded glmnet 2.0-18

Parsed with column specification:
cols(
  .default = col_double()
)
See spec(...) for full column specifications.
Parsed with column specification:
cols(
  X1 = col_double()
)
Parsed with column specification:
cols(
  X1 = col_double()
)
numeric(0)
Algorithm converged after  1  iterations.
[1] 1.057331e-23
Algorithm converged after  2  iterations.
[1] 7.98999e-24
Algorithm converged after  2  iterations.
[1] 1.866266e-18
Algorithm converged after  2  iterations.
[1] 1.057331e-23 6.959914e-26
Algorithm converged after  2  iterations.
[1] 7.989990e-24 2.213565e-26
Algorithm converged after  2  iterations.
[1] 1.866266e-18 1.067304e-23
Algorithm converged after  2  iterations.
[1] 1.057331e-23 7.989990e-24
Algorithm converged after  2  iterations.
[1] 1.057331e-23 1.866266e-18
Algorithm converged after  2  iterations.
[1] 7.989990e-24 1.866266e-18
Algorithm converged after  2  iterations.
[1] 1.057331e-23 6.959914e-26 7.989990e-24
Algorithm converged after  2  iterations.
[1] 1.057331e-23 6.959914e-26 1.866266e-18
Algorithm converged after  2  iterations.
[1] 1.057331e-23 7.989990e-24 2.213565e-26
Algorithm converged after  2  iterations.
[1] 1.057331e-23 1.866266e-18 1.067304e-23
Algorithm converged after  2  iterations.
[1] 7.989990e-24 2.213565e-26 1.866266e-18
Algorithm converged after  2  iterations.
[1] 7.989990e-24 1.866266e-18 1.067304e-23
Algorithm converged after  2  iterations.
[1] 1.057331e-23 7.989990e-24 1.866266e-18
Algorithm converged after  2  iterations.
[1] 1.057331e-23 6.959914e-26 7.989990e-24 2.213565e-26
Algorithm converged after  2  iterations.
[1] 1.057331e-23 6.959914e-26 1.866266e-18 1.067304e-23
Algorithm converged after  2  iterations.
[1] 7.989990e-24 2.213565e-26 1.866266e-18 1.067304e-23
Algorithm converged after  2  iterations.
[1] 1.057331e-23 6.959914e-26 7.989990e-24 1.866266e-18
Algorithm converged after  2  iterations.
[1] 1.057331e-23 7.989990e-24 2.213565e-26 1.866266e-18
Algorithm converged after  2  iterations.
[1] 1.057331e-23 7.989990e-24 1.866266e-18 1.067304e-23
Algorithm converged after  2  iterations.
[1] 6.164133e-20
Algorithm converged after  2  iterations.
[1] 6.164133e-20 4.789051e-24
Algorithm converged after  5  iterations.
[1] 6.164133e-20 1.669422e-24
Algorithm converged after  6  iterations.
[1] 6.164133e-20 2.483260e-18
Algorithm converged after  5  iterations.
[1] 6.164133e-20 4.789051e-24 7.021954e-43
[1] 6.104882e-20 4.773795e-24 7.461878e-32
Algorithm converged after  12  iterations.
[1] 6.164133e-20 1.669422e-24 3.232513e-37
Algorithm converged after  10  iterations.
[1] 6.164133e-20 2.483260e-18 5.841278e-32
Algorithm converged after  6  iterations.
[1] 6.164133e-20 4.789051e-24 1.669422e-24
Algorithm converged after  7  iterations.
[1] 6.164133e-20 4.789051e-24 2.483260e-18
Algorithm converged after  6  iterations.
[1] 6.164133e-20 1.669422e-24 2.483260e-18
Algorithm converged after  7  iterations.
[1] 6.164133e-20 4.789051e-24 7.021954e-43 1.669422e-24
Algorithm converged after  7  iterations.
[1] 6.164133e-20 4.789051e-24 7.021954e-43 2.483260e-18
Algorithm converged after  7  iterations.
[1] 6.164133e-20 4.789051e-24 1.669422e-24 3.232513e-37
[1] 7.423179e-20 5.547604e-24 1.910268e-24 3.189285e-37
[1] 7.630128e-20 5.672946e-24 1.951242e-24 2.753244e-48
[1] 7.632225e-20 5.674597e-24 1.951708e-24 4.900161e-46
[1] 7.147061e-20 5.388587e-24 1.860225e-24 3.008760e-33
[1] 7.620081e-20 5.670299e-24 1.949933e-24 9.759098e-51
[1] 7.619908e-20 5.670465e-24 1.949998e-24 3.324009e-62
[1] 7.625345e-20 5.673035e-24 1.950922e-24 1.834226e-65
[1] 7.763214e-20 5.750911e-24 1.975445e-24 2.253089e-33
[1] 7.078555e-20 5.345501e-24 1.846881e-24 2.217494e-33
[1] 7.348724e-20 5.505010e-24 1.897401e-24 6.534184e-39
[1] 7.625704e-20 5.673078e-24 1.951030e-24 4.884358e-46
[1] 7.245597e-20 5.446138e-24 1.879019e-24 8.028032e-32
[1] 7.425510e-20 5.549552e-24 1.911504e-24 3.178585e-37
[1] 7.622074e-20 5.670792e-24 1.950350e-24 6.688782e-39
[1] 7.764862e-20 5.754862e-24 1.977123e-24 2.182209e-52
[1] 7.217217e-20 5.428521e-24 1.873411e-24 3.811532e-46
[1] 7.431241e-20 5.552019e-24 1.912329e-24 3.182132e-37
[1] 7.622521e-20 5.670595e-24 1.950439e-24 7.916507e-32
[1] 7.090527e-20 5.351159e-24 1.848980e-24 2.217959e-33
[1] 7.281245e-20 5.463076e-24 1.884199e-24 8.028357e-32
[1] 7.281849e-20 5.463379e-24 1.884313e-24 8.028351e-32
[1] 7.763174e-20 5.749745e-24 1.975456e-24 3.533434e-37
[1] 7.267894e-20 5.454932e-24 1.881671e-24 8.033438e-32
[1] 7.345190e-20 5.501517e-24 1.896664e-24 2.228758e-33
[1] 7.432791e-20 5.556484e-24 1.914491e-24 5.251379e-37
[1] 7.619074e-20 5.666356e-24 1.949519e-24 3.363178e-37
[1] 7.619438e-20 5.668303e-24 1.949906e-24 4.882879e-46
[1] 7.249036e-20 5.443338e-24 1.878099e-24 1.359630e-32
[1] 7.246662e-20 5.445289e-24 1.879231e-24 8.034404e-32
[1] 7.214494e-20 5.422046e-24 1.871251e-24 3.190930e-37
[1] 7.430784e-20 5.554654e-24 1.914085e-24 3.158639e-37
[1] 7.622032e-20 5.669127e-24 1.950357e-24 4.885223e-46
[1] 7.356622e-20 5.507579e-24 1.898843e-24 1.194569e-39
[1] 7.079775e-20 5.345190e-24 1.847436e-24 2.216837e-33
[1] 7.359975e-20 5.509060e-24 1.899285e-24 2.228665e-33
[1] 7.621616e-20 5.668559e-24 1.950257e-24 5.127295e-67
[1] 7.149231e-20 5.386919e-24 1.860652e-24 2.221512e-33
[1] 7.045149e-20 5.324492e-24 1.840889e-24 2.214790e-33
[1] 7.315933e-20 5.483131e-24 1.891168e-24 8.024171e-32
[1] 7.144140e-20 5.383384e-24 1.859724e-24 3.005545e-33
[1] 7.434374e-20 5.553068e-24 1.914207e-24 3.060743e-33
[1] 7.625187e-20 5.670179e-24 1.950909e-24 1.621171e-63
[1] 7.633744e-20 5.672280e-24 1.952013e-24 5.791350e-48
[1] 7.496152e-20 5.590317e-24 1.925504e-24 5.447851e-37
[1] 7.625074e-20 5.669876e-24 1.950873e-24 5.439944e-37
[1] 7.086828e-20 5.348064e-24 1.848604e-24 2.217320e-33
[1] 7.260962e-20 5.451994e-24 1.881803e-24 1.358708e-32
[1] 7.165132e-20 5.394836e-24 1.863589e-24 3.591147e-33
[1] 7.434873e-20 5.552732e-24 1.914267e-24 1.143194e-39
Algorithm did not converge after  500  iterations.
[1] 6.164133e-20 4.789051e-24 2.483260e-18 5.841278e-32
Algorithm converged after  6  iterations.
[1] 6.164133e-20 1.669422e-24 3.232513e-37 2.483260e-18
[1] 7.217741e-20 1.872623e-24 4.829764e-46 2.953686e-18
[1] 6.993355e-20 1.830914e-24 6.507705e-35 2.852736e-18
[1] 7.388785e-20 1.905654e-24 4.872904e-46 3.028722e-18
[1] 7.403423e-20 1.908888e-24 5.428333e-37 3.033825e-18
[1] 7.214407e-20 1.871933e-24 2.253734e-53 2.952165e-18
[1] 7.049529e-20 1.841659e-24 3.349290e-37 2.877153e-18
[1] 7.035138e-20 1.838748e-24 3.577564e-37 2.870129e-18
[1] 7.343211e-20 1.897603e-24 4.831775e-46 3.006784e-18
[1] 7.019938e-20 1.835428e-24 2.960684e-33 2.865278e-18
[1] 7.099738e-20 1.851323e-24 6.509222e-39 2.899421e-18
[1] 7.450747e-20 1.917666e-24 3.155237e-37 3.056060e-18
[1] 7.708817e-20 1.966257e-24 3.148631e-37 3.171227e-18
[1] 7.383295e-20 1.904765e-24 2.229880e-33 3.026305e-18
[1] 7.357721e-20 1.899568e-24 4.887319e-46 3.015446e-18
[1] 7.197270e-20 1.869157e-24 5.437797e-37 2.944242e-18
[1] 7.712513e-20 1.967079e-24 5.401865e-37 3.172987e-18
[1] 7.206919e-20 1.871942e-24 4.791282e-46 2.946525e-18
[1] 7.229982e-20 1.876424e-24 4.729458e-57 2.957354e-18
[1] 7.605827e-20 1.947953e-24 5.205020e-37 3.123999e-18
[1] 7.354834e-20 1.900226e-24 3.152158e-37 3.012643e-18
[1] 7.219204e-20 1.873512e-24 2.218782e-33 2.954064e-18
[1] 7.382833e-20 1.904863e-24 5.224800e-37 3.026168e-18
[1] 7.038200e-20 1.839917e-24 1.227403e-39 2.872794e-18
[1] 7.040465e-20 1.840159e-24 3.178827e-37 2.873040e-18
[1] 7.212462e-20 1.873149e-24 6.548256e-39 2.949278e-18
[1] 7.220146e-20 1.873578e-24 6.475343e-39 2.955079e-18
[1] 7.169294e-20 1.862433e-24 5.248097e-37 2.935220e-18
[1] 7.127673e-20 1.857090e-24 3.554657e-37 2.912043e-18
[1] 7.462677e-20 1.920235e-24 6.576759e-39 3.061583e-18
Algorithm converged after  294  iterations.
[1] 6.164133e-20 1.669422e-24 2.483260e-18 5.841278e-32
Algorithm converged after  7  iterations.
[1] 6.164133e-20 4.789051e-24 1.669422e-24 2.483260e-18
Algorithm converged after  7  iterations.
[1] 6.164133e-20 2.806511e-29
Algorithm converged after  2  iterations.
[1] 6.164133e-20 2.806511e-29 1.901851e-24
Algorithm converged after  7  iterations.
[1] 6.164133e-20 2.806511e-29 9.163924e-25
Algorithm converged after  8  iterations.
[1] 6.164133e-20 2.806511e-29 5.843047e-19
[1] 6.339661e-20 3.601331e-29 1.258198e-18
Algorithm converged after  11  iterations.
[1] 6.164133e-20 2.806511e-29 1.901851e-24 8.013308e-32
Algorithm converged after  6  iterations.
[1] 6.164133e-20 2.806511e-29 9.163924e-25 8.516707e-47
[1] 7.059798e-20 3.589816e-27 2.060145e-24 3.713769e-37
[1] 6.592297e-20 4.266685e-27 1.849230e-24 8.072361e-35
Algorithm converged after  25  iterations.
[1] 6.164133e-20 2.806511e-29 5.843047e-19 6.188401e-31
Algorithm converged after  10  iterations.
[1] 6.164133e-20 2.806511e-29 1.901851e-24 9.163924e-25
[1] 7.263332e-20 6.625448e-29 4.140669e-24 1.701611e-24
Algorithm converged after  20  iterations.
[1] 6.164133e-20 2.806511e-29 1.901851e-24 5.843047e-19
Algorithm converged after  10  iterations.
[1] 6.164133e-20 2.806511e-29 9.163924e-25 5.843047e-19
Algorithm converged after  8  iterations.
numeric(0)
Algorithm converged after  1  iterations.
[1] 1.505925e-23
Algorithm converged after  2  iterations.
[1] 1.365241e-23
Algorithm converged after  2  iterations.
[1] 1.14295e-18
Algorithm converged after  2  iterations.
[1] 1.505925e-23 8.198805e-27
Algorithm converged after  2  iterations.
[1] 1.365241e-23 1.118993e-25
Algorithm converged after  2  iterations.
[1] 1.142950e-18 1.171845e-23
Algorithm converged after  2  iterations.
[1] 1.505925e-23 1.365241e-23
Algorithm converged after  2  iterations.
[1] 1.505925e-23 1.142950e-18
Algorithm converged after  2  iterations.
[1] 1.365241e-23 1.142950e-18
Algorithm converged after  2  iterations.
[1] 1.505925e-23 8.198805e-27 1.365241e-23
Algorithm converged after  2  iterations.
[1] 1.505925e-23 8.198805e-27 1.142950e-18
Algorithm converged after  2  iterations.
[1] 1.505925e-23 1.365241e-23 1.118993e-25
Algorithm converged after  2  iterations.
[1] 1.505925e-23 1.142950e-18 1.171845e-23
Algorithm converged after  2  iterations.
[1] 1.365241e-23 1.118993e-25 1.142950e-18
Algorithm converged after  2  iterations.
[1] 1.365241e-23 1.142950e-18 1.171845e-23
Algorithm converged after  2  iterations.
[1] 1.505925e-23 1.365241e-23 1.142950e-18
Algorithm converged after  2  iterations.
[1] 1.505925e-23 8.198805e-27 1.365241e-23 1.118993e-25
Algorithm converged after  2  iterations.
[1] 1.505925e-23 8.198805e-27 1.142950e-18 1.171845e-23
Algorithm converged after  2  iterations.
[1] 1.365241e-23 1.118993e-25 1.142950e-18 1.171845e-23
Algorithm converged after  2  iterations.
[1] 1.505925e-23 8.198805e-27 1.365241e-23 1.142950e-18
Algorithm converged after  2  iterations.
[1] 1.505925e-23 1.365241e-23 1.118993e-25 1.142950e-18
Algorithm converged after  2  iterations.
[1] 1.505925e-23 1.365241e-23 1.142950e-18 1.171845e-23
Algorithm converged after  2  iterations.
[1] 6.334626e-17
Algorithm converged after  2  iterations.
[1] 6.334626e-17 3.599144e-24
Algorithm converged after  6  iterations.
[1] 6.334626e-17 1.840646e-24
Algorithm converged after  6  iterations.
[1] 6.334626e-17 3.472915e-23
Algorithm converged after  7  iterations.
[1] 6.334626e-17 3.599144e-24 1.682231e-34
Algorithm converged after  6  iterations.
[1] 6.334626e-17 1.840646e-24 1.619609e-33
Algorithm converged after  6  iterations.
[1] 6.334626e-17 3.472915e-23 4.689549e-34
Algorithm converged after  9  iterations.
[1] 6.334626e-17 3.599144e-24 1.840646e-24
Algorithm converged after  7  iterations.
[1] 6.334626e-17 3.599144e-24 3.472915e-23
Algorithm converged after  8  iterations.
[1] 6.334626e-17 1.840646e-24 3.472915e-23
Algorithm converged after  8  iterations.
[1] 6.334626e-17 3.599144e-24 1.682231e-34 1.840646e-24
Algorithm converged after  7  iterations.
[1] 6.334626e-17 3.599144e-24 1.682231e-34 3.472915e-23
Algorithm converged after  8  iterations.
[1] 6.334626e-17 3.599144e-24 1.840646e-24 1.619609e-33
Algorithm converged after  7  iterations.
[1] 6.334626e-17 3.599144e-24 3.472915e-23 4.689549e-34
Algorithm converged after  9  iterations.
[1] 6.334626e-17 1.840646e-24 1.619609e-33 3.472915e-23
Algorithm converged after  8  iterations.
[1] 6.334626e-17 1.840646e-24 3.472915e-23 4.689549e-34
Algorithm converged after  9  iterations.
[1] 6.334626e-17 3.599144e-24 1.840646e-24 3.472915e-23
Algorithm converged after  8  iterations.
[1] 6.334626e-17 8.406050e-20
Algorithm converged after  2  iterations.
[1] 6.334626e-17 8.406050e-20 6.610481e-32
Algorithm converged after  5  iterations.
[1] 6.334626e-17 8.406050e-20 8.092802e-31
Algorithm converged after  4  iterations.
[1] 6.334626e-17 8.406050e-20 7.947165e-30
Algorithm converged after  8  iterations.
[1] 6.334626e-17 8.406050e-20 6.610481e-32 1.047345e-34
Algorithm converged after  6  iterations.
[1] 6.334626e-17 8.406050e-20 8.092802e-31 3.181803e-51
[1] 8.544069e-20 5.463996e-45 4.043038e-23 2.012811e-33
[1] 8.461287e-20 8.084292e-28 3.888217e-23 1.952942e-33
[1] 8.462297e-20 8.084813e-28 3.888082e-23 1.952624e-33
Algorithm converged after  39  iterations.
[1] 6.334626e-17 8.406050e-20 7.947165e-30 1.301416e-31
[1] 2.156022e-16 8.018508e-20 9.806507e-30 5.315793e-49
[1] 1.669357e-16 7.501396e-20 9.342764e-30 1.465544e-31
[1] 2.176169e-16 8.033517e-20 9.843114e-30 1.995924e-31
[1] 1.663627e-16 7.890813e-20 9.349374e-30 1.472016e-31
[1] 2.177120e-16 8.014268e-20 9.851258e-30 1.511390e-31
Algorithm converged after  53  iterations.
[1] 6.334626e-17 8.406050e-20 6.610481e-32 8.092802e-31
Algorithm converged after  5  iterations.
[1] 6.334626e-17 8.406050e-20 6.610481e-32 7.947165e-30
Algorithm converged after  8  iterations.
[1] 6.334626e-17 8.406050e-20 8.092802e-31 7.947165e-30
Algorithm converged after  8  iterations.
numeric(0)
Algorithm converged after  1  iterations.
[1] 1.979975e-23
Algorithm converged after  2  iterations.
[1] 1.013334e-25
Algorithm converged after  2  iterations.
[1] 1.09614e-18
Algorithm converged after  2  iterations.
[1] 1.979975e-23 1.190584e-25
Algorithm converged after  2  iterations.
[1] 1.013334e-25 3.051040e-24
Algorithm converged after  2  iterations.
[1] 1.096140e-18 5.648652e-24
Algorithm converged after  2  iterations.
[1] 1.979975e-23 1.013334e-25
Algorithm converged after  2  iterations.
[1] 1.979975e-23 1.096140e-18
Algorithm converged after  2  iterations.
[1] 1.013334e-25 1.096140e-18
Algorithm converged after  2  iterations.
[1] 1.979975e-23 1.190584e-25 1.013334e-25
Algorithm converged after  2  iterations.
[1] 1.979975e-23 1.190584e-25 1.096140e-18
Algorithm converged after  2  iterations.
[1] 1.979975e-23 1.013334e-25 3.051040e-24
Algorithm converged after  2  iterations.
[1] 1.979975e-23 1.096140e-18 5.648652e-24
Algorithm converged after  2  iterations.
[1] 1.013334e-25 3.051040e-24 1.096140e-18
Algorithm converged after  2  iterations.
[1] 1.013334e-25 1.096140e-18 5.648652e-24
Algorithm converged after  2  iterations.
[1] 1.979975e-23 1.013334e-25 1.096140e-18
Algorithm converged after  2  iterations.
[1] 1.979975e-23 1.190584e-25 1.013334e-25 3.051040e-24
Algorithm converged after  2  iterations.
[1] 1.979975e-23 1.190584e-25 1.096140e-18 5.648652e-24
Algorithm converged after  2  iterations.
[1] 1.013334e-25 3.051040e-24 1.096140e-18 5.648652e-24
Algorithm converged after  2  iterations.
[1] 1.979975e-23 1.190584e-25 1.013334e-25 1.096140e-18
Algorithm converged after  2  iterations.
[1] 1.979975e-23 1.013334e-25 3.051040e-24 1.096140e-18
Algorithm converged after  2  iterations.
[1] 1.979975e-23 1.013334e-25 1.096140e-18 5.648652e-24
Algorithm converged after  2  iterations.
[1] 8.108577e-17
Algorithm converged after  2  iterations.
[1] 8.108577e-17 1.923332e-24
Algorithm converged after  6  iterations.
[1] 8.108577e-17 3.360964e-24
Algorithm converged after  6  iterations.
[1] 8.108577e-17 2.694468e-23
Algorithm converged after  8  iterations.
[1] 8.108577e-17 1.923332e-24 3.028530e-32
Algorithm converged after  6  iterations.
[1] 8.108577e-17 3.360964e-24 4.604745e-33
[1] 1.234333e-16 3.509265e-24 1.378470e-52
[1] 1.230271e-16 3.507851e-24 4.626767e-43
[1] 1.226276e-16 3.506552e-24 1.192366e-43
[1] 1.118275e-16 3.469274e-24 2.198981e-60
[1] 1.232568e-16 3.509712e-24 2.455079e-49
[1] 1.231933e-16 3.509548e-24 5.335083e-62
[1] 1.241155e-16 3.512003e-24 8.942498e-44
[1] 1.191324e-16 3.497329e-24 4.650471e-33
[1] 1.269226e-16 3.521315e-24 4.707252e-33
[1] 1.229264e-16 3.509498e-24 4.696745e-33
Algorithm converged after  102  iterations.
[1] 8.108577e-17 2.694468e-23 4.616616e-29
Algorithm converged after  9  iterations.
[1] 8.108577e-17 1.923332e-24 3.360964e-24
Algorithm converged after  7  iterations.
[1] 8.108577e-17 1.923332e-24 2.694468e-23
Algorithm converged after  8  iterations.
[1] 8.108577e-17 3.360964e-24 2.694468e-23
Algorithm converged after  8  iterations.
[1] 8.108577e-17 1.923332e-24 3.028530e-32 3.360964e-24
Algorithm converged after  7  iterations.
[1] 8.108577e-17 1.923332e-24 3.028530e-32 2.694468e-23
Algorithm converged after  9  iterations.
[1] 8.108577e-17 1.923332e-24 3.360964e-24 4.604745e-33
Algorithm converged after  10  iterations.
[1] 8.108577e-17 1.923332e-24 2.694468e-23 4.616616e-29
[1] 4.599240e-16 2.332577e-24 3.844123e-23 6.638994e-32
[1] 4.562380e-16 2.329843e-24 3.836799e-23 1.425880e-51
[1] 3.917660e-16 2.275943e-24 3.681008e-23 8.807344e-30
[1] 4.721084e-16 2.343189e-24 3.878361e-23 3.935494e-35
[1] 3.985351e-16 2.283138e-24 3.704929e-23 6.614655e-49
[1] 4.742729e-16 2.345324e-24 3.885601e-23 2.887500e-61
[1] 4.403612e-16 2.317563e-24 3.805164e-23 4.153522e-67
[1] 4.006418e-16 2.285102e-24 3.712337e-23 6.646212e-40
[1] 4.801291e-16 2.350422e-24 3.902297e-23 2.144601e-40
[1] 4.206173e-16 2.301925e-24 3.761471e-23 8.813721e-30
[1] 3.909990e-16 2.277208e-24 3.690156e-23 6.650955e-40
[1] 4.733184e-16 2.345518e-24 3.889490e-23 5.228223e-29
[1] 4.026519e-16 2.287874e-24 3.723464e-23 2.640297e-32
[1] 3.492602e-16 2.241358e-24 3.590578e-23 6.430698e-48
[1] 4.021640e-16 2.288044e-24 3.725612e-23 2.105474e-60
[1] 3.884414e-16 2.276137e-24 3.691290e-23 5.356753e-32
[1] 3.829494e-16 2.271663e-24 3.678688e-23 6.711070e-49
[1] 4.912176e-16 2.360985e-24 3.938837e-23 3.040824e-32
[1] 3.855794e-16 2.274123e-24 3.686115e-23 4.313454e-33
[1] 3.949939e-16 2.282202e-24 3.709661e-23 1.489128e-28
[1] 4.402999e-16 2.320158e-24 3.822456e-23 6.965907e-32
[1] 3.912443e-16 2.279749e-24 3.705590e-23 2.353402e-33
[1] 3.835904e-16 2.273189e-24 3.686915e-23 5.295620e-32
[1] 4.661364e-16 2.342346e-24 3.888865e-23 2.984423e-65
[1] 3.768598e-16 2.267640e-24 3.671683e-23 2.361463e-33
[1] 3.651201e-16 2.257321e-24 3.641905e-23 4.723554e-53
[1] 3.717433e-16 2.263174e-24 3.658972e-23 8.782782e-30
[1] 3.998447e-16 2.287737e-24 3.730301e-23 6.678258e-32
[1] 4.600455e-16 2.337851e-24 3.876647e-23 5.728369e-32
[1] 4.570007e-16 2.335672e-24 3.870471e-23 1.416169e-51
[1] 3.825959e-16 2.273190e-24 3.689262e-23 8.844767e-30
[1] 5.002657e-16 2.370087e-24 3.972595e-23 9.116264e-30
[1] 4.189114e-16 2.304164e-24 3.779790e-23 5.141930e-29
[1] 4.052238e-16 2.292896e-24 3.747485e-23 8.041305e-48
[1] 3.905474e-16 2.280530e-24 3.711752e-23 1.059281e-61
[1] 3.673718e-16 2.260362e-24 3.653566e-23 6.792006e-48
[1] 4.057116e-16 2.293838e-24 3.751195e-23 8.927683e-30
[1] 4.177014e-16 2.303845e-24 3.780790e-23 5.920791e-32
[1] 4.618860e-16 2.340512e-24 3.888612e-23 4.391319e-32
[1] 4.600249e-16 2.339460e-24 3.885829e-23 6.180672e-66
[1] 3.866474e-16 2.277953e-24 3.706369e-23 5.113619e-29
[1] 4.167774e-16 2.303954e-24 3.782482e-23 9.009279e-30
[1] 4.575201e-16 2.337817e-24 3.881895e-23 3.987822e-68
[1] 3.794896e-16 2.272057e-24 3.690128e-23 5.103470e-29
[1] 4.039946e-16 2.293197e-24 3.751834e-23 6.832711e-49
[1] 4.657830e-16 2.344743e-24 3.903768e-23 8.505582e-33
[1] 3.999472e-16 2.291220e-24 3.752468e-23 7.892163e-60
[1] 4.832227e-16 2.360129e-24 3.954866e-23 2.129311e-40
[1] 4.803553e-16 2.357941e-24 3.948581e-23 9.148408e-30
Algorithm did not converge after  500  iterations.
[1] 8.108577e-17 3.360964e-24 4.604745e-33 2.694468e-23
[1] 3.504774e-16 4.086442e-24 4.837900e-33 3.574861e-23
[1] 3.505745e-16 4.086853e-24 4.716676e-69 3.575569e-23
[1] 3.424030e-16 4.069165e-24 3.942972e-31 3.554394e-23
[1] 3.508612e-16 4.086879e-24 5.042141e-44 3.576369e-23
[1] 3.420469e-16 4.068811e-24 3.915937e-31 3.554254e-23
[1] 3.404529e-16 4.065673e-24 1.639332e-61 3.551409e-23
[1] 3.497677e-16 4.085583e-24 4.832721e-33 3.576038e-23
[1] 3.028607e-16 3.983601e-24 4.839780e-33 3.453403e-23
[1] 3.450767e-16 4.076221e-24 4.832427e-33 3.567105e-23
[1] 3.502638e-16 4.086900e-24 4.851430e-33 3.580600e-23
[1] 3.513535e-16 4.089244e-24 4.851540e-33 3.583697e-23
Algorithm converged after  116  iterations.
[1] 8.108577e-17 3.360964e-24 2.694468e-23 4.616616e-29
[1] 3.520342e-16 4.089735e-24 3.577521e-23 1.471335e-32
[1] 3.316159e-16 4.047087e-24 3.525472e-23 1.331189e-32
[1] 4.371618e-16 4.260964e-24 3.788854e-23 1.524128e-28
[1] 3.485631e-16 4.083201e-24 3.570616e-23 6.948611e-49
[1] 3.525751e-16 4.092025e-24 3.582000e-23 5.225485e-32
[1] 3.625462e-16 4.112993e-24 3.608023e-23 9.219320e-30
[1] 3.612556e-16 4.110556e-24 3.605478e-23 2.378660e-34
[1] 3.694909e-16 4.127741e-24 3.627060e-23 1.749013e-40
[1] 3.581924e-16 4.104537e-24 3.598688e-23 5.140013e-48
[1] 3.919569e-16 4.173310e-24 3.683732e-23 4.001024e-47
[1] 3.877696e-16 4.165018e-24 3.673866e-23 5.496861e-32
[1] 3.611303e-16 4.111410e-24 3.608321e-23 9.211644e-30
[1] 3.508791e-16 4.090515e-24 3.582872e-23 4.437547e-34
[1] 3.510848e-16 4.090781e-24 3.583446e-23 9.198352e-30
[1] 3.411315e-16 4.070049e-24 3.558573e-23 3.456931e-36
[1] 4.445720e-16 4.278134e-24 3.815591e-23 1.153307e-33
[1] 4.297897e-16 4.250503e-24 3.781687e-23 9.597269e-30
Algorithm converged after  178  iterations.
[1] 8.108577e-17 1.923332e-24 3.360964e-24 2.694468e-23
Algorithm converged after  8  iterations.
[1] 8.108577e-17 6.066986e-20
Algorithm converged after  2  iterations.
[1] 8.108577e-17 6.066986e-20 5.442920e-32
Algorithm converged after  5  iterations.
[1] 8.108577e-17 6.066986e-20 4.327499e-31
Algorithm converged after  4  iterations.
[1] 8.108577e-17 6.066986e-20 8.627417e-33
Algorithm converged after  8  iterations.
[1] 8.108577e-17 6.066986e-20 5.442920e-32 4.967399e-33
Algorithm converged after  5  iterations.
[1] 8.108577e-17 6.066986e-20 4.327499e-31 8.939973e-33
Algorithm converged after  6  iterations.
[1] 8.108577e-17 6.066986e-20 8.627417e-33 4.805117e-31
[1] 1.802590e-16 5.736112e-20 1.695589e-29 4.908871e-36
[1] 3.058065e-16 5.274301e-20 1.363906e-29 1.173067e-33
[1] 1.628682e-16 6.216788e-20 1.208274e-34 6.229403e-31
[1] 1.853491e-16 5.746560e-20 1.736460e-29 5.251095e-36
[1] 1.897830e-16 6.343406e-20 3.739912e-49 4.276761e-30
Algorithm converged after  59  iterations.
[1] 8.108577e-17 6.066986e-20 5.442920e-32 4.327499e-31
Algorithm converged after  5  iterations.
[1] 8.108577e-17 6.066986e-20 5.442920e-32 8.627417e-33
[1] 1.111631e-16 5.487912e-20 5.608058e-32 4.812963e-48
[1] 2.118212e-16 5.133793e-20 5.849827e-32 2.062680e-29
[1] 1.968115e-16 5.135650e-20 5.827730e-32 1.861375e-32
[1] 2.089229e-16 5.153321e-20 5.854593e-32 2.198151e-29
[1] 2.094670e-16 5.157929e-20 5.861108e-32 2.185241e-29
Algorithm converged after  57  iterations.
[1] 8.108577e-17 6.066986e-20 4.327499e-31 8.627417e-33
[1] 1.976006e-16 5.667717e-20 4.363605e-31 9.718908e-32
[1] 1.842441e-16 5.675880e-20 4.358224e-31 2.501401e-47
[1] 8.662605e-17 6.198208e-20 4.346830e-31 8.228035e-33
[1] 1.776309e-16 5.652990e-20 4.347737e-31 1.885452e-29
Algorithm converged after  45  iterations.
numeric(0)
Algorithm converged after  1  iterations.
[1] 1.24004e-23
Algorithm converged after  2  iterations.
[1] 5.548032e-52
Algorithm converged after  2  iterations.
[1] 1.697141e-23
Algorithm converged after  2  iterations.
[1] 1.240040e-23 1.156422e-25
Algorithm converged after  2  iterations.
[1] 5.548032e-52 1.075607e-47
Algorithm converged after  2  iterations.
[1] 1.697141e-23 1.737924e-31
Algorithm converged after  2  iterations.
[1] 1.240040e-23 5.548032e-52
Algorithm converged after  2  iterations.
[1] 1.240040e-23 1.697141e-23
Algorithm converged after  2  iterations.
[1] 5.548032e-52 1.697141e-23
Algorithm converged after  2  iterations.
[1] 1.240040e-23 1.156422e-25 5.548032e-52
Algorithm converged after  2  iterations.
[1] 1.240040e-23 1.156422e-25 1.697141e-23
Algorithm converged after  2  iterations.
[1] 1.240040e-23 5.548032e-52 1.075607e-47
Algorithm converged after  2  iterations.
[1] 1.240040e-23 1.697141e-23 1.737924e-31
Algorithm converged after  2  iterations.
[1] 5.548032e-52 1.075607e-47 1.697141e-23
Algorithm converged after  2  iterations.
[1] 5.548032e-52 1.697141e-23 1.737924e-31
Algorithm converged after  2  iterations.
[1] 1.240040e-23 5.548032e-52 1.697141e-23
Algorithm converged after  2  iterations.
[1] 1.240040e-23 1.156422e-25 5.548032e-52 1.075607e-47
Algorithm converged after  2  iterations.
[1] 1.240040e-23 1.156422e-25 1.697141e-23 1.737924e-31
Algorithm converged after  2  iterations.
[1] 5.548032e-52 1.075607e-47 1.697141e-23 1.737924e-31
Algorithm converged after  2  iterations.
[1] 1.240040e-23 1.156422e-25 5.548032e-52 1.697141e-23
Algorithm converged after  2  iterations.
[1] 1.240040e-23 5.548032e-52 1.075607e-47 1.697141e-23
Algorithm converged after  2  iterations.
[1] 1.240040e-23 5.548032e-52 1.697141e-23 1.737924e-31
Algorithm converged after  2  iterations.
[1] 7.535449e-17
Algorithm converged after  2  iterations.
[1] 7.535449e-17 2.064487e-24
Algorithm converged after  6  iterations.
[1] 7.535449e-17 3.442489e-24
Algorithm converged after  6  iterations.
[1] 7.535449e-17 7.865322e-23
Algorithm converged after  8  iterations.
[1] 7.535449e-17 2.064487e-24 1.419274e-34
Algorithm converged after  6  iterations.
[1] 7.535449e-17 3.442489e-24 2.914728e-37
[1] 9.280258e-17 3.520149e-24 7.437292e-55
[1] 1.119648e-16 3.596484e-24 4.980796e-48
[1] 1.043790e-16 3.567898e-24 1.486013e-45
[1] 1.044577e-16 3.568509e-24 9.101416e-35
[1] 1.068590e-16 3.577747e-24 9.047185e-35
[1] 9.472290e-17 3.529629e-24 7.417369e-34
[1] 9.201659e-17 3.518442e-24 5.110132e-48
[1] 1.060819e-16 3.575826e-24 1.155339e-61
[1] 1.121087e-16 3.599360e-24 1.131041e-61
[1] 1.071606e-16 3.581734e-24 2.945632e-60
[1] 1.051819e-16 3.572795e-24 2.265603e-31
[1] 9.479338e-17 3.531261e-24 9.293625e-35
[1] 1.071763e-16 3.582469e-24 8.898464e-34
[1] 1.042584e-16 3.570941e-24 5.316330e-48
[1] 1.090922e-16 3.590240e-24 1.471040e-45
[1] 9.305798e-17 3.525797e-24 4.769412e-48
[1] 8.005648e-17 3.469317e-24 5.267314e-48
[1] 9.258056e-17 3.525095e-24 5.592652e-35
[1] 8.008260e-17 3.470254e-24 7.487432e-34
[1] 1.122941e-16 3.604075e-24 9.504361e-35
[1] 9.465352e-17 3.534105e-24 8.800672e-71
[1] 9.599274e-17 3.540907e-24 3.305265e-60
[1] 1.063593e-16 3.582326e-24 4.904404e-48
[1] 9.610152e-17 3.542110e-24 1.538060e-57
[1] 1.090966e-16 3.594776e-24 2.878334e-65
[1] 9.474618e-17 3.536153e-24 5.136459e-48
[1] 8.011247e-17 3.473165e-24 5.028966e-33
[1] 1.073728e-16 3.588038e-24 5.198316e-48
[1] 9.548168e-17 3.541217e-24 1.958007e-61
[1] 9.250840e-17 3.528920e-24 8.862068e-34
[1] 9.501186e-17 3.539556e-24 9.325865e-53
[1] 8.018538e-17 3.475675e-24 2.293318e-31
[1] 8.082652e-17 3.479199e-24 9.242272e-35
[1] 1.156755e-16 3.622430e-24 4.899668e-33
[1] 9.519362e-17 3.542305e-24 8.652935e-53
[1] 1.051337e-16 3.582267e-24 7.748556e-55
[1] 1.154419e-16 3.622737e-24 9.628705e-35
[1] 9.519419e-17 3.543907e-24 4.966204e-33
[1] 8.135374e-17 3.483885e-24 5.148711e-48
[1] 8.003255e-17 3.478351e-24 5.029794e-33
[1] 1.044624e-16 3.582235e-24 9.100842e-34
[1] 8.010014e-17 3.479418e-24 9.360127e-35
[1] 9.546069e-17 3.547230e-24 8.966579e-35
[1] 9.337707e-17 3.538084e-24 9.500799e-35
[1] 8.023782e-17 3.480964e-24 9.358065e-35
[1] 1.075667e-16 3.596232e-24 9.394999e-35
[1] 1.065427e-16 3.592624e-24 1.540558e-45
[1] 9.539289e-17 3.548393e-24 1.581680e-57
[1] 8.029400e-17 3.482454e-24 9.656710e-35
Algorithm did not converge after  500  iterations.
[1] 7.535449e-17 7.865322e-23 1.918910e-29
[1] 2.421143e-16 9.401279e-23 9.815911e-54
[1] 3.244726e-16 9.983206e-23 7.903774e-30
[1] 3.105687e-16 9.890468e-23 6.837890e-40
[1] 2.870492e-16 9.734145e-23 1.916189e-28
Algorithm converged after  42  iterations.
[1] 7.535449e-17 2.064487e-24 3.442489e-24
Algorithm converged after  6  iterations.
[1] 7.535449e-17 2.064487e-24 7.865322e-23
Algorithm converged after  9  iterations.
[1] 7.535449e-17 3.442489e-24 7.865322e-23
Algorithm converged after  8  iterations.
[1] 7.535449e-17 2.064487e-24 1.419274e-34 3.442489e-24
Algorithm converged after  6  iterations.
[1] 7.535449e-17 2.064487e-24 1.419274e-34 7.865322e-23
Algorithm converged after  7  iterations.
[1] 7.535449e-17 2.064487e-24 3.442489e-24 2.914728e-37
[1] 1.405697e-16 2.200232e-24 3.704124e-24 9.861455e-35
[1] 1.512085e-16 2.219551e-24 3.741497e-24 8.926226e-34
[1] 1.553107e-16 2.226857e-24 3.755488e-24 4.560756e-48
[1] 1.466807e-16 2.211600e-24 3.725235e-24 5.211302e-48
[1] 1.481104e-16 2.214504e-24 3.730813e-24 8.980812e-34
[1] 1.548427e-16 2.226737e-24 3.754479e-24 9.684652e-35
[1] 1.371341e-16 2.194948e-24 3.692322e-24 8.977395e-34
[1] 1.405860e-16 2.201660e-24 3.705311e-24 1.019849e-34
[1] 1.404323e-16 2.201594e-24 3.705068e-24 3.580897e-37
[1] 1.546319e-16 2.227259e-24 3.754552e-24 1.000839e-34
[1] 1.642271e-16 2.243810e-24 3.785958e-24 3.441303e-53
[1] 1.573711e-16 2.232557e-24 3.764166e-24 9.013336e-34
[1] 1.367206e-16 2.195840e-24 3.692860e-24 9.596645e-35
[1] 1.549003e-16 2.228607e-24 3.756227e-24 5.405374e-48
[1] 1.384036e-16 2.199032e-24 3.698344e-24 8.275809e-55
[1] 1.399170e-16 2.202235e-24 3.704519e-24 9.974866e-53
[1] 1.384753e-16 2.199575e-24 3.698894e-24 5.215420e-48
[1] 1.415561e-16 2.205445e-24 3.710034e-24 9.889255e-35
[1] 1.394335e-16 2.201738e-24 3.702670e-24 1.209092e-52
[1] 1.514062e-16 2.223741e-24 3.745363e-24 4.633367e-48
[1] 1.506383e-16 2.222233e-24 3.742063e-24 5.048310e-48
[1] 1.400225e-16 2.203530e-24 3.705812e-24 2.788024e-45
[1] 1.548797e-16 2.230648e-24 3.758024e-24 7.321637e-34
[1] 1.400897e-16 2.204159e-24 3.706629e-24 9.950408e-53
[1] 1.575744e-16 2.235499e-24 3.767109e-24 9.824633e-35
[1] 1.408607e-16 2.205839e-24 3.709524e-24 4.740691e-48
[1] 1.397293e-16 2.204256e-24 3.706094e-24 1.481767e-45
[1] 1.459699e-16 2.215292e-24 3.727024e-24 2.053733e-68
[1] 1.534355e-16 2.228862e-24 3.753176e-24 8.317601e-55
[1] 1.404309e-16 2.205744e-24 3.708309e-24 7.295564e-34
[1] 1.652351e-16 2.249816e-24 3.792978e-24 9.081008e-34
[1] 1.520775e-16 2.227376e-24 3.749488e-24 9.895577e-49
[1] 1.541971e-16 2.231222e-24 3.756590e-24 5.033167e-48
[1] 1.362651e-16 2.199102e-24 3.694406e-24 1.045485e-34
[1] 1.545720e-16 2.232589e-24 3.759034e-24 9.720554e-35
[1] 1.367833e-16 2.200538e-24 3.696829e-24 1.207081e-57
[1] 1.455519e-16 2.216519e-24 3.727266e-24 8.982432e-34
[1] 1.536495e-16 2.231167e-24 3.755505e-24 1.542851e-45
[1] 1.567929e-16 2.237187e-24 3.767119e-24 9.792205e-35
[1] 1.513007e-16 2.227531e-24 3.748186e-24 2.895823e-45
[1] 1.397970e-16 2.206986e-24 3.708290e-24 1.396696e-62
[1] 1.462611e-16 2.218754e-24 3.730516e-24 1.014981e-48
[1] 1.367364e-16 2.201762e-24 3.697802e-24 4.788932e-48
[1] 1.359985e-16 2.200659e-24 3.695381e-24 9.930568e-35
[1] 1.218236e-16 2.173622e-24 3.642424e-24 3.109814e-45
[1] 1.381981e-16 2.205264e-24 3.703340e-24 9.888469e-35
[1] 1.511190e-16 2.229212e-24 3.749434e-24 3.268895e-54
[1] 1.397699e-16 2.208958e-24 3.710258e-24 9.581522e-35
[1] 1.570008e-16 2.239852e-24 3.769869e-24 9.758311e-49
Algorithm did not converge after  500  iterations.
[1] 7.535449e-17 2.064487e-24 7.865322e-23 1.918910e-29
[1] 3.565257e-16 2.521270e-24 1.019424e-22 2.147741e-29
[1] 3.903014e-16 2.563220e-24 1.041096e-22 7.278942e-30
[1] 3.588994e-16 2.524305e-24 1.021180e-22 7.178790e-30
[1] 4.002826e-16 2.575528e-24 1.047597e-22 7.456960e-30
Algorithm converged after  41  iterations.
[1] 7.535449e-17 3.442489e-24 2.914728e-37 7.865322e-23
[1] 3.216523e-16 4.242024e-24 2.511795e-52 9.967787e-23
[1] 3.140071e-16 4.222517e-24 1.841244e-52 9.918422e-23
[1] 2.931898e-16 4.167470e-24 8.104152e-34 9.776124e-23
Algorithm converged after  37  iterations.
[1] 7.535449e-17 3.442489e-24 7.865322e-23 1.918910e-29
[1] 3.756552e-16 4.374958e-24 1.031626e-22 7.403773e-30
Algorithm converged after  17  iterations.
[1] 7.535449e-17 2.064487e-24 3.442489e-24 7.865322e-23
Algorithm converged after  8  iterations.
[1] 7.535449e-17 1.121889e-19
Algorithm converged after  2  iterations.
[1] 7.535449e-17 1.121889e-19 4.504715e-32
Algorithm converged after  5  iterations.
[1] 7.535449e-17 1.121889e-19 8.334109e-32
Algorithm converged after  4  iterations.
[1] 7.535449e-17 1.121889e-19 2.314726e-28
Algorithm converged after  6  iterations.
[1] 7.535449e-17 1.121889e-19 4.504715e-32 1.409708e-33
Algorithm converged after  5  iterations.
[1] 7.535449e-17 1.121889e-19 8.334109e-32 8.155679e-35
Algorithm converged after  5  iterations.
[1] 7.535449e-17 1.121889e-19 2.314726e-28 1.491800e-29
Algorithm converged after  8  iterations.
[1] 7.535449e-17 1.121889e-19 4.504715e-32 8.334109e-32
Algorithm converged after  5  iterations.
[1] 7.535449e-17 1.121889e-19 4.504715e-32 2.314726e-28
Algorithm converged after  6  iterations.
[1] 7.535449e-17 1.121889e-19 8.334109e-32 2.314726e-28
Algorithm converged after  6  iterations.
numeric(0)
Algorithm converged after  1  iterations.
[1] 1.788421e-23
Algorithm converged after  2  iterations.
[1] 2.570763e-24
Algorithm converged after  2  iterations.
[1] 2.264724e-19
Algorithm converged after  2  iterations.
[1] 1.788421e-23 1.066650e-25
Algorithm converged after  2  iterations.
[1] 2.570763e-24 1.348279e-25
Algorithm converged after  2  iterations.
[1] 2.264724e-19 1.345147e-23
Algorithm converged after  2  iterations.
[1] 1.788421e-23 2.570763e-24
Algorithm converged after  2  iterations.
[1] 1.788421e-23 2.264724e-19
Algorithm converged after  2  iterations.
[1] 2.570763e-24 2.264724e-19
Algorithm converged after  2  iterations.
[1] 1.788421e-23 1.066650e-25 2.570763e-24
Algorithm converged after  2  iterations.
[1] 1.788421e-23 1.066650e-25 2.264724e-19
Algorithm converged after  2  iterations.
[1] 1.788421e-23 2.570763e-24 1.348279e-25
Algorithm converged after  2  iterations.
[1] 1.788421e-23 2.264724e-19 1.345147e-23
Algorithm converged after  2  iterations.
[1] 2.570763e-24 1.348279e-25 2.264724e-19
Algorithm converged after  2  iterations.
[1] 2.570763e-24 2.264724e-19 1.345147e-23
Algorithm converged after  2  iterations.
[1] 1.788421e-23 2.570763e-24 2.264724e-19
Algorithm converged after  2  iterations.
[1] 1.788421e-23 1.066650e-25 2.570763e-24 1.348279e-25
Algorithm converged after  2  iterations.
[1] 1.788421e-23 1.066650e-25 2.264724e-19 1.345147e-23
Algorithm converged after  2  iterations.
[1] 2.570763e-24 1.348279e-25 2.264724e-19 1.345147e-23
Algorithm converged after  2  iterations.
[1] 1.788421e-23 1.066650e-25 2.570763e-24 2.264724e-19
Algorithm converged after  2  iterations.
[1] 1.788421e-23 2.570763e-24 1.348279e-25 2.264724e-19
Algorithm converged after  2  iterations.
[1] 1.788421e-23 2.570763e-24 2.264724e-19 1.345147e-23
Algorithm converged after  2  iterations.
[1] 6.213235e-20
Algorithm converged after  2  iterations.
[1] 6.213235e-20 4.978913e-24
Algorithm converged after  5  iterations.
[1] 6.213235e-20 8.956691e-24
Algorithm converged after  6  iterations.
[1] 6.213235e-20 2.701520e-18
Algorithm converged after  5  iterations.
[1] 6.213235e-20 4.978913e-24 3.643733e-32
[1] 6.408632e-20 5.131926e-24 3.676436e-43
[1] 6.321981e-20 5.096492e-24 1.402274e-34
Algorithm converged after  26  iterations.
[1] 6.213235e-20 8.956691e-24 2.028021e-54
[1] 7.070255e-20 9.576279e-24 7.348785e-33
[1] 7.063830e-20 9.570789e-24 2.971367e-37
[1] 7.053041e-20 9.562736e-24 2.967236e-37
[1] 7.053892e-20 9.565154e-24 2.979645e-37
[1] 6.212660e-20 8.968738e-24 2.678678e-37
[1] 6.198246e-20 8.955875e-24 8.921567e-46
[1] 7.071290e-20 9.576942e-24 2.697129e-37
[1] 6.212639e-20 8.968549e-24 2.678676e-37
[1] 7.065233e-20 9.571268e-24 2.970571e-37
[1] 6.954208e-20 9.493172e-24 2.961933e-37
Algorithm converged after  106  iterations.
[1] 6.213235e-20 2.701520e-18 4.713056e-30
[1] 6.461574e-20 2.788738e-18 2.026526e-38
[1] 6.599185e-20 2.816688e-18 4.684120e-30
[1] 6.452751e-20 2.781009e-18 1.401226e-40
[1] 6.448977e-20 2.777921e-18 4.701998e-30
Algorithm converged after  44  iterations.
[1] 6.213235e-20 4.978913e-24 8.956691e-24
Algorithm converged after  6  iterations.
[1] 6.213235e-20 4.978913e-24 2.701520e-18
Algorithm converged after  6  iterations.
[1] 6.213235e-20 8.956691e-24 2.701520e-18
Algorithm converged after  6  iterations.
[1] 6.213235e-20 4.978913e-24 3.643733e-32 8.956691e-24
Algorithm converged after  7  iterations.
[1] 6.213235e-20 4.978913e-24 3.643733e-32 2.701520e-18
[1] 6.833258e-20 5.448302e-24 1.400427e-34 2.876558e-18
Algorithm converged after  11  iterations.
[1] 6.213235e-20 4.978913e-24 8.956691e-24 2.028021e-54
[1] 6.452674e-20 5.178141e-24 9.144027e-24 2.684297e-37
[1] 7.328198e-20 5.802027e-24 9.758482e-24 1.409641e-34
[1] 7.041204e-20 5.588372e-24 9.551783e-24 2.695759e-37
[1] 6.429755e-20 5.160286e-24 9.127591e-24 2.925266e-37
[1] 7.453030e-20 5.891077e-24 9.844920e-24 7.909345e-42
[1] 7.305642e-20 5.782804e-24 9.741956e-24 4.796065e-35
[1] 6.446154e-20 5.169267e-24 9.138109e-24 4.975358e-35
[1] 7.311274e-20 5.785646e-24 9.744720e-24 2.701170e-37
[1] 6.413231e-20 5.145850e-24 9.114416e-24 2.923472e-37
[1] 7.312048e-20 5.785619e-24 9.745113e-24 2.701176e-37
[1] 7.326670e-20 5.795292e-24 9.755384e-24 2.701531e-37
[1] 7.320481e-20 5.790748e-24 9.751433e-24 2.701553e-37
[1] 7.304468e-20 5.779606e-24 9.740324e-24 4.804202e-35
[1] 6.843556e-20 5.450008e-24 9.418856e-24 4.885372e-35
[1] 7.317622e-20 5.787654e-24 9.747716e-24 2.983802e-37
Algorithm converged after  152  iterations.
[1] 6.213235e-20 4.978913e-24 2.701520e-18 4.713056e-30
Algorithm converged after  6  iterations.
[1] 6.213235e-20 8.956691e-24 2.028021e-54 2.701520e-18
[1] 7.510251e-20 9.887781e-24 4.734486e-35 3.064592e-18
[1] 7.475587e-20 9.863631e-24 3.015545e-37 3.055044e-18
Algorithm converged after  25  iterations.
[1] 6.213235e-20 8.956691e-24 2.701520e-18 4.713056e-30
[1] 7.013428e-20 9.535499e-24 2.933481e-18 4.670550e-30
[1] 7.537662e-20 9.901441e-24 3.071509e-18 4.663821e-30
[1] 7.115443e-20 9.606007e-24 2.954930e-18 2.170634e-29
[1] 7.386204e-20 9.795988e-24 3.029142e-18 2.021624e-38
[1] 7.372624e-20 9.786429e-24 3.025470e-18 2.045565e-38
[1] 7.079340e-20 9.581226e-24 2.951030e-18 4.668228e-30
[1] 7.076761e-20 9.579098e-24 2.948971e-18 8.792915e-29
[1] 7.082686e-20 9.583087e-24 2.949841e-18 4.218347e-40
[1] 7.171839e-20 9.646197e-24 2.971351e-18 9.117586e-49
Algorithm converged after  96  iterations.
[1] 6.213235e-20 4.978913e-24 8.956691e-24 2.701520e-18
Algorithm converged after  7  iterations.
[1] 6.213235e-20 7.075322e-28
Algorithm converged after  2  iterations.
[1] 6.213235e-20 7.075322e-28 2.145195e-24
[1] 6.661313e-20 7.563289e-25 1.737680e-23
[1] 6.612576e-20 7.769020e-25 1.430741e-23
[1] 6.513838e-20 3.480926e-27 9.797381e-24
Algorithm converged after  36  iterations.
[1] 6.213235e-20 7.075322e-28 3.526690e-24
[1] 6.852594e-20 3.303731e-42 9.286465e-24
Algorithm converged after  20  iterations.
[1] 6.213235e-20 7.075322e-28 1.187600e-18
[1] 6.669957e-20 2.575670e-27 8.221902e-18
Algorithm converged after  18  iterations.
[1] 6.213235e-20 7.075322e-28 2.145195e-24 5.712521e-34
Algorithm converged after  7  iterations.
