myseed=5676 

Attaching package: ‘pls’

The following object is masked from ‘package:stats’:

    loadings

Loading required package: lattice
Loading required package: ggplot2
Registered S3 methods overwritten by 'ggplot2':
  method         from 
  [.quosures     rlang
  c.quosures     rlang
  print.quosures rlang

Attaching package: ‘caret’

The following object is masked from ‘package:pls’:

    R2

Loading required package: Matrix
Loading required package: foreach
Loaded glmnet 2.0-18

Parsed with column specification:
cols(
  .default = col_double()
)
See spec(...) for full column specifications.
Parsed with column specification:
cols(
  X1 = col_double()
)
Parsed with column specification:
cols(
  X1 = col_double()
)
numeric(0)
Algorithm converged after  1  iterations.
[1] 7.577895e-23
Algorithm converged after  2  iterations.
[1] 2.166019e-23
Algorithm converged after  2  iterations.
[1] 3.352174e-18
Algorithm converged after  2  iterations.
[1] 7.577895e-23 6.897449e-26
Algorithm converged after  2  iterations.
[1] 2.166019e-23 1.441745e-25
Algorithm converged after  2  iterations.
[1] 3.352174e-18 9.445295e-24
Algorithm converged after  2  iterations.
[1] 7.577895e-23 2.166019e-23
Algorithm converged after  2  iterations.
[1] 7.577895e-23 3.352174e-18
Algorithm converged after  2  iterations.
[1] 2.166019e-23 3.352174e-18
Algorithm converged after  2  iterations.
[1] 7.577895e-23 6.897449e-26 2.166019e-23
Algorithm converged after  2  iterations.
[1] 7.577895e-23 6.897449e-26 3.352174e-18
Algorithm converged after  2  iterations.
[1] 7.577895e-23 2.166019e-23 1.441745e-25
Algorithm converged after  2  iterations.
[1] 7.577895e-23 3.352174e-18 9.445295e-24
Algorithm converged after  2  iterations.
[1] 2.166019e-23 1.441745e-25 3.352174e-18
Algorithm converged after  2  iterations.
[1] 2.166019e-23 3.352174e-18 9.445295e-24
Algorithm converged after  2  iterations.
[1] 7.577895e-23 2.166019e-23 3.352174e-18
Algorithm converged after  2  iterations.
[1] 7.577895e-23 6.897449e-26 2.166019e-23 1.441745e-25
Algorithm converged after  2  iterations.
[1] 7.577895e-23 6.897449e-26 3.352174e-18 9.445295e-24
Algorithm converged after  2  iterations.
[1] 2.166019e-23 1.441745e-25 3.352174e-18 9.445295e-24
Algorithm converged after  2  iterations.
[1] 7.577895e-23 6.897449e-26 2.166019e-23 3.352174e-18
Algorithm converged after  2  iterations.
[1] 7.577895e-23 2.166019e-23 1.441745e-25 3.352174e-18
Algorithm converged after  2  iterations.
[1] 7.577895e-23 2.166019e-23 3.352174e-18 9.445295e-24
Algorithm converged after  2  iterations.
[1] 2.164682e-16
Algorithm converged after  2  iterations.
[1] 2.164682e-16 2.960538e-24
Algorithm converged after  6  iterations.
[1] 2.164682e-16 2.895177e-24
Algorithm converged after  6  iterations.
[1] 2.164682e-16 4.184042e-23
Algorithm converged after  9  iterations.
[1] 2.164682e-16 2.960538e-24 4.071881e-48
[1] 4.550339e-16 3.175960e-24 5.315618e-33
[1] 4.570086e-16 3.177628e-24 9.982788e-32
Algorithm converged after  21  iterations.
[1] 2.164682e-16 2.895177e-24 4.190502e-40
[1] 2.744573e-16 2.979068e-24 1.392216e-32
[1] 2.998622e-16 3.014276e-24 2.791681e-51
[1] 2.561564e-16 2.954950e-24 1.411290e-32
[1] 2.137968e-16 2.892014e-24 7.308847e-60
[1] 3.100926e-16 3.029790e-24 1.086145e-54
[1] 3.097898e-16 3.029167e-24 1.741416e-39
[1] 3.098089e-16 3.029474e-24 1.192684e-41
Algorithm converged after  78  iterations.
[1] 2.164682e-16 4.184042e-23 3.987816e-30
[1] 8.695143e-16 5.299211e-23 2.817633e-55
[1] 1.099487e-15 5.597560e-23 5.076844e-30
Algorithm converged after  23  iterations.
[1] 2.164682e-16 2.960538e-24 2.895177e-24
Algorithm converged after  7  iterations.
[1] 2.164682e-16 2.960538e-24 4.184042e-23
Algorithm converged after  7  iterations.
[1] 2.164682e-16 2.895177e-24 4.184042e-23
Algorithm converged after  7  iterations.
[1] 2.164682e-16 2.960538e-24 4.071881e-48 2.895177e-24
[1] 5.469539e-16 3.244566e-24 1.012228e-31 3.299663e-24
[1] 5.469505e-16 3.244650e-24 1.012250e-31 3.299737e-24
[1] 5.469448e-16 3.244733e-24 1.012263e-31 3.299808e-24
[1] 5.469392e-16 3.244816e-24 1.012275e-31 3.299879e-24
[1] 5.469335e-16 3.244899e-24 1.012288e-31 3.299950e-24
[1] 5.469279e-16 3.244982e-24 1.012301e-31 3.300021e-24
[1] 5.469222e-16 3.245064e-24 1.012314e-31 3.300091e-24
[1] 5.469166e-16 3.245147e-24 1.012326e-31 3.300162e-24
[1] 5.469109e-16 3.245230e-24 1.012339e-31 3.300233e-24
[1] 5.469052e-16 3.245313e-24 1.012352e-31 3.300304e-24
[1] 5.468997e-16 3.245396e-24 1.012364e-31 3.300376e-24
[1] 5.468940e-16 3.245479e-24 1.012377e-31 3.300447e-24
[1] 5.468883e-16 3.245561e-24 1.012390e-31 3.300518e-24
[1] 5.468826e-16 3.245644e-24 1.012403e-31 3.300589e-24
[1] 5.468770e-16 3.245727e-24 1.012415e-31 3.300660e-24
[1] 5.468713e-16 3.245810e-24 1.012428e-31 3.300731e-24
[1] 5.468656e-16 3.245893e-24 1.012441e-31 3.300802e-24
[1] 5.468599e-16 3.245976e-24 1.012454e-31 3.300873e-24
[1] 5.468543e-16 3.246059e-24 1.012466e-31 3.300944e-24
[1] 5.468486e-16 3.246142e-24 1.012479e-31 3.301015e-24
[1] 5.468429e-16 3.246225e-24 1.012492e-31 3.301086e-24
[1] 5.468373e-16 3.246308e-24 1.012504e-31 3.301157e-24
[1] 5.448693e-16 3.245017e-24 1.012797e-31 3.299231e-24
[1] 5.468290e-16 3.246483e-24 1.012580e-31 3.301308e-24
[1] 5.448557e-16 3.245188e-24 1.012823e-31 3.299376e-24
[1] 5.468174e-16 3.246655e-24 1.012606e-31 3.301455e-24
[1] 5.448420e-16 3.245359e-24 1.012849e-31 3.299521e-24
[1] 5.468057e-16 3.246828e-24 1.012632e-31 3.301602e-24
[1] 5.448284e-16 3.245530e-24 1.012875e-31 3.299665e-24
[1] 5.467940e-16 3.247001e-24 1.012658e-31 3.301749e-24
[1] 5.467889e-16 3.247089e-24 1.012675e-31 3.301824e-24
[1] 5.448095e-16 3.245793e-24 1.012963e-31 3.299889e-24
[1] 5.448025e-16 3.245881e-24 1.012976e-31 3.299963e-24
[1] 5.447954e-16 3.245970e-24 1.012989e-31 3.300038e-24
[1] 5.447884e-16 3.246059e-24 1.013003e-31 3.300113e-24
[1] 5.447814e-16 3.246147e-24 1.013016e-31 3.300187e-24
[1] 5.447744e-16 3.246236e-24 1.013029e-31 3.300262e-24
[1] 5.447674e-16 3.246325e-24 1.013043e-31 3.300337e-24
[1] 5.447603e-16 3.246413e-24 1.013056e-31 3.300411e-24
[1] 5.447533e-16 3.246502e-24 1.013069e-31 3.300486e-24
[1] 5.447463e-16 3.246591e-24 1.013083e-31 3.300561e-24
[1] 5.447393e-16 3.246679e-24 1.013096e-31 3.300636e-24
[1] 5.447322e-16 3.246768e-24 1.013109e-31 3.300710e-24
[1] 5.447252e-16 3.246857e-24 1.013123e-31 3.300785e-24
[1] 5.447182e-16 3.246945e-24 1.013136e-31 3.300860e-24
[1] 5.447111e-16 3.247034e-24 1.013149e-31 3.300935e-24
[1] 5.447041e-16 3.247123e-24 1.013163e-31 3.301010e-24
[1] 5.446971e-16 3.247212e-24 1.013176e-31 3.301084e-24
[1] 5.446900e-16 3.247301e-24 1.013189e-31 3.301159e-24
Algorithm did not converge after  500  iterations.
[1] 2.164682e-16 2.960538e-24 4.071881e-48 4.184042e-23
Algorithm converged after  10  iterations.
[1] 2.164682e-16 2.960538e-24 2.895177e-24 4.190502e-40
[1] 4.471468e-16 3.170723e-24 3.193198e-24 4.762740e-66
[1] 4.842267e-16 3.199034e-24 3.233253e-24 4.323520e-31
[1] 5.216783e-16 3.227482e-24 3.274427e-24 1.318889e-32
[1] 5.236205e-16 3.229070e-24 3.275854e-24 4.308290e-31
[1] 5.235394e-16 3.229459e-24 3.275987e-24 8.358695e-42
Algorithm converged after  55  iterations.
[1] 2.164682e-16 2.960538e-24 4.184042e-23 3.987816e-30
Algorithm converged after  9  iterations.
[1] 2.164682e-16 2.895177e-24 4.190502e-40 4.184042e-23
[1] 9.720212e-16 3.690443e-24 1.936226e-41 5.433607e-23
[1] 8.783125e-16 3.612778e-24 4.048316e-31 5.312942e-23
[1] 9.507599e-16 3.672519e-24 1.787148e-39 5.408204e-23
[1] 9.772467e-16 3.695787e-24 1.840060e-41 5.444026e-23
[1] 9.914172e-16 3.707580e-24 1.871686e-41 5.463214e-23
[1] 9.870087e-16 3.705067e-24 1.716949e-41 5.459265e-23
[1] 9.801053e-16 3.698557e-24 1.355566e-32 5.450624e-23
[1] 8.917887e-16 3.625047e-24 1.765750e-56 5.336584e-23
[1] 9.741308e-16 3.694191e-24 1.983727e-48 5.445767e-23
[1] 9.861468e-16 3.704282e-24 1.765616e-39 5.462700e-23
[1] 9.596634e-16 3.682859e-24 3.859224e-56 5.429614e-23
[1] 1.001644e-15 3.716973e-24 1.747841e-33 5.484025e-23
[1] 9.691710e-16 3.689885e-24 1.384767e-32 5.443102e-23
[1] 9.557726e-16 3.679610e-24 3.558620e-29 5.427884e-23
[1] 8.889536e-16 3.623817e-24 1.759742e-39 5.341044e-23
[1] 8.787277e-16 3.615373e-24 1.757145e-39 5.328438e-23
[1] 9.668727e-16 3.689540e-24 4.664759e-52 5.445570e-23
[1] 1.000869e-15 3.717428e-24 1.356415e-32 5.489898e-23
[1] 8.893026e-16 3.624806e-24 1.760091e-39 5.346244e-23
[1] 8.908933e-16 3.626399e-24 1.728924e-41 5.351389e-23
[1] 1.006847e-15 3.723457e-24 1.791071e-41 5.503731e-23
[1] 9.641492e-16 3.687913e-24 6.757059e-49 5.449819e-23
[1] 9.989626e-16 3.717193e-24 8.117395e-64 5.495969e-23
[1] 9.958071e-16 3.714637e-24 1.358029e-32 5.497792e-23
[1] 9.985501e-16 3.716835e-24 1.356512e-32 5.501817e-23
[1] 8.927042e-16 3.629046e-24 1.723893e-41 5.365775e-23
[1] 9.982698e-16 3.716722e-24 1.956943e-48 5.504192e-23
[1] 8.890367e-16 3.626367e-24 1.372481e-32 5.363171e-23
[1] 9.511337e-16 3.677120e-24 1.401165e-32 5.444604e-23
[1] 9.884346e-16 3.709747e-24 1.358154e-32 5.496226e-23
[1] 9.977491e-16 3.717563e-24 1.970660e-48 5.509978e-23
[1] 8.892644e-16 3.627408e-24 1.756994e-39 5.369057e-23
[1] 9.327598e-16 3.663366e-24 1.721816e-33 5.427589e-23
[1] 8.780913e-16 3.618078e-24 3.113939e-57 5.356179e-23
[1] 8.923206e-16 3.630399e-24 1.986733e-33 5.376529e-23
[1] 9.736450e-16 3.698583e-24 1.862566e-41 5.484400e-23
[1] 9.935654e-16 3.716109e-24 3.886434e-56 5.512086e-23
[1] 9.891477e-16 3.712754e-24 3.169188e-57 5.507984e-23
[1] 9.896668e-16 3.712400e-24 1.863851e-41 5.508638e-23
[1] 8.895960e-16 3.629017e-24 1.370991e-32 5.377965e-23
[1] 9.870211e-16 3.710538e-24 3.974123e-31 5.507129e-23
[1] 1.002093e-15 3.722954e-24 1.356125e-32 5.528164e-23
[1] 9.881310e-16 3.711551e-24 1.803333e-56 5.512322e-23
[1] 9.196763e-16 3.654425e-24 3.993877e-31 5.423877e-23
[1] 1.002187e-15 3.723786e-24 1.355385e-32 5.533907e-23
[1] 9.542922e-16 3.683229e-24 3.039744e-61 5.472296e-23
[1] 9.563678e-16 3.686702e-24 1.677872e-37 5.477234e-23
[1] 9.398097e-16 3.671580e-24 1.397777e-32 5.455777e-23
[1] 9.723615e-16 3.699984e-24 1.362454e-32 5.500782e-23
Algorithm did not converge after  500  iterations.
[1] 2.164682e-16 2.895177e-24 4.184042e-23 3.987816e-30
[1] 1.221530e-15 3.889099e-24 5.743120e-23 4.521934e-30
Algorithm converged after  17  iterations.
[1] 2.164682e-16 2.960538e-24 2.895177e-24 4.184042e-23
Algorithm converged after  8  iterations.
[1] 2.164682e-16 8.150559e-20
Algorithm converged after  2  iterations.
[1] 2.164682e-16 8.150559e-20 1.148138e-31
Algorithm converged after  5  iterations.
[1] 2.164682e-16 8.150559e-20 3.316724e-29
Algorithm converged after  5  iterations.
[1] 2.164682e-16 8.150559e-20 8.425360e-30
Algorithm converged after  8  iterations.
[1] 2.164682e-16 8.150559e-20 1.148138e-31 2.074673e-33
Algorithm converged after  6  iterations.
[1] 2.164682e-16 8.150559e-20 3.316724e-29 1.375462e-32
[1] 8.965077e-20 2.010256e-29 5.901708e-23 9.098218e-36
[1] 9.117500e-20 1.433828e-25 6.192408e-23 3.348718e-33
Algorithm converged after  25  iterations.
[1] 2.164682e-16 8.150559e-20 8.425360e-30 7.554618e-31
Algorithm converged after  10  iterations.
[1] 2.164682e-16 8.150559e-20 1.148138e-31 3.316724e-29
Algorithm converged after  5  iterations.
[1] 2.164682e-16 8.150559e-20 1.148138e-31 8.425360e-30
Algorithm converged after  9  iterations.
[1] 2.164682e-16 8.150559e-20 3.316724e-29 8.425360e-30
Algorithm converged after  8  iterations.
numeric(0)
Algorithm converged after  1  iterations.
[1] 5.607938e-23
Algorithm converged after  2  iterations.
[1] 3.009857e-23
Algorithm converged after  2  iterations.
[1] 1.385896e-17
Algorithm converged after  2  iterations.
[1] 5.607938e-23 8.817979e-26
Algorithm converged after  2  iterations.
[1] 3.009857e-23 2.218606e-25
Algorithm converged after  2  iterations.
[1] 1.385896e-17 8.816658e-24
Algorithm converged after  2  iterations.
[1] 5.607938e-23 3.009857e-23
Algorithm converged after  2  iterations.
[1] 5.607938e-23 1.385896e-17
Algorithm converged after  2  iterations.
[1] 3.009857e-23 1.385896e-17
Algorithm converged after  2  iterations.
[1] 5.607938e-23 8.817979e-26 3.009857e-23
Algorithm converged after  2  iterations.
[1] 5.607938e-23 8.817979e-26 1.385896e-17
Algorithm converged after  2  iterations.
[1] 5.607938e-23 3.009857e-23 2.218606e-25
Algorithm converged after  2  iterations.
[1] 5.607938e-23 1.385896e-17 8.816658e-24
Algorithm converged after  2  iterations.
[1] 3.009857e-23 2.218606e-25 1.385896e-17
Algorithm converged after  2  iterations.
[1] 3.009857e-23 1.385896e-17 8.816658e-24
Algorithm converged after  2  iterations.
[1] 5.607938e-23 3.009857e-23 1.385896e-17
Algorithm converged after  2  iterations.
[1] 5.607938e-23 8.817979e-26 3.009857e-23 2.218606e-25
Algorithm converged after  2  iterations.
[1] 5.607938e-23 8.817979e-26 1.385896e-17 8.816658e-24
Algorithm converged after  2  iterations.
[1] 3.009857e-23 2.218606e-25 1.385896e-17 8.816658e-24
Algorithm converged after  2  iterations.
[1] 5.607938e-23 8.817979e-26 3.009857e-23 1.385896e-17
Algorithm converged after  2  iterations.
[1] 5.607938e-23 3.009857e-23 2.218606e-25 1.385896e-17
Algorithm converged after  2  iterations.
[1] 5.607938e-23 3.009857e-23 1.385896e-17 8.816658e-24
Algorithm converged after  2  iterations.
[1] 6.69996e-16
Algorithm converged after  2  iterations.
[1] 6.699960e-16 2.579237e-24
Algorithm converged after  6  iterations.
[1] 6.699960e-16 1.276303e-24
Algorithm converged after  5  iterations.
[1] 6.699960e-16 1.496054e-23
Algorithm converged after  6  iterations.
[1] 6.699960e-16 2.579237e-24 2.046375e-35
[1] 1.172736e-15 2.747094e-24 3.045083e-35
[1] 1.031668e-15 2.704098e-24 2.425925e-35
[1] 1.045287e-15 2.708428e-24 2.857447e-35
[1] 9.806217e-16 2.688578e-24 1.049903e-34
Algorithm converged after  47  iterations.
[1] 6.699960e-16 1.276303e-24 5.349925e-35
Algorithm converged after  7  iterations.
[1] 6.699960e-16 1.496054e-23 2.922775e-30
[1] 1.178523e-15 1.601539e-23 1.061846e-56
[1] 1.249548e-15 1.614720e-23 6.221077e-49
[1] 1.273073e-15 1.619228e-23 2.005043e-29
[1] 1.667998e-15 1.686009e-23 1.440766e-30
Algorithm converged after  41  iterations.
[1] 6.699960e-16 2.579237e-24 1.276303e-24
Algorithm converged after  7  iterations.
[1] 6.699960e-16 2.579237e-24 1.496054e-23
Algorithm converged after  7  iterations.
[1] 6.699960e-16 1.276303e-24 1.496054e-23
Algorithm converged after  7  iterations.
[1] 6.699960e-16 2.579237e-24 2.046375e-35 1.276303e-24
[1] 1.300368e-15 2.784212e-24 1.111691e-31 1.403569e-24
Algorithm converged after  16  iterations.
[1] 6.699960e-16 2.579237e-24 2.046375e-35 1.496054e-23
[1] 1.915578e-15 2.945079e-24 1.632743e-35 1.724966e-23
[1] 1.915608e-15 2.945464e-24 1.141110e-31 1.725285e-23
[1] 1.768228e-15 2.908924e-24 1.117958e-31 1.702510e-23
[1] 1.917922e-15 2.945995e-24 1.129803e-31 1.725751e-23
[1] 1.741196e-15 2.902506e-24 2.152394e-35 1.698532e-23
[1] 1.768586e-15 2.909446e-24 1.444226e-36 1.702939e-23
[1] 1.751209e-15 2.905464e-24 1.993701e-35 1.700491e-23
[1] 1.751213e-15 2.905685e-24 1.438704e-36 1.700652e-23
[1] 1.918998e-15 2.947165e-24 1.081752e-34 1.726715e-23
[1] 1.673461e-15 2.886628e-24 3.278868e-36 1.688722e-23
[1] 1.784031e-15 2.914230e-24 1.556346e-36 1.706171e-23
[1] 1.754174e-15 2.907036e-24 1.117643e-31 1.701694e-23
[1] 1.929132e-15 2.950231e-24 1.510561e-35 1.728824e-23
[1] 1.768313e-15 2.910609e-24 3.941923e-36 1.704036e-23
[1] 1.776625e-15 2.912909e-24 1.908294e-35 1.705490e-23
[1] 1.751575e-15 2.907001e-24 4.086779e-36 1.701794e-23
[1] 1.919550e-15 2.948457e-24 1.527282e-36 1.727828e-23
[1] 1.772419e-15 2.912338e-24 8.050983e-51 1.705206e-23
Algorithm converged after  188  iterations.
[1] 6.699960e-16 2.579237e-24 1.276303e-24 5.349925e-35
[1] 1.296046e-15 2.787637e-24 1.404141e-24 1.290057e-33
[1] 1.322400e-15 2.794901e-24 1.408483e-24 5.633663e-33
[1] 1.150341e-15 2.745134e-24 1.377307e-24 1.676856e-33
[1] 1.277324e-15 2.782861e-24 1.400939e-24 5.496381e-33
[1] 1.252954e-15 2.775873e-24 1.396287e-24 5.657340e-33
[1] 1.384207e-15 2.813469e-24 1.419800e-24 1.243917e-38
[1] 1.263426e-15 2.779550e-24 1.398352e-24 1.301858e-33
[1] 1.283610e-15 2.785634e-24 1.402002e-24 1.302739e-33
[1] 1.264617e-15 2.780231e-24 1.398433e-24 1.313559e-33
[1] 1.321213e-15 2.796769e-24 1.408726e-24 5.628098e-33
[1] 1.166370e-15 2.752330e-24 1.380985e-24 3.510782e-43
[1] 1.288070e-15 2.788106e-24 1.403289e-24 3.533674e-43
[1] 1.283112e-15 2.786937e-24 1.402453e-24 6.618911e-31
[1] 1.321530e-15 2.797599e-24 1.408943e-24 1.678912e-33
[1] 1.270665e-15 2.783594e-24 1.400175e-24 2.241377e-63
[1] 1.164522e-15 2.752685e-24 1.380819e-24 1.288568e-33
[1] 1.252817e-15 2.778541e-24 1.396744e-24 3.565783e-29
[1] 1.244497e-15 2.776589e-24 1.395342e-24 2.191567e-56
[1] 1.042932e-15 2.715902e-24 1.357269e-24 9.911446e-53
[1] 1.279061e-15 2.788267e-24 1.401956e-24 1.870942e-50
[1] 1.321803e-15 2.800332e-24 1.409402e-24 1.108047e-51
[1] 1.265706e-15 2.784387e-24 1.399375e-24 2.790185e-52
[1] 1.264754e-15 2.784212e-24 1.399212e-24 1.012798e-49
[1] 1.303286e-15 2.795296e-24 1.406045e-24 2.553152e-49
[1] 1.249594e-15 2.783405e-24 1.396936e-24 6.710960e-31
[1] 1.068735e-15 2.729012e-24 1.362812e-24 2.715084e-59
[1] 1.252010e-15 2.784375e-24 1.397329e-24 3.094934e-61
[1] 1.235817e-15 2.779781e-24 1.394409e-24 1.298496e-33
[1] 1.319032e-15 2.803941e-24 1.409435e-24 1.294884e-33
[1] 1.161037e-15 2.758312e-24 1.380997e-24 3.725888e-54
[1] 1.298716e-15 2.798846e-24 1.405972e-24 1.183337e-56
[1] 1.322849e-15 2.806526e-24 1.410333e-24 2.810511e-52
[1] 1.380287e-15 2.823005e-24 1.420697e-24 3.291872e-44
[1] 1.288463e-15 2.797393e-24 1.404600e-24 1.281494e-33
[1] 1.282194e-15 2.795716e-24 1.403455e-24 7.037082e-49
[1] 1.319301e-15 2.806182e-24 1.409856e-24 1.107596e-51
[1] 1.270695e-15 2.792343e-24 1.401158e-24 3.593087e-43
[1] 1.266972e-15 2.791332e-24 1.400102e-24 6.204857e-50
[1] 1.303406e-15 2.802442e-24 1.407156e-24 3.555777e-29
[1] 1.289309e-15 2.798913e-24 1.404956e-24 1.951570e-49
[1] 1.318801e-15 2.807113e-24 1.409879e-24 2.571095e-63
[1] 1.321167e-15 2.807801e-24 1.410307e-24 3.613329e-43
[1] 1.158819e-15 2.762350e-24 1.381190e-24 1.277052e-33
[1] 1.301217e-15 2.804030e-24 1.406990e-24 1.914804e-53
[1] 1.241496e-15 2.786781e-24 1.396122e-24 1.295215e-33
[1] 1.259246e-15 2.792324e-24 1.399543e-24 1.728238e-50
[1] 1.183219e-15 2.769813e-24 1.385186e-24 4.911425e-60
[1] 1.282902e-15 2.799464e-24 1.403762e-24 1.682712e-59
[1] 1.321840e-15 2.810640e-24 1.410671e-24 6.395769e-49
Algorithm did not converge after  500  iterations.
[1] 6.699960e-16 2.579237e-24 1.496054e-23 2.922775e-30
Algorithm converged after  10  iterations.
[1] 6.699960e-16 1.276303e-24 5.349925e-35 1.496054e-23
[1] 1.511628e-15 1.440532e-24 1.126607e-51 1.664124e-23
[1] 1.487644e-15 1.436480e-24 8.643199e-53 1.660139e-23
[1] 1.525514e-15 1.442889e-24 3.692895e-29 1.666654e-23
[1] 1.498442e-15 1.438701e-24 1.319285e-33 1.662504e-23
[1] 9.273477e-16 1.331913e-24 2.339169e-59 1.557022e-23
[1] 1.488249e-15 1.437235e-24 8.058132e-50 1.662992e-23
[1] 1.455192e-15 1.431311e-24 1.003132e-41 1.657323e-23
[1] 1.471475e-15 1.434388e-24 1.329816e-33 1.660433e-23
[1] 1.465655e-15 1.433434e-24 1.298864e-38 1.659516e-23
[1] 1.478708e-15 1.435446e-24 5.692840e-50 1.661759e-23
[1] 1.358597e-15 1.414471e-24 5.871037e-33 1.641248e-23
[1] 1.483423e-15 1.436571e-24 5.541011e-33 1.663448e-23
[1] 1.479041e-15 1.435874e-24 1.068255e-44 1.662835e-23
[1] 1.453151e-15 1.431206e-24 1.689468e-33 1.658305e-23
[1] 1.476918e-15 1.435554e-24 1.926580e-53 1.662827e-23
[1] 1.593090e-15 1.454961e-24 8.737839e-53 1.682379e-23
[1] 1.484678e-15 1.436965e-24 6.048401e-53 1.664368e-23
[1] 1.487977e-15 1.437140e-24 8.504223e-53 1.664833e-23
[1] 1.494464e-15 1.438716e-24 3.562554e-43 1.666369e-23
[1] 1.502649e-15 1.440066e-24 1.937753e-53 1.667815e-23
[1] 1.507019e-15 1.440621e-24 4.286859e-43 1.668538e-23
[1] 1.493854e-15 1.438660e-24 1.845896e-49 1.666614e-23
[1] 1.510743e-15 1.441157e-24 3.036386e-52 1.669379e-23
[1] 1.505430e-15 1.440608e-24 2.002784e-57 1.668839e-23
[1] 1.409221e-15 1.423805e-24 1.145641e-43 1.652173e-23
[1] 1.411675e-15 1.424377e-24 1.331825e-33 1.652783e-23
[1] 1.531104e-15 1.444720e-24 1.683318e-33 1.673356e-23
[1] 1.440194e-15 1.429171e-24 2.273445e-43 1.658029e-23
[1] 1.482833e-15 1.436860e-24 3.556606e-43 1.665791e-23
Algorithm converged after  299  iterations.
[1] 6.699960e-16 1.276303e-24 1.496054e-23 2.922775e-30
[1] 1.602925e-15 1.455185e-24 1.675904e-23 3.636449e-30
Algorithm converged after  20  iterations.
[1] 6.699960e-16 2.579237e-24 1.276303e-24 1.496054e-23
Algorithm converged after  7  iterations.
[1] 6.699960e-16 8.564594e-20
Algorithm converged after  2  iterations.
[1] 6.699960e-16 8.564594e-20 1.271564e-31
Algorithm converged after  5  iterations.
[1] 6.699960e-16 8.564594e-20 3.924299e-29
Algorithm converged after  4  iterations.
[1] 6.699960e-16 8.564594e-20 2.323596e-29
Algorithm converged after  6  iterations.
[1] 6.699960e-16 8.564594e-20 1.271564e-31 3.897394e-33
Algorithm converged after  5  iterations.
[1] 6.699960e-16 8.564594e-20 3.924299e-29 5.912740e-35
[1] 5.416658e-16 7.972914e-20 3.979761e-29 1.352688e-53
[1] 5.621758e-16 8.782325e-20 3.948094e-29 4.583817e-43
[1] 6.559702e-16 8.586000e-20 3.933507e-29 5.862701e-33
[1] 6.182992e-16 8.668991e-20 3.937632e-29 1.085599e-53
[1] 6.266954e-16 8.565613e-20 3.941355e-29 5.910553e-33
[1] 5.119019e-16 8.316755e-20 3.981039e-29 6.036932e-33
[1] 6.580596e-16 8.369318e-20 3.945731e-29 6.723539e-35
[1] 5.635025e-16 8.792325e-20 3.953662e-29 6.084306e-33
Algorithm converged after  81  iterations.
[1] 6.699960e-16 8.564594e-20 2.323596e-29 2.443800e-30
Algorithm converged after  8  iterations.
[1] 6.699960e-16 8.564594e-20 1.271564e-31 3.924299e-29
Algorithm converged after  5  iterations.
[1] 6.699960e-16 8.564594e-20 1.271564e-31 2.323596e-29
Algorithm converged after  6  iterations.
[1] 6.699960e-16 8.564594e-20 3.924299e-29 2.323596e-29
Algorithm converged after  6  iterations.
numeric(0)
Algorithm converged after  1  iterations.
[1] 6.072643e-23
Algorithm converged after  2  iterations.
[1] 7.05474e-26
Algorithm converged after  2  iterations.
[1] 7.807327e-18
Algorithm converged after  2  iterations.
[1] 6.072643e-23 2.372517e-26
Algorithm converged after  2  iterations.
[1] 7.054740e-26 3.964861e-43
Algorithm converged after  2  iterations.
[1] 7.807327e-18 6.820712e-24
Algorithm converged after  2  iterations.
[1] 6.072643e-23 7.054740e-26
Algorithm converged after  2  iterations.
[1] 6.072643e-23 7.807327e-18
Algorithm converged after  2  iterations.
[1] 7.054740e-26 7.807327e-18
Algorithm converged after  2  iterations.
[1] 6.072643e-23 2.372517e-26 7.054740e-26
Algorithm converged after  2  iterations.
[1] 6.072643e-23 2.372517e-26 7.807327e-18
Algorithm converged after  2  iterations.
[1] 6.072643e-23 7.054740e-26 3.964861e-43
Algorithm converged after  2  iterations.
[1] 6.072643e-23 7.807327e-18 6.820712e-24
Algorithm converged after  2  iterations.
[1] 7.054740e-26 3.964861e-43 7.807327e-18
Algorithm converged after  2  iterations.
[1] 7.054740e-26 7.807327e-18 6.820712e-24
Algorithm converged after  2  iterations.
[1] 6.072643e-23 7.054740e-26 7.807327e-18
Algorithm converged after  2  iterations.
[1] 6.072643e-23 2.372517e-26 7.054740e-26 3.964861e-43
Algorithm converged after  2  iterations.
[1] 6.072643e-23 2.372517e-26 7.807327e-18 6.820712e-24
Algorithm converged after  2  iterations.
[1] 7.054740e-26 3.964861e-43 7.807327e-18 6.820712e-24
Algorithm converged after  2  iterations.
[1] 6.072643e-23 2.372517e-26 7.054740e-26 7.807327e-18
Algorithm converged after  2  iterations.
[1] 6.072643e-23 7.054740e-26 3.964861e-43 7.807327e-18
Algorithm converged after  2  iterations.
[1] 6.072643e-23 7.054740e-26 7.807327e-18 6.820712e-24
Algorithm converged after  2  iterations.
[1] 2.379153e-16
Algorithm converged after  2  iterations.
[1] 2.379153e-16 1.315076e-24
Algorithm converged after  6  iterations.
[1] 2.379153e-16 3.991841e-24
Algorithm converged after  6  iterations.
[1] 2.379153e-16 1.900949e-23
Algorithm converged after  7  iterations.
[1] 2.379153e-16 1.315076e-24 1.070223e-34
[1] 4.132126e-16 1.396488e-24 1.112128e-34
[1] 4.211955e-16 1.399744e-24 1.114331e-34
[1] 4.116005e-16 1.395853e-24 1.059343e-34
[1] 4.172154e-16 1.398147e-24 1.120908e-34
[1] 4.114787e-16 1.395821e-24 1.168195e-34
[1] 4.148211e-16 1.397189e-24 1.110589e-34
[1] 4.112727e-16 1.395748e-24 1.087019e-34
[1] 4.112829e-16 1.395761e-24 1.102500e-34
[1] 4.169615e-16 1.398078e-24 1.151041e-34
[1] 4.142876e-16 1.396999e-24 1.164546e-34
[1] 4.148430e-16 1.397230e-24 1.062428e-34
[1] 4.173216e-16 1.398241e-24 1.155202e-34
[1] 4.154680e-16 1.397495e-24 1.116888e-34
[1] 4.132846e-16 1.396611e-24 1.114212e-34
[1] 4.149100e-16 1.397278e-24 1.152714e-34
[1] 4.114860e-16 1.395886e-24 1.150679e-34
[1] 4.126047e-16 1.396344e-24 1.153977e-34
[1] 4.113052e-16 1.395819e-24 1.150861e-34
[1] 4.173808e-16 1.398294e-24 1.063568e-34
[1] 4.139191e-16 1.396895e-24 1.165421e-34
[1] 4.133836e-16 1.396685e-24 1.149391e-34
[1] 4.122547e-16 1.396226e-24 1.151146e-34
[1] 4.192631e-16 1.399084e-24 1.137397e-34
[1] 4.150959e-16 1.397395e-24 1.164973e-34
[1] 4.115802e-16 1.395964e-24 1.147173e-34
[1] 4.136700e-16 1.396827e-24 1.156425e-34
[1] 4.172659e-16 1.398288e-24 1.159002e-34
[1] 4.115470e-16 1.395968e-24 1.144228e-34
[1] 4.154498e-16 1.397566e-24 1.061916e-34
[1] 4.168228e-16 1.398136e-24 1.162240e-34
[1] 4.183960e-16 1.398780e-24 1.107784e-34
[1] 4.146593e-16 1.397264e-24 1.063293e-34
[1] 4.140708e-16 1.397028e-24 1.129394e-34
[1] 4.145284e-16 1.397217e-24 1.099236e-34
[1] 4.114228e-16 1.395962e-24 1.154446e-34
[1] 4.144973e-16 1.397218e-24 1.091517e-34
[1] 4.134249e-16 1.396789e-24 1.161999e-34
[1] 4.164795e-16 1.398041e-24 1.149370e-34
[1] 4.116411e-16 1.396073e-24 1.100987e-34
[1] 4.200463e-16 1.399495e-24 1.162989e-34
[1] 4.144509e-16 1.397237e-24 1.143076e-34
[1] 4.139114e-16 1.397023e-24 1.152443e-34
[1] 4.199847e-16 1.399493e-24 1.124115e-34
[1] 4.155743e-16 1.397712e-24 1.117824e-34
[1] 4.191924e-16 1.399184e-24 1.152003e-34
[1] 4.117736e-16 1.396174e-24 1.118911e-34
[1] 4.114176e-16 1.396036e-24 1.165266e-34
[1] 4.115409e-16 1.396099e-24 1.117953e-34
[1] 4.119565e-16 1.396270e-24 1.064296e-34
Algorithm did not converge after  500  iterations.
[1] 2.379153e-16 3.991841e-24 1.295070e-33
[1] 3.015855e-16 4.104113e-24 4.277467e-36
[1] 3.867067e-16 4.237535e-24 3.361168e-36
[1] 3.017622e-16 4.107223e-24 2.331233e-31
[1] 3.019299e-16 4.108245e-24 1.296545e-33
[1] 3.502881e-16 4.185608e-24 2.315280e-31
[1] 3.505636e-16 4.186563e-24 3.408986e-63
[1] 3.536314e-16 4.191966e-24 2.304878e-31
[1] 3.562204e-16 4.197051e-24 2.591592e-36
[1] 3.415251e-16 4.173440e-24 2.343447e-31
[1] 3.496783e-16 4.187090e-24 1.293031e-33
[1] 3.543859e-16 4.195849e-24 5.062064e-33
[1] 3.508632e-16 4.191095e-24 6.754274e-44
[1] 3.004389e-16 4.111805e-24 4.310781e-36
[1] 3.551144e-16 4.198714e-24 1.293383e-33
[1] 3.014513e-16 4.114678e-24 6.635640e-44
[1] 3.409677e-16 4.177625e-24 2.342417e-31
[1] 3.002969e-16 4.113797e-24 2.344946e-31
Algorithm converged after  173  iterations.
[1] 2.379153e-16 1.900949e-23 1.123948e-32
[1] 7.289712e-16 2.250178e-23 2.148504e-29
Algorithm converged after  11  iterations.
[1] 2.379153e-16 1.315076e-24 3.991841e-24
Algorithm converged after  7  iterations.
[1] 2.379153e-16 1.315076e-24 1.900949e-23
Algorithm converged after  8  iterations.
[1] 2.379153e-16 3.991841e-24 1.900949e-23
Algorithm converged after  8  iterations.
[1] 2.379153e-16 1.315076e-24 1.070223e-34 3.991841e-24
[1] 6.622275e-16 1.489318e-24 9.620631e-58 4.602331e-24
[1] 5.583349e-16 1.453099e-24 4.841196e-32 4.473930e-24
[1] 5.845129e-16 1.462464e-24 4.766694e-32 4.507416e-24
[1] 5.605868e-16 1.454027e-24 4.765529e-32 4.477428e-24
[1] 5.746809e-16 1.459327e-24 2.358072e-40 4.495432e-24
[1] 6.576300e-16 1.488503e-24 4.856892e-32 4.598193e-24
[1] 6.637327e-16 1.490787e-24 1.660642e-36 4.605671e-24
[1] 6.627835e-16 1.490552e-24 4.864942e-32 4.604847e-24
[1] 5.811580e-16 1.462159e-24 4.795445e-32 4.504729e-24
[1] 6.632613e-16 1.490909e-24 1.178770e-34 4.605756e-24
[1] 5.895754e-16 1.465404e-24 4.804107e-32 4.515820e-24
[1] 6.578186e-16 1.489294e-24 9.600156e-58 4.599785e-24
[1] 5.748381e-16 1.460305e-24 4.822860e-32 4.497452e-24
[1] 6.581225e-16 1.489604e-24 4.846626e-32 4.600619e-24
[1] 6.581925e-16 1.489681e-24 9.746514e-55 4.600862e-24
[1] 5.982677e-16 1.468852e-24 4.812355e-32 4.527277e-24
[1] 6.572973e-16 1.489649e-24 3.370512e-36 4.600219e-24
[1] 5.775774e-16 1.461837e-24 4.811812e-32 4.501979e-24
[1] 5.658137e-16 1.457692e-24 4.804148e-32 4.487267e-24
[1] 5.750763e-16 1.460993e-24 4.785997e-32 4.499047e-24
[1] 6.580947e-16 1.490277e-24 2.854364e-61 4.601960e-24
[1] 6.574517e-16 1.490163e-24 4.848242e-32 4.601341e-24
[1] 6.576260e-16 1.490301e-24 1.890398e-45 4.601782e-24
[1] 6.279677e-16 1.480005e-24 1.204289e-34 4.565593e-24
[1] 5.899467e-16 1.466781e-24 4.152400e-35 4.518827e-24
[1] 6.572909e-16 1.490497e-24 4.283774e-32 4.602035e-24
[1] 5.850236e-16 1.465279e-24 4.781718e-32 4.513134e-24
[1] 6.550928e-16 1.490026e-24 4.814279e-32 4.600034e-24
[1] 6.580117e-16 1.491084e-24 9.848225e-56 4.603554e-24
[1] 6.573414e-16 1.490991e-24 4.696408e-35 4.602920e-24
[1] 5.892390e-16 1.467237e-24 4.808409e-32 4.519251e-24
[1] 5.992837e-16 1.470900e-24 4.807765e-32 4.532006e-24
[1] 5.644727e-16 1.458686e-24 4.837254e-32 4.488363e-24
[1] 6.616287e-16 1.492848e-24 4.837033e-32 4.608973e-24
[1] 5.991992e-16 1.471183e-24 4.805631e-32 4.532560e-24
[1] 5.803794e-16 1.464662e-24 4.787813e-32 4.509345e-24
[1] 6.142223e-16 1.476761e-24 1.907047e-45 4.551744e-24
[1] 5.548150e-16 1.455663e-24 7.547690e-38 4.477288e-24
[1] 5.791380e-16 1.464643e-24 4.819694e-32 4.508412e-24
[1] 6.627532e-16 1.494026e-24 4.713734e-35 4.611710e-24
[1] 6.572666e-16 1.492275e-24 1.435761e-46 4.605493e-24
[1] 5.850449e-16 1.467127e-24 4.806155e-32 4.516698e-24
[1] 6.551217e-16 1.491816e-24 7.243847e-37 4.603545e-24
[1] 5.782847e-16 1.465041e-24 4.835860e-32 4.508617e-24
[1] 5.864879e-16 1.468017e-24 4.808171e-32 4.519157e-24
[1] 6.569311e-16 1.492798e-24 9.005879e-68 4.606275e-24
[1] 5.819735e-16 1.466796e-24 4.802204e-32 4.514199e-24
[1] 6.210303e-16 1.480637e-24 4.133467e-35 4.562970e-24
[1] 6.576429e-16 1.493596e-24 4.833145e-32 4.608135e-24
Algorithm did not converge after  500  iterations.
[1] 2.379153e-16 1.315076e-24 1.070223e-34 1.900949e-23
[1] 1.031145e-15 1.604443e-24 4.819523e-32 2.414123e-23
[1] 1.009786e-15 1.598459e-24 3.063079e-48 2.403432e-23
[1] 1.126679e-15 1.631287e-24 4.882646e-32 2.462057e-23
Algorithm converged after  33  iterations.
[1] 2.379153e-16 1.315076e-24 3.991841e-24 1.295070e-33
[1] 5.727180e-16 1.458151e-24 4.491809e-24 1.908046e-35
[1] 5.927350e-16 1.465567e-24 4.518035e-24 2.329712e-31
[1] 5.833153e-16 1.462346e-24 4.506144e-24 2.349960e-31
[1] 5.174706e-16 1.438599e-24 4.422156e-24 3.375488e-55
[1] 5.814454e-16 1.462077e-24 4.504529e-24 1.221127e-56
[1] 5.897509e-16 1.465346e-24 4.515485e-24 2.346291e-31
Algorithm converged after  66  iterations.
[1] 2.379153e-16 1.315076e-24 1.900949e-23 1.123948e-32
[1] 1.178092e-15 1.644940e-24 2.487344e-23 2.230747e-29
Algorithm converged after  17  iterations.
[1] 2.379153e-16 3.991841e-24 1.295070e-33 1.900949e-23
[1] 8.204037e-16 4.787613e-24 2.013417e-31 2.302804e-23
[1] 8.196057e-16 4.787168e-24 4.264979e-44 2.303016e-23
[1] 8.121515e-16 4.779378e-24 1.271797e-33 2.299260e-23
[1] 8.877983e-16 4.860821e-24 2.002672e-31 2.340529e-23
[1] 8.939792e-16 4.868051e-24 1.993539e-31 2.344310e-23
[1] 8.123192e-16 4.780407e-24 1.271833e-33 2.300384e-23
[1] 8.191292e-16 4.788027e-24 1.309401e-33 2.304577e-23
[1] 8.326079e-16 4.803373e-24 1.988768e-31 2.312447e-23
[1] 8.795985e-16 4.853336e-24 2.005364e-31 2.337951e-23
[1] 8.939145e-16 4.869195e-24 1.999715e-31 2.346142e-23
[1] 8.240305e-16 4.794394e-24 1.309184e-33 2.308636e-23
[1] 8.194501e-16 4.789813e-24 2.013940e-31 2.306603e-23
[1] 8.125778e-16 4.782534e-24 1.271876e-33 2.303075e-23
[1] 8.181306e-16 4.788756e-24 2.022913e-31 2.306506e-23
[1] 9.474519e-16 4.926639e-24 1.988194e-31 2.376290e-23
[1] 8.120114e-16 4.782678e-24 2.027342e-31 2.303959e-23
[1] 8.658231e-16 4.840682e-24 2.015804e-31 2.333537e-23
[1] 8.202762e-16 4.792167e-24 4.869184e-64 2.309113e-23
[1] 8.196395e-16 4.791651e-24 2.013361e-31 2.308948e-23
[1] 8.125837e-16 4.784148e-24 2.229777e-35 2.305423e-23
[1] 8.938030e-16 4.872124e-24 1.991334e-31 2.350025e-23
[1] 8.119772e-16 4.784035e-24 2.018502e-31 2.305740e-23
[1] 8.122269e-16 4.784509e-24 7.124966e-44 2.306092e-23
[1] 8.196319e-16 4.792857e-24 1.309617e-33 2.310606e-23
[1] 9.024308e-16 4.882264e-24 1.269390e-33 2.355982e-23
[1] 8.944195e-16 4.874007e-24 1.991085e-31 2.351979e-23
[1] 8.660812e-16 4.843434e-24 2.182965e-35 2.336984e-23
[1] 9.014634e-16 4.881839e-24 1.991296e-31 2.356458e-23
[1] 8.199268e-16 4.794626e-24 2.012495e-31 2.312546e-23
[1] 8.212667e-16 4.799169e-24 4.273731e-44 2.321124e-23
[1] 8.129109e-16 4.790269e-24 2.015004e-31 2.316774e-23
Algorithm converged after  312  iterations.
[1] 2.379153e-16 3.991841e-24 1.900949e-23 1.123948e-32
Algorithm converged after  8  iterations.
[1] 2.379153e-16 1.315076e-24 3.991841e-24 1.900949e-23
Algorithm converged after  9  iterations.
[1] 2.379153e-16 6.157327e-20
Algorithm converged after  2  iterations.
[1] 2.379153e-16 6.157327e-20 5.462459e-32
Algorithm converged after  5  iterations.
[1] 2.379153e-16 6.157327e-20 2.603529e-31
Algorithm converged after  5  iterations.
[1] 2.379153e-16 6.157327e-20 2.389984e-29
Algorithm converged after  6  iterations.
[1] 2.379153e-16 6.157327e-20 5.462459e-32 1.221012e-33
Algorithm converged after  7  iterations.
[1] 2.379153e-16 6.157327e-20 2.603529e-31 7.001478e-44
[1] 6.921906e-20 5.136892e-29 2.913026e-23 6.314878e-50
[1] 6.874097e-20 9.009293e-30 2.894230e-23 3.166481e-37
[1] 6.400659e-20 1.395635e-30 2.782101e-23 2.172447e-33
[1] 6.669695e-20 9.418380e-29 2.919613e-23 2.907887e-33
[1] 6.443064e-20 4.228776e-58 3.279057e-23 2.081569e-40
[1] 6.575910e-20 9.075011e-30 2.822291e-23 1.166778e-36
[1] 6.437677e-20 1.070189e-29 2.792154e-23 2.107480e-33
[1] 6.766554e-20 1.266881e-29 2.868541e-23 2.045967e-33
[1] 6.357448e-20 2.160057e-27 2.889873e-23 3.408317e-32
[1] 6.627637e-20 4.537097e-51 2.861141e-23 3.804855e-33
[1] 6.411149e-20 1.478901e-41 2.849383e-23 8.166849e-33
[1] 6.610567e-20 6.165259e-28 2.916206e-23 4.219890e-39
[1] 6.507809e-20 1.506429e-46 2.823781e-23 2.121824e-38
[1] 6.616240e-20 6.384787e-29 2.859372e-23 2.327902e-33
[1] 6.710436e-20 6.862262e-28 2.916301e-23 4.423593e-32
[1] 6.397462e-20 1.374708e-26 2.867039e-23 4.207946e-33
[1] 6.398397e-20 6.629144e-28 2.890191e-23 7.449918e-32
[1] 6.625315e-20 7.447865e-28 2.910362e-23 3.189263e-32
[1] 6.650884e-20 5.261559e-29 2.843291e-23 1.716527e-65
[1] 6.612310e-20 1.919402e-28 2.894016e-23 8.877000e-46
[1] 6.423138e-20 3.833898e-30 2.789542e-23 2.191861e-33
[1] 6.654782e-20 8.189795e-28 2.922070e-23 8.294798e-46
[1] 6.479255e-20 1.841071e-27 2.892968e-23 2.433160e-32
[1] 6.350010e-20 2.303383e-27 2.916493e-23 3.133839e-32
[1] 6.666957e-20 6.027228e-29 2.847542e-23 1.369308e-47
[1] 6.850888e-20 4.246597e-28 2.850224e-23 2.925039e-33
[1] 6.361331e-20 2.190291e-27 2.895718e-23 3.610530e-32
[1] 6.598854e-20 6.068000e-28 2.913479e-23 7.844853e-44
[1] 6.437464e-20 9.903366e-30 2.793578e-23 5.203809e-50
[1] 6.965422e-20 1.953572e-29 2.920029e-23 2.128155e-33
[1] 6.471377e-20 3.520320e-27 2.955488e-23 2.973174e-60
[1] 6.349169e-20 1.669084e-46 3.035647e-23 8.742184e-33
[1] 6.703647e-20 3.528815e-28 2.965802e-23 9.646510e-32
Algorithm converged after  333  iterations.
[1] 2.379153e-16 6.157327e-20 2.389984e-29 5.949841e-30
Algorithm converged after  8  iterations.
[1] 2.379153e-16 6.157327e-20 5.462459e-32 2.603529e-31
Algorithm converged after  5  iterations.
[1] 2.379153e-16 6.157327e-20 5.462459e-32 2.389984e-29
Algorithm converged after  6  iterations.
[1] 2.379153e-16 6.157327e-20 2.603529e-31 2.389984e-29
Algorithm converged after  6  iterations.
numeric(0)
Algorithm converged after  1  iterations.
[1] 3.758625e-24
Algorithm converged after  2  iterations.
[1] 1.473361e-23
Algorithm converged after  2  iterations.
[1] 3.409878e-18
Algorithm converged after  2  iterations.
[1] 3.758625e-24 5.998579e-26
Algorithm converged after  2  iterations.
[1] 1.473361e-23 1.124595e-25
Algorithm converged after  2  iterations.
[1] 3.409878e-18 7.440604e-24
Algorithm converged after  2  iterations.
[1] 3.758625e-24 1.473361e-23
Algorithm converged after  2  iterations.
[1] 3.758625e-24 3.409878e-18
Algorithm converged after  2  iterations.
[1] 1.473361e-23 3.409878e-18
Algorithm converged after  2  iterations.
[1] 3.758625e-24 5.998579e-26 1.473361e-23
Algorithm converged after  2  iterations.
[1] 3.758625e-24 5.998579e-26 3.409878e-18
Algorithm converged after  2  iterations.
[1] 3.758625e-24 1.473361e-23 1.124595e-25
Algorithm converged after  2  iterations.
[1] 3.758625e-24 3.409878e-18 7.440604e-24
Algorithm converged after  2  iterations.
[1] 1.473361e-23 1.124595e-25 3.409878e-18
Algorithm converged after  2  iterations.
[1] 1.473361e-23 3.409878e-18 7.440604e-24
Algorithm converged after  2  iterations.
[1] 3.758625e-24 1.473361e-23 3.409878e-18
Algorithm converged after  2  iterations.
[1] 3.758625e-24 5.998579e-26 1.473361e-23 1.124595e-25
Algorithm converged after  2  iterations.
[1] 3.758625e-24 5.998579e-26 3.409878e-18 7.440604e-24
Algorithm converged after  2  iterations.
[1] 1.473361e-23 1.124595e-25 3.409878e-18 7.440604e-24
Algorithm converged after  2  iterations.
[1] 3.758625e-24 5.998579e-26 1.473361e-23 3.409878e-18
Algorithm converged after  2  iterations.
[1] 3.758625e-24 1.473361e-23 1.124595e-25 3.409878e-18
Algorithm converged after  2  iterations.
[1] 3.758625e-24 1.473361e-23 3.409878e-18 7.440604e-24
Algorithm converged after  2  iterations.
[1] 2.95851e-16
Algorithm converged after  2  iterations.
[1] 2.958510e-16 6.961906e-25
Algorithm converged after  6  iterations.
[1] 2.95851e-16 8.00027e-25
Algorithm converged after  6  iterations.
[1] 2.958510e-16 1.827728e-23
Algorithm converged after  6  iterations.
[1] 2.958510e-16 6.961906e-25 9.179640e-32
[1] 4.899570e-16 7.454533e-25 1.185054e-42
[1] 4.883980e-16 7.451039e-25 4.350004e-43
[1] 4.900678e-16 7.455836e-25 9.453870e-32
Algorithm converged after  33  iterations.
[1] 2.958510e-16 8.000270e-25 6.478978e-50
[1] 3.987160e-16 8.230941e-25 6.053870e-62
[1] 3.493673e-16 8.126444e-25 9.785770e-33
[1] 3.617102e-16 8.157927e-25 2.937281e-70
[1] 3.580325e-16 8.151542e-25 3.992759e-65
[1] 4.343496e-16 8.313179e-25 1.389584e-50
[1] 3.589205e-16 8.157175e-25 1.349766e-37
[1] 4.307188e-16 8.308656e-25 6.764946e-60
[1] 4.319704e-16 8.312957e-25 2.820421e-37
[1] 4.456676e-16 8.340715e-25 4.491011e-38
[1] 3.264689e-16 8.085213e-25 9.107971e-55
[1] 4.322935e-16 8.318339e-25 9.311389e-33
[1] 3.626792e-16 8.176280e-25 9.534196e-31
[1] 4.502903e-16 8.359401e-25 4.617898e-38
[1] 3.897658e-16 8.237030e-25 1.370572e-50
[1] 4.269687e-16 8.317733e-25 4.174417e-29
[1] 4.347408e-16 8.335844e-25 1.107281e-48
[1] 3.474339e-16 8.151347e-25 9.841739e-33
[1] 3.616181e-16 8.186273e-25 2.403633e-52
[1] 4.429074e-16 8.356271e-25 8.825453e-46
[1] 4.451674e-16 8.362514e-25 1.297853e-64
[1] 4.478282e-16 8.370397e-25 3.180764e-38
[1] 4.295667e-16 8.335544e-25 9.671275e-33
[1] 4.455465e-16 8.370665e-25 9.115566e-50
[1] 3.994537e-16 8.276780e-25 2.829190e-38
[1] 3.653733e-16 8.208648e-25 1.345314e-51
[1] 3.606102e-16 8.199438e-25 9.683904e-33
[1] 4.321993e-16 8.349926e-25 9.613467e-33
[1] 4.228724e-16 8.333495e-25 5.176258e-49
[1] 4.316109e-16 8.352103e-25 9.614043e-33
[1] 4.492495e-16 8.392112e-25 6.355922e-45
[1] 4.459983e-16 8.385260e-25 1.390610e-50
[1] 2.574044e-16 7.957976e-25 2.508040e-62
[1] 4.004195e-16 8.295995e-25 5.086765e-49
[1] 3.885688e-16 8.271198e-25 9.875435e-33
[1] 3.583896e-16 8.211419e-25 1.474528e-50
[1] 4.262593e-16 8.354690e-25 4.177058e-29
[1] 4.319865e-16 8.367831e-25 9.615323e-33
[1] 4.323759e-16 8.371642e-25 9.890779e-49
