myseed=4608 

Attaching package: ‘pls’

The following object is masked from ‘package:stats’:

    loadings

Loading required package: lattice
Loading required package: ggplot2
Registered S3 methods overwritten by 'ggplot2':
  method         from 
  [.quosures     rlang
  c.quosures     rlang
  print.quosures rlang

Attaching package: ‘caret’

The following object is masked from ‘package:pls’:

    R2

Loading required package: Matrix
Loading required package: foreach
Loaded glmnet 2.0-18

Parsed with column specification:
cols(
  .default = col_double()
)
See spec(...) for full column specifications.
Parsed with column specification:
cols(
  X1 = col_double()
)
Parsed with column specification:
cols(
  X1 = col_double()
)
numeric(0)
Algorithm converged after  1  iterations.
[1] 2.347923e-23
Algorithm converged after  2  iterations.
[1] 7.448841e-24
Algorithm converged after  2  iterations.
[1] 2.422398e-23
Algorithm converged after  2  iterations.
[1] 2.347923e-23 8.851557e-26
Algorithm converged after  2  iterations.
[1] 7.448841e-24 1.160188e-25
Algorithm converged after  2  iterations.
[1] 2.422398e-23 1.585370e-28
Algorithm converged after  2  iterations.
[1] 2.347923e-23 7.448841e-24
Algorithm converged after  2  iterations.
[1] 2.347923e-23 2.422398e-23
Algorithm converged after  2  iterations.
[1] 7.448841e-24 2.422398e-23
Algorithm converged after  2  iterations.
[1] 2.347923e-23 8.851557e-26 7.448841e-24
Algorithm converged after  2  iterations.
[1] 2.347923e-23 8.851557e-26 2.422398e-23
Algorithm converged after  2  iterations.
[1] 2.347923e-23 7.448841e-24 1.160188e-25
Algorithm converged after  2  iterations.
[1] 2.347923e-23 2.422398e-23 1.585370e-28
Algorithm converged after  2  iterations.
[1] 7.448841e-24 1.160188e-25 2.422398e-23
Algorithm converged after  2  iterations.
[1] 7.448841e-24 2.422398e-23 1.585370e-28
Algorithm converged after  2  iterations.
[1] 2.347923e-23 7.448841e-24 2.422398e-23
Algorithm converged after  2  iterations.
[1] 2.347923e-23 8.851557e-26 7.448841e-24 1.160188e-25
Algorithm converged after  2  iterations.
[1] 2.347923e-23 8.851557e-26 2.422398e-23 1.585370e-28
Algorithm converged after  2  iterations.
[1] 7.448841e-24 1.160188e-25 2.422398e-23 1.585370e-28
Algorithm converged after  2  iterations.
[1] 2.347923e-23 8.851557e-26 7.448841e-24 2.422398e-23
Algorithm converged after  2  iterations.
[1] 2.347923e-23 7.448841e-24 1.160188e-25 2.422398e-23
Algorithm converged after  2  iterations.
[1] 2.347923e-23 7.448841e-24 2.422398e-23 1.585370e-28
Algorithm converged after  2  iterations.
[1] 8.455029e-20
Algorithm converged after  2  iterations.
[1] 8.455029e-20 9.941621e-24
Algorithm converged after  5  iterations.
[1] 8.455029e-20 1.442836e-23
Algorithm converged after  6  iterations.
[1] 8.455029e-20 5.354838e-19
Algorithm converged after  5  iterations.
[1] 8.455029e-20 9.941621e-24 1.591814e-32
[1] 8.435024e-20 9.959885e-24 1.081416e-31
[1] 8.533699e-20 1.010252e-23 7.531520e-36
Algorithm converged after  27  iterations.
[1] 8.455029e-20 1.442836e-23 5.687143e-35
[1] 9.351700e-20 1.522787e-23 1.914616e-38
[1] 9.153762e-20 1.506000e-23 1.924255e-38
[1] 9.175832e-20 1.507951e-23 5.769704e-57
[1] 9.175635e-20 1.507930e-23 4.434197e-62
[1] 9.376578e-20 1.524893e-23 1.915082e-38
[1] 9.157642e-20 1.506313e-23 2.242913e-46
[1] 9.431578e-20 1.529860e-23 1.909827e-38
[1] 9.448952e-20 1.531096e-23 1.912756e-38
[1] 9.179446e-20 1.508288e-23 1.745992e-42
[1] 9.159247e-20 1.506547e-23 7.913596e-44
[1] 9.745796e-20 1.557035e-23 5.512241e-35
[1] 9.446549e-20 1.531192e-23 1.908444e-38
[1] 9.180831e-20 1.508396e-23 1.708990e-42
[1] 9.174897e-20 1.507825e-23 1.085007e-52
[1] 9.463610e-20 1.532668e-23 1.906013e-38
[1] 9.178895e-20 1.508218e-23 1.861945e-42
[1] 9.157408e-20 1.506260e-23 1.720977e-42
[1] 9.175174e-20 1.507843e-23 1.245109e-53
[1] 9.718057e-20 1.555286e-23 2.791397e-32
[1] 9.149033e-20 1.505465e-23 1.938377e-38
[1] 9.174597e-20 1.507777e-23 1.662986e-65
[1] 9.386983e-20 1.525771e-23 1.913002e-38
[1] 9.176822e-20 1.508002e-23 8.240910e-35
[1] 9.423500e-20 1.529020e-23 1.909889e-38
[1] 9.172978e-20 1.507608e-23 5.164497e-44
[1] 9.174408e-20 1.507741e-23 2.866413e-49
[1] 9.154220e-20 1.505951e-23 2.922114e-61
[1] 9.466299e-20 1.532847e-23 8.117693e-35
[1] 9.218616e-20 1.511583e-23 1.924874e-38
[1] 9.182733e-20 1.508227e-23 1.201165e-61
[1] 9.450512e-20 1.531331e-23 1.910269e-38
[1] 9.148762e-20 1.505398e-23 1.938413e-38
[1] 9.175363e-20 1.507812e-23 2.865684e-49
[1] 9.152937e-20 1.505823e-23 1.450521e-33
[1] 9.150660e-20 1.505610e-23 1.926651e-38
[1] 9.462938e-20 1.532542e-23 1.906107e-38
[1] 9.146080e-20 1.505211e-23 8.312371e-50
[1] 9.151913e-20 1.505717e-23 2.933651e-61
[1] 9.146105e-20 1.505203e-23 8.259380e-35
[1] 9.177170e-20 1.507971e-23 4.788161e-46
[1] 9.149414e-20 1.505542e-23 2.371202e-65
[1] 9.177105e-20 1.507972e-23 1.914093e-38
[1] 9.427836e-20 1.529536e-23 1.908365e-38
[1] 9.727893e-20 1.555599e-23 5.502493e-35
[1] 9.169863e-20 1.507080e-23 8.434627e-47
[1] 9.178731e-20 1.508069e-23 8.428185e-47
[1] 9.164777e-20 1.506803e-23 1.445304e-46
[1] 9.287090e-20 1.516331e-23 8.690045e-47
[1] 9.174479e-20 1.507684e-23 1.451267e-33
Algorithm did not converge after  500  iterations.
[1] 8.455029e-20 5.354838e-19 1.147551e-30
Algorithm converged after  6  iterations.
[1] 8.455029e-20 9.941621e-24 1.442836e-23
Algorithm converged after  6  iterations.
[1] 8.455029e-20 9.941621e-24 5.354838e-19
Algorithm converged after  6  iterations.
[1] 8.455029e-20 1.442836e-23 5.354838e-19
Algorithm converged after  7  iterations.
[1] 8.455029e-20 9.941621e-24 1.591814e-32 1.442836e-23
[1] 9.417840e-20 1.088859e-23 2.216630e-48 1.528943e-23
[1] 9.766105e-20 1.122515e-23 1.075253e-31 1.559361e-23
[1] 1.018062e-19 1.162180e-23 1.073381e-31 1.595197e-23
[1] 9.555290e-20 1.104047e-23 1.077500e-31 1.541354e-23
Algorithm converged after  43  iterations.
[1] 8.455029e-20 9.941621e-24 1.591814e-32 5.354838e-19
[1] 9.235061e-20 1.073159e-23 1.257162e-33 5.689811e-19
[1] 9.143546e-20 1.064394e-23 1.079038e-31 5.651494e-19
Algorithm converged after  23  iterations.
[1] 8.455029e-20 9.941621e-24 1.442836e-23 5.687143e-35
[1] 9.371855e-20 1.085823e-23 1.525592e-23 5.515798e-35
[1] 9.358416e-20 1.084515e-23 1.524410e-23 5.517018e-35
[1] 9.371314e-20 1.085731e-23 1.525515e-23 5.522679e-35
[1] 9.371553e-20 1.085754e-23 1.525569e-23 5.515662e-35
[1] 9.372108e-20 1.085807e-23 1.525617e-23 5.515582e-35
[1] 9.383283e-20 1.086821e-23 1.526554e-23 2.946319e-46
[1] 1.042785e-19 1.187476e-23 1.616985e-23 7.534264e-35
[1] 1.024068e-19 1.168742e-23 1.600320e-23 1.482868e-33
[1] 9.358416e-20 1.084283e-23 1.524405e-23 8.103689e-35
[1] 9.353550e-20 1.083787e-23 1.523978e-23 2.080781e-36
[1] 9.883387e-20 1.134800e-23 1.570191e-23 1.874092e-38
[1] 9.357898e-20 1.084166e-23 1.524360e-23 1.902062e-38
Algorithm converged after  121  iterations.
[1] 8.455029e-20 9.941621e-24 5.354838e-19 1.147551e-30
Algorithm converged after  6  iterations.
[1] 8.455029e-20 1.442836e-23 5.687143e-35 5.354838e-19
Algorithm converged after  6  iterations.
[1] 8.455029e-20 1.442836e-23 5.354838e-19 1.147551e-30
Algorithm converged after  7  iterations.
[1] 8.455029e-20 9.941621e-24 1.442836e-23 5.354838e-19
Algorithm converged after  7  iterations.
[1] 8.455029e-20 2.302062e-28
Algorithm converged after  2  iterations.
[1] 8.455029e-20 2.302062e-28 6.077489e-24
Algorithm converged after  7  iterations.
[1] 8.455029e-20 2.302062e-28 1.174827e-23
Algorithm converged after  7  iterations.
[1] 8.455029e-20 2.302062e-28 3.848269e-19
Algorithm converged after  8  iterations.
[1] 8.455029e-20 2.302062e-28 6.077489e-24 2.835386e-54
[1] 8.241998e-20 7.400750e-28 1.261521e-23 1.850105e-32
[1] 8.602726e-20 4.996366e-27 2.625403e-23 1.210153e-31
[1] 8.793029e-20 5.703339e-28 1.360219e-23 2.548124e-32
[1] 7.852766e-20 4.947803e-28 1.880573e-23 1.088961e-31
[1] 8.373790e-20 5.314890e-28 1.184505e-23 5.009524e-33
[1] 8.381826e-20 3.180356e-27 2.393178e-23 1.183218e-31
[1] 8.451964e-20 3.644813e-29 1.078466e-23 2.848278e-34
[1] 8.593133e-20 2.745894e-29 1.078769e-23 3.569563e-34
[1] 8.688996e-20 4.482576e-30 1.406487e-23 1.119287e-31
[1] 8.799979e-20 1.175389e-27 1.506986e-23 1.667268e-32
[1] 8.132997e-20 7.508369e-28 1.764828e-23 3.522233e-47
[1] 8.535431e-20 1.360531e-28 9.101702e-24 5.573267e-34
[1] 8.914883e-20 4.176318e-26 2.870270e-23 3.363893e-36
[1] 8.170440e-20 3.796505e-28 7.085822e-24 5.499312e-35
[1] 7.973026e-20 3.889822e-28 1.538299e-23 1.157419e-31
[1] 8.797297e-20 8.845665e-28 7.894751e-24 1.348879e-33
[1] 7.937507e-20 7.098522e-27 1.869591e-23 2.887507e-54
[1] 8.597242e-20 1.807247e-27 1.501778e-23 1.910671e-32
[1] 8.751778e-20 1.678036e-27 1.529993e-23 1.957759e-32
[1] 8.238489e-20 8.117931e-28 7.928117e-24 1.073177e-32
[1] 8.611635e-20 3.340901e-30 1.048313e-23 3.144068e-34
[1] 9.545896e-20 1.059956e-27 1.501296e-23 1.498886e-32
[1] 9.203938e-20 5.800432e-28 1.280863e-23 1.795213e-32
[1] 8.821749e-20 1.048080e-27 2.579226e-23 9.159746e-35
[1] 8.748671e-20 3.750701e-28 1.304321e-23 1.547924e-47
[1] 8.481546e-20 7.255475e-28 1.428312e-23 2.502215e-32
[1] 8.642733e-20 4.783483e-28 1.317940e-23 2.558419e-32
[1] 8.808039e-20 8.658835e-28 7.650452e-24 7.999612e-48
[1] 8.203498e-20 6.793596e-33 1.042896e-23 2.475859e-55
[1] 8.737603e-20 9.232379e-28 2.119951e-23 9.057490e-32
[1] 9.121163e-20 1.007533e-27 1.684324e-23 5.322808e-32
[1] 8.553524e-20 4.547818e-27 2.611219e-23 1.203431e-31
[1] 9.057065e-20 7.238687e-28 1.942446e-23 1.124407e-32
[1] 8.640993e-20 7.081386e-27 2.832757e-23 1.198362e-31
[1] 8.615506e-20 8.384416e-28 8.371737e-24 1.610273e-33
[1] 8.685318e-20 3.578877e-28 8.733124e-24 3.774630e-34
[1] 8.681944e-20 1.234753e-27 1.155627e-23 1.714912e-32
[1] 8.004165e-20 1.413366e-27 7.197364e-24 6.503023e-39
[1] 8.838159e-20 1.267027e-27 2.725918e-23 1.033802e-31
[1] 8.803789e-20 1.438201e-27 1.572343e-23 2.112257e-46
[1] 8.456163e-20 9.867090e-28 7.908447e-24 1.256567e-33
[1] 8.592481e-20 4.420366e-28 1.290922e-23 2.964462e-32
[1] 8.540986e-20 6.199263e-27 2.760328e-23 1.199473e-31
[1] 8.601693e-20 6.443885e-27 2.776629e-23 1.207605e-31
[1] 8.888711e-20 6.654750e-28 1.400780e-23 1.873817e-32
[1] 7.979775e-20 3.691735e-28 1.535639e-23 1.137681e-31
[1] 8.218797e-20 4.569908e-28 1.697564e-23 1.267113e-47
[1] 8.490405e-20 1.660920e-47 1.093913e-23 1.091939e-31
[1] 8.860027e-20 9.476784e-28 1.486798e-23 1.782365e-32
Algorithm did not converge after  500  iterations.
[1] 8.455029e-20 2.302062e-28 1.174827e-23 3.080891e-35
Algorithm converged after  10  iterations.
[1] 8.455029e-20 2.302062e-28 3.848269e-19 1.281463e-34
[1] 8.693939e-20 1.398948e-32 5.763400e-19 1.148767e-30
[1] 8.737112e-20 6.102202e-28 9.422380e-19 5.035281e-33
Algorithm converged after  25  iterations.
[1] 8.455029e-20 2.302062e-28 6.077489e-24 1.174827e-23
[1] 9.835751e-20 9.177234e-34 1.132321e-23 1.561660e-23
[1] 9.837015e-20 1.302799e-27 2.757862e-23 1.698812e-23
Algorithm converged after  22  iterations.
[1] 8.455029e-20 2.302062e-28 6.077489e-24 3.848269e-19
Algorithm converged after  7  iterations.
[1] 8.455029e-20 2.302062e-28 1.174827e-23 3.848269e-19
Algorithm converged after  9  iterations.
numeric(0)
Algorithm converged after  1  iterations.
[1] 3.000278e-23
Algorithm converged after  2  iterations.
[1] 1.106724e-23
Algorithm converged after  2  iterations.
[1] 1.337179e-23
Algorithm converged after  2  iterations.
[1] 3.000278e-23 1.766983e-25
Algorithm converged after  2  iterations.
[1] 1.106724e-23 7.696380e-26
Algorithm converged after  2  iterations.
[1] 1.337179e-23 1.949919e-28
Algorithm converged after  2  iterations.
[1] 3.000278e-23 1.106724e-23
Algorithm converged after  2  iterations.
[1] 3.000278e-23 1.337179e-23
Algorithm converged after  2  iterations.
[1] 1.106724e-23 1.337179e-23
Algorithm converged after  2  iterations.
[1] 3.000278e-23 1.766983e-25 1.106724e-23
Algorithm converged after  2  iterations.
[1] 3.000278e-23 1.766983e-25 1.337179e-23
Algorithm converged after  2  iterations.
[1] 3.000278e-23 1.106724e-23 7.696380e-26
Algorithm converged after  2  iterations.
[1] 3.000278e-23 1.337179e-23 1.949919e-28
Algorithm converged after  2  iterations.
[1] 1.106724e-23 7.696380e-26 1.337179e-23
Algorithm converged after  2  iterations.
[1] 1.106724e-23 1.337179e-23 1.949919e-28
Algorithm converged after  2  iterations.
[1] 3.000278e-23 1.106724e-23 1.337179e-23
Algorithm converged after  2  iterations.
[1] 3.000278e-23 1.766983e-25 1.106724e-23 7.696380e-26
Algorithm converged after  2  iterations.
[1] 3.000278e-23 1.766983e-25 1.337179e-23 1.949919e-28
Algorithm converged after  2  iterations.
[1] 1.106724e-23 7.696380e-26 1.337179e-23 1.949919e-28
Algorithm converged after  2  iterations.
[1] 3.000278e-23 1.766983e-25 1.106724e-23 1.337179e-23
Algorithm converged after  2  iterations.
[1] 3.000278e-23 1.106724e-23 7.696380e-26 1.337179e-23
Algorithm converged after  2  iterations.
[1] 3.000278e-23 1.106724e-23 1.337179e-23 1.949919e-28
Algorithm converged after  2  iterations.
[1] 6.683392e-20
Algorithm converged after  2  iterations.
[1] 6.683392e-20 5.474484e-24
Algorithm converged after  4  iterations.
[1] 6.683392e-20 1.218948e-23
Algorithm converged after  6  iterations.
[1] 6.683392e-20 2.397127e-19
Algorithm converged after  5  iterations.
[1] 6.683392e-20 5.474484e-24 1.457851e-31
Algorithm converged after  4  iterations.
[1] 6.683392e-20 1.218948e-23 2.456007e-39
[1] 6.797823e-20 1.232713e-23 9.249764e-50
[1] 7.229441e-20 1.279311e-23 1.035150e-34
[1] 6.794659e-20 1.232233e-23 5.863032e-33
[1] 6.797042e-20 1.232555e-23 1.065076e-34
[1] 7.253723e-20 1.281991e-23 1.032383e-34
[1] 7.275678e-20 1.284905e-23 2.728551e-42
[1] 7.242092e-20 1.281522e-23 1.020235e-34
[1] 6.801247e-20 1.233060e-23 4.659958e-44
[1] 7.217826e-20 1.278038e-23 5.575336e-32
[1] 6.810555e-20 1.234159e-23 7.407651e-53
[1] 7.460629e-20 1.305283e-23 1.004562e-34
[1] 6.803213e-20 1.233173e-23 2.465814e-39
[1] 7.460183e-20 1.305177e-23 1.005048e-34
[1] 6.797744e-20 1.232624e-23 6.545767e-39
[1] 6.797250e-20 1.232441e-23 1.065396e-34
[1] 6.782624e-20 1.230864e-23 3.281909e-57
[1] 7.210986e-20 1.277355e-23 4.922391e-63
[1] 6.922050e-20 1.246175e-23 2.560024e-62
[1] 7.378773e-20 1.295697e-23 1.020226e-34
[1] 7.506527e-20 1.309203e-23 1.017679e-34
[1] 7.174743e-20 1.273131e-23 8.922537e-33
[1] 6.796731e-20 1.232308e-23 4.677203e-44
[1] 7.205394e-20 1.277275e-23 1.465165e-40
[1] 6.797135e-20 1.232351e-23 9.247578e-50
[1] 6.776324e-20 1.229824e-23 1.080933e-34
Algorithm converged after  253  iterations.
[1] 6.683392e-20 2.397127e-19 1.130041e-52
[1] 6.948382e-20 2.471083e-19 1.745855e-28
[1] 7.372001e-20 2.571824e-19 1.776504e-28
[1] 7.373021e-20 2.573180e-19 3.429966e-52
Algorithm converged after  36  iterations.
[1] 6.683392e-20 5.474484e-24 1.218948e-23
Algorithm converged after  6  iterations.
[1] 6.683392e-20 5.474484e-24 2.397127e-19
Algorithm converged after  6  iterations.
[1] 6.683392e-20 1.218948e-23 2.397127e-19
Algorithm converged after  6  iterations.
[1] 6.683392e-20 5.474484e-24 1.457851e-31 1.218948e-23
Algorithm converged after  6  iterations.
[1] 6.683392e-20 5.474484e-24 1.457851e-31 2.397127e-19
Algorithm converged after  6  iterations.
[1] 6.683392e-20 5.474484e-24 1.218948e-23 2.456007e-39
[1] 6.888182e-20 5.657075e-24 1.242968e-23 1.062980e-34
Algorithm converged after  13  iterations.
[1] 6.683392e-20 5.474484e-24 2.397127e-19 1.130041e-52
[1] 7.467600e-20 6.038944e-24 2.587141e-19 1.790145e-28
[1] 7.301868e-20 5.969937e-24 2.552649e-19 1.769421e-28
[1] 7.257803e-20 5.933827e-24 2.541933e-19 1.766611e-28
[1] 7.091276e-20 5.805680e-24 2.499889e-19 3.426039e-35
[1] 7.090397e-20 5.804389e-24 2.499868e-19 1.755922e-28
[1] 7.466677e-20 6.028860e-24 2.588223e-19 1.790731e-28
Algorithm converged after  63  iterations.
[1] 6.683392e-20 1.218948e-23 2.456007e-39 2.397127e-19
[1] 7.254517e-20 1.282940e-23 1.038650e-34 2.541379e-19
Algorithm converged after  14  iterations.
[1] 6.683392e-20 1.218948e-23 2.397127e-19 1.130041e-52
[1] 8.060551e-20 1.370043e-23 2.739977e-19 1.818893e-28
Algorithm converged after  18  iterations.
[1] 6.683392e-20 5.474484e-24 1.218948e-23 2.397127e-19
Algorithm converged after  7  iterations.
[1] 6.683392e-20 1.484759e-39
Algorithm converged after  2  iterations.
[1] 6.683392e-20 1.484759e-39 5.570673e-24
[1] 6.911046e-20 8.418529e-25 2.555247e-23
Algorithm converged after  15  iterations.
[1] 6.683392e-20 1.484759e-39 1.143728e-23
Algorithm converged after  7  iterations.
[1] 6.683392e-20 1.484759e-39 2.262251e-19
Algorithm converged after  8  iterations.
[1] 6.683392e-20 1.484759e-39 5.570673e-24 1.398559e-31
[1] 6.877311e-20 5.813765e-28 4.192982e-24 4.895751e-32
[1] 6.719801e-20 4.685005e-27 1.797424e-23 1.576434e-31
[1] 6.756181e-20 3.502834e-25 2.385461e-23 3.778780e-35
[1] 6.715909e-20 4.776960e-25 2.536296e-23 1.188045e-34
[1] 6.744987e-20 4.041408e-25 2.345392e-23 1.176897e-34
[1] 6.730939e-20 4.022996e-25 2.335221e-23 1.228379e-34
[1] 6.758007e-20 4.057056e-25 2.342096e-23 1.061406e-33
[1] 6.752212e-20 4.066209e-25 2.343302e-23 1.248858e-34
[1] 7.070071e-20 4.525774e-25 2.523327e-23 1.205523e-34
[1] 6.749407e-20 4.045932e-25 2.338448e-23 1.591403e-34
[1] 6.770924e-20 4.813490e-25 2.542949e-23 2.262416e-34
[1] 6.889101e-20 7.269103e-25 2.845942e-23 3.721335e-35
[1] 6.742011e-20 7.731369e-25 2.376844e-23 1.170134e-34
[1] 6.733584e-20 7.758224e-25 2.376977e-23 1.222771e-34
[1] 6.744033e-20 7.757120e-25 2.378694e-23 1.198703e-66
[1] 6.738725e-20 7.747025e-25 2.377219e-23 1.207320e-34
Algorithm converged after  168  iterations.
[1] 6.683392e-20 1.484759e-39 1.143728e-23 1.130665e-34
[1] 6.872285e-20 9.290270e-28 1.365448e-23 1.073926e-34
[1] 7.297669e-20 4.449079e-32 1.265214e-23 9.906013e-35
[1] 7.170801e-20 1.164452e-27 1.472894e-23 6.422637e-35
[1] 6.806702e-20 8.196649e-28 1.334264e-23 1.102482e-34
[1] 6.943594e-20 8.809013e-28 1.364124e-23 1.011218e-34
[1] 6.926719e-20 1.138488e-32 1.325607e-23 8.317517e-33
[1] 7.171489e-20 1.172710e-27 1.474854e-23 6.567571e-35
[1] 7.065438e-20 9.453477e-41 1.362005e-23 5.458879e-33
[1] 7.168095e-20 1.166014e-27 1.472763e-23 7.322541e-35
Algorithm converged after  98  iterations.
[1] 6.683392e-20 1.484759e-39 2.262251e-19 8.088308e-31
[1] 7.363355e-20 4.659741e-28 3.965882e-19 4.044852e-58
[1] 7.138798e-20 5.375152e-28 4.070371e-19 3.127189e-32
[1] 7.271224e-20 4.612296e-28 4.003944e-19 1.401611e-31
[1] 7.157481e-20 5.016980e-28 4.006104e-19 1.447774e-31
[1] 7.007199e-20 4.455067e-28 3.639593e-19 2.779209e-52
[1] 7.414493e-20 8.221156e-30 3.065833e-19 2.062633e-28
Algorithm converged after  65  iterations.
[1] 6.683392e-20 1.484759e-39 5.570673e-24 1.143728e-23
[1] 7.544514e-20 1.408041e-27 2.298274e-23 1.518282e-23
Algorithm converged after  13  iterations.
[1] 6.683392e-20 1.484759e-39 5.570673e-24 2.262251e-19
[1] 7.267566e-20 8.147530e-31 6.278180e-24 2.793456e-19
Algorithm converged after  14  iterations.
[1] 6.683392e-20 1.484759e-39 1.143728e-23 2.262251e-19
Algorithm converged after  7  iterations.
numeric(0)
Algorithm converged after  1  iterations.
[1] 2.930497e-23
Algorithm converged after  2  iterations.
[1] 8.323357e-26
Algorithm converged after  2  iterations.
[1] 1.374924e-23
Algorithm converged after  2  iterations.
[1] 2.930497e-23 3.775768e-26
Algorithm converged after  2  iterations.
[1] 8.323357e-26 2.728239e-24
Algorithm converged after  2  iterations.
[1] 1.374924e-23 2.412697e-28
Algorithm converged after  2  iterations.
[1] 2.930497e-23 8.323357e-26
Algorithm converged after  2  iterations.
[1] 2.930497e-23 1.374924e-23
Algorithm converged after  2  iterations.
[1] 8.323357e-26 1.374924e-23
Algorithm converged after  2  iterations.
[1] 2.930497e-23 3.775768e-26 8.323357e-26
Algorithm converged after  2  iterations.
[1] 2.930497e-23 3.775768e-26 1.374924e-23
Algorithm converged after  2  iterations.
[1] 2.930497e-23 8.323357e-26 2.728239e-24
Algorithm converged after  2  iterations.
[1] 2.930497e-23 1.374924e-23 2.412697e-28
Algorithm converged after  2  iterations.
[1] 8.323357e-26 2.728239e-24 1.374924e-23
Algorithm converged after  2  iterations.
[1] 8.323357e-26 1.374924e-23 2.412697e-28
Algorithm converged after  2  iterations.
[1] 2.930497e-23 8.323357e-26 1.374924e-23
Algorithm converged after  2  iterations.
[1] 2.930497e-23 3.775768e-26 8.323357e-26 2.728239e-24
Algorithm converged after  2  iterations.
[1] 2.930497e-23 3.775768e-26 1.374924e-23 2.412697e-28
Algorithm converged after  2  iterations.
[1] 8.323357e-26 2.728239e-24 1.374924e-23 2.412697e-28
Algorithm converged after  2  iterations.
[1] 2.930497e-23 3.775768e-26 8.323357e-26 1.374924e-23
Algorithm converged after  2  iterations.
[1] 2.930497e-23 8.323357e-26 2.728239e-24 1.374924e-23
Algorithm converged after  2  iterations.
[1] 2.930497e-23 8.323357e-26 1.374924e-23 2.412697e-28
Algorithm converged after  2  iterations.
[1] 5.72045e-20
Algorithm converged after  2  iterations.
[1] 5.720450e-20 4.929954e-24
Algorithm converged after  4  iterations.
[1] 5.720450e-20 1.203614e-23
Algorithm converged after  6  iterations.
[1] 5.720450e-20 7.826625e-19
Algorithm converged after  5  iterations.
[1] 5.720450e-20 4.929954e-24 1.242999e-31
[1] 5.948050e-20 5.186468e-24 1.237465e-31
[1] 5.365528e-20 4.630718e-24 1.421727e-49
[1] 5.957953e-20 5.192174e-24 1.092930e-32
[1] 5.727910e-20 4.847411e-24 1.266476e-31
Algorithm converged after  43  iterations.
[1] 5.720450e-20 1.203614e-23 8.127164e-34
[1] 6.543425e-20 1.295266e-23 2.122473e-52
[1] 6.571424e-20 1.297918e-23 8.497127e-34
[1] 6.643679e-20 1.305769e-23 6.966087e-45
[1] 6.647975e-20 1.306788e-23 8.538173e-34
[1] 6.724008e-20 1.314931e-23 8.620806e-34
[1] 6.590629e-20 1.299761e-23 8.499752e-34
[1] 6.557887e-20 1.297015e-23 8.566549e-34
[1] 6.688787e-20 1.310549e-23 3.686751e-58
[1] 6.557390e-20 1.296960e-23 6.892881e-32
[1] 6.433771e-20 1.282660e-23 3.935574e-52
[1] 6.480675e-20 1.288126e-23 6.928495e-32
[1] 6.654201e-20 1.307475e-23 7.314440e-47
[1] 6.548560e-20 1.295854e-23 8.493164e-34
[1] 6.722304e-20 1.314738e-23 8.567401e-34
[1] 6.550281e-20 1.296093e-23 6.925963e-32
[1] 6.466755e-20 1.286775e-23 3.032762e-36
[1] 6.346685e-20 1.273866e-23 5.011320e-35
[1] 6.647062e-20 1.306185e-23 8.584389e-34
[1] 6.558716e-20 1.296707e-23 9.941008e-45
[1] 6.641023e-20 1.306092e-23 8.535061e-34
[1] 6.581416e-20 1.299409e-23 7.434547e-47
[1] 6.552880e-20 1.296511e-23 3.207445e-45
[1] 6.720865e-20 1.314760e-23 8.602614e-34
[1] 6.647694e-20 1.306706e-23 8.537999e-34
[1] 6.553237e-20 1.296561e-23 2.582382e-38
[1] 6.586003e-20 1.299538e-23 6.931651e-32
[1] 6.557513e-20 1.297036e-23 7.317165e-47
[1] 6.720342e-20 1.314713e-23 6.892023e-32
[1] 6.720145e-20 1.314696e-23 4.131203e-61
[1] 6.544030e-20 1.294892e-23 6.940518e-32
[1] 6.630103e-20 1.304856e-23 6.891293e-32
[1] 6.515943e-20 1.291840e-23 8.472202e-34
[1] 6.653460e-20 1.307450e-23 6.894056e-32
[1] 6.642598e-20 1.306308e-23 1.459263e-38
[1] 6.621777e-20 1.303299e-23 6.938923e-32
[1] 6.589937e-20 1.299933e-23 8.570622e-34
[1] 6.585114e-20 1.299405e-23 8.500324e-34
[1] 6.583931e-20 1.299275e-23 6.336622e-51
[1] 6.639882e-20 1.305910e-23 6.889692e-32
[1] 6.574894e-20 1.298446e-23 8.567343e-34
[1] 6.721052e-20 1.314720e-23 8.566472e-34
[1] 6.625760e-20 1.303752e-23 8.514909e-34
[1] 6.722591e-20 1.314822e-23 6.886330e-32
[1] 6.617223e-20 1.302816e-23 7.328998e-47
[1] 6.547813e-20 1.295851e-23 8.546132e-34
[1] 6.723096e-20 1.314939e-23 8.567289e-34
[1] 6.340080e-20 1.273249e-23 5.028307e-35
[1] 6.643697e-20 1.306474e-23 6.898469e-32
[1] 6.592335e-20 1.300205e-23 6.935471e-32
Algorithm did not converge after  500  iterations.
[1] 5.720450e-20 7.826625e-19 1.309536e-59
[1] 5.888243e-20 8.026958e-19 2.112092e-28
[1] 5.896799e-20 8.035131e-19 1.687288e-30
[1] 5.888238e-20 8.026860e-19 2.112091e-28
[1] 5.896794e-20 8.035032e-19 1.687292e-30
[1] 5.888233e-20 8.026761e-19 2.112091e-28
[1] 5.896788e-20 8.034933e-19 1.687296e-30
[1] 5.888227e-20 8.026662e-19 2.112090e-28
[1] 5.896783e-20 8.034834e-19 1.687300e-30
[1] 5.888222e-20 8.026563e-19 2.112089e-28
[1] 5.896777e-20 8.034735e-19 1.687304e-30
[1] 5.888216e-20 8.026464e-19 2.112088e-28
[1] 5.896771e-20 8.034636e-19 1.687309e-30
[1] 5.888211e-20 8.026365e-19 2.112088e-28
[1] 5.896766e-20 8.034537e-19 1.687313e-30
[1] 5.888205e-20 8.026266e-19 2.112087e-28
[1] 5.896760e-20 8.034438e-19 1.687317e-30
[1] 5.888200e-20 8.026167e-19 2.112086e-28
[1] 5.896755e-20 8.034339e-19 1.687321e-30
[1] 5.888194e-20 8.026069e-19 2.112085e-28
[1] 5.896749e-20 8.034240e-19 1.687325e-30
[1] 5.888189e-20 8.025970e-19 2.112085e-28
[1] 5.896744e-20 8.034141e-19 1.687330e-30
[1] 5.888183e-20 8.025871e-19 2.112084e-28
[1] 5.896738e-20 8.034042e-19 1.687334e-30
[1] 5.888178e-20 8.025772e-19 2.112083e-28
[1] 5.896732e-20 8.033943e-19 1.687338e-30
[1] 5.888172e-20 8.025673e-19 2.112082e-28
[1] 5.896727e-20 8.033844e-19 1.687342e-30
[1] 5.888167e-20 8.025574e-19 2.112082e-28
[1] 5.896721e-20 8.033745e-19 1.687346e-30
[1] 5.888161e-20 8.025475e-19 2.112081e-28
[1] 5.896716e-20 8.033646e-19 1.687351e-30
[1] 5.888156e-20 8.025377e-19 2.112080e-28
[1] 5.896710e-20 8.033547e-19 1.687355e-30
[1] 5.888150e-20 8.025278e-19 2.112079e-28
[1] 5.896704e-20 8.033447e-19 1.687359e-30
[1] 5.888145e-20 8.025179e-19 2.112078e-28
[1] 5.896699e-20 8.033348e-19 1.687363e-30
[1] 5.888139e-20 8.025080e-19 2.112078e-28
[1] 5.896693e-20 8.033249e-19 1.687368e-30
[1] 5.888134e-20 8.024981e-19 2.112077e-28
[1] 5.896688e-20 8.033150e-19 1.687372e-30
[1] 5.888128e-20 8.024882e-19 2.112076e-28
[1] 5.896682e-20 8.033051e-19 1.687376e-30
[1] 5.888123e-20 8.024783e-19 2.112075e-28
[1] 5.896677e-20 8.032952e-19 1.687380e-30
[1] 5.888117e-20 8.024684e-19 2.112075e-28
[1] 5.896671e-20 8.032853e-19 1.687385e-30
[1] 5.888112e-20 8.024585e-19 2.112074e-28
Algorithm did not converge after  500  iterations.
[1] 5.720450e-20 4.929954e-24 1.203614e-23
Algorithm converged after  6  iterations.
[1] 5.720450e-20 4.929954e-24 7.826625e-19
Algorithm converged after  6  iterations.
[1] 5.720450e-20 1.203614e-23 7.826625e-19
Algorithm converged after  7  iterations.
[1] 5.720450e-20 4.929954e-24 1.242999e-31 1.203614e-23
[1] 6.650785e-20 5.761485e-24 7.133316e-54 1.307081e-23
[1] 6.636210e-20 5.715416e-24 1.237650e-31 1.304898e-23
[1] 6.541311e-20 5.642510e-24 1.237812e-31 1.294739e-23
[1] 6.811914e-20 5.892972e-24 1.145015e-32 1.324355e-23
[1] 6.549404e-20 5.649359e-24 9.161716e-39 1.295621e-23
[1] 6.549187e-20 5.657048e-24 2.020989e-33 1.295746e-23
[1] 6.604375e-20 5.699819e-24 7.345634e-54 1.301661e-23
[1] 6.666772e-20 5.758680e-24 3.499597e-33 1.308531e-23
[1] 6.790415e-20 5.865081e-24 1.236325e-31 1.321887e-23
[1] 7.152824e-20 6.171160e-24 1.254156e-50 1.360654e-23
[1] 6.697407e-20 5.786436e-24 2.873364e-51 1.311878e-23
[1] 6.687522e-20 5.779696e-24 1.237024e-31 1.310852e-23
[1] 6.647267e-20 5.756740e-24 1.115396e-32 1.306715e-23
[1] 6.634835e-20 5.713205e-24 1.403162e-33 1.304773e-23
[1] 6.646380e-20 5.755232e-24 1.110133e-32 1.306617e-23
[1] 6.748259e-20 5.825033e-24 3.630488e-46 1.317301e-23
[1] 6.808972e-20 5.880558e-24 1.236220e-31 1.323916e-23
[1] 6.654854e-20 5.761119e-24 1.477600e-59 1.307529e-23
[1] 6.650645e-20 5.758633e-24 1.105965e-32 1.307087e-23
[1] 6.684054e-20 5.768748e-24 5.901241e-51 1.310357e-23
[1] 6.876580e-20 5.941249e-24 9.060024e-39 1.331248e-23
[1] 6.668588e-20 5.758334e-24 1.236964e-31 1.308737e-23
[1] 6.754319e-20 5.831056e-24 1.236521e-31 1.317993e-23
[1] 6.541214e-20 5.639506e-24 1.237817e-31 1.294751e-23
[1] 6.747848e-20 5.823254e-24 6.979231e-51 1.317262e-23
[1] 6.550020e-20 5.655020e-24 1.237486e-31 1.295852e-23
[1] 6.646176e-20 5.754106e-24 7.129421e-54 1.306613e-23
[1] 6.548955e-20 5.645909e-24 1.941709e-52 1.295594e-23
[1] 7.183416e-20 6.192571e-24 1.860700e-56 1.363898e-23
[1] 6.740392e-20 5.818899e-24 3.031771e-34 1.316520e-23
[1] 6.548785e-20 5.652224e-24 1.491265e-38 1.295722e-23
[1] 6.785286e-20 5.856258e-24 1.053158e-32 1.321355e-23
[1] 6.516955e-20 5.621654e-24 5.116329e-60 1.292203e-23
[1] 6.646463e-20 5.751218e-24 3.679201e-33 1.306672e-23
[1] 6.837092e-20 5.910087e-24 1.235818e-31 1.327156e-23
[1] 6.545380e-20 5.647261e-24 1.064548e-32 1.295375e-23
[1] 6.747519e-20 5.818947e-24 1.236615e-31 1.317257e-23
[1] 6.550641e-20 5.650355e-24 1.066913e-47 1.295928e-23
[1] 6.842250e-20 5.913465e-24 1.065742e-47 1.327706e-23
[1] 6.761186e-20 5.830483e-24 1.052385e-32 1.318738e-23
[1] 6.603439e-20 5.692098e-24 1.486653e-38 1.301610e-23
[1] 6.755549e-20 5.826996e-24 1.646405e-46 1.318159e-23
[1] 6.646276e-20 5.749853e-24 2.069253e-52 1.306657e-23
[1] 6.656194e-20 5.758403e-24 1.051679e-32 1.307736e-23
[1] 6.646498e-20 5.749877e-24 2.727725e-51 1.306684e-23
[1] 6.650810e-20 5.752889e-24 1.492465e-63 1.307146e-23
[1] 6.853936e-20 5.920854e-24 9.377456e-50 1.328958e-23
[1] 6.519580e-20 5.619681e-24 9.147907e-39 1.292521e-23
[1] 6.869852e-20 5.917134e-24 3.633208e-46 1.330379e-23
Algorithm did not converge after  500  iterations.
[1] 5.720450e-20 4.929954e-24 1.242999e-31 7.826625e-19
[1] 6.142688e-20 5.324541e-24 1.238149e-31 8.250826e-19
[1] 6.157621e-20 5.322573e-24 1.239256e-31 8.267284e-19
[1] 6.346762e-20 5.492432e-24 1.159214e-44 8.452718e-19
[1] 6.237512e-20 5.392792e-24 1.238263e-31 8.346034e-19
[1] 6.205145e-20 5.373370e-24 1.047655e-32 8.313316e-19
[1] 6.019597e-20 5.200214e-24 1.435288e-38 8.131821e-19
[1] 6.327751e-20 5.475539e-24 1.294228e-34 8.434011e-19
[1] 6.363679e-20 5.495397e-24 1.353317e-49 8.470391e-19
[1] 6.142442e-20 5.324032e-24 1.238225e-31 8.250370e-19
[1] 6.225882e-20 5.384446e-24 1.238171e-31 8.334181e-19
[1] 6.142909e-20 5.326316e-24 1.640428e-46 8.250662e-19
[1] 6.231922e-20 5.390217e-24 9.332282e-39 8.340070e-19
[1] 6.222290e-20 5.391091e-24 7.012639e-41 8.329424e-19
[1] 6.163543e-20 5.329312e-24 2.710019e-51 8.272752e-19
[1] 6.196426e-20 5.364671e-24 1.340154e-49 8.304565e-19
[1] 6.172512e-20 5.340949e-24 7.024680e-41 8.281308e-19
[1] 6.242633e-20 5.395902e-24 9.432626e-50 8.350778e-19
[1] 6.188364e-20 5.356646e-24 1.165940e-33 8.296586e-19
[1] 6.156955e-20 5.324890e-24 1.074723e-32 8.265937e-19
[1] 6.236594e-20 5.392628e-24 1.238250e-31 8.344410e-19
[1] 6.336311e-20 5.490079e-24 3.602253e-46 8.441237e-19
[1] 6.242156e-20 5.395718e-24 1.238383e-31 8.349983e-19
[1] 6.240979e-20 5.396748e-24 1.044357e-32 8.348551e-19
[1] 6.231628e-20 5.389986e-24 1.070298e-32 8.339554e-19
[1] 5.616148e-20 4.842721e-24 1.026574e-32 7.732617e-19
[1] 6.128147e-20 5.304697e-24 1.239688e-31 8.235048e-19
[1] 6.139550e-20 5.319930e-24 1.238742e-31 8.246129e-19
[1] 6.139639e-20 5.320043e-24 1.443644e-38 8.246175e-19
[1] 6.334287e-20 5.489911e-24 6.100606e-51 8.437964e-19
[1] 6.147478e-20 5.333176e-24 7.032874e-41 8.253460e-19
[1] 6.172625e-20 5.335609e-24 1.040192e-32 8.280520e-19
[1] 6.197231e-20 5.366478e-24 1.461627e-38 8.303371e-19
[1] 6.134961e-20 5.315271e-24 9.098264e-52 8.240566e-19
[1] 6.242836e-20 5.398353e-24 1.238405e-31 8.348486e-19
[1] 6.142042e-20 5.321018e-24 1.043972e-32 8.247618e-19
[1] 6.143208e-20 5.327058e-24 3.597416e-46 8.248568e-19
[1] 6.136236e-20 5.310033e-24 1.238478e-31 8.243283e-19
[1] 6.146607e-20 5.327716e-24 1.238661e-31 8.251812e-19
[1] 6.134850e-20 5.315283e-24 1.239053e-31 8.240228e-19
[1] 6.059247e-20 5.232905e-24 1.239859e-31 8.168434e-19
[1] 6.138724e-20 5.318249e-24 1.041148e-32 8.244020e-19
[1] 6.328757e-20 5.484929e-24 1.066369e-47 8.431331e-19
[1] 6.359034e-20 5.494093e-24 1.643783e-46 8.462697e-19
[1] 6.039692e-20 5.214681e-24 2.864701e-34 8.148872e-19
[1] 6.317524e-20 5.461720e-24 2.129389e-52 8.421277e-19
[1] 6.133921e-20 5.308950e-24 1.443051e-38 8.239807e-19
[1] 6.189120e-20 5.360605e-24 1.862929e-47 8.293523e-19
[1] 6.162432e-20 5.333374e-24 4.045409e-33 8.267682e-19
[1] 6.228614e-20 5.391069e-24 1.106269e-32 8.332611e-19
Algorithm did not converge after  500  iterations.
[1] 5.720450e-20 4.929954e-24 1.203614e-23 8.127164e-34
[1] 6.750250e-20 5.838377e-24 1.317924e-23 8.571057e-34
[1] 6.820301e-20 5.898380e-24 1.325470e-23 8.598111e-34
[1] 6.761693e-20 5.848028e-24 1.319158e-23 5.287700e-39
[1] 6.751819e-20 5.842714e-24 1.318181e-23 8.590410e-34
[1] 6.653964e-20 5.755775e-24 1.307558e-23 8.573635e-34
[1] 6.657211e-20 5.758501e-24 1.307905e-23 3.860712e-63
[1] 6.683027e-20 5.778669e-24 1.310540e-23 4.763789e-39
[1] 6.819432e-20 5.898077e-24 1.325407e-23 6.935129e-32
[1] 6.698395e-20 5.782128e-24 1.311529e-23 8.538751e-34
[1] 6.764981e-20 5.852100e-24 1.319571e-23 6.940125e-32
[1] 6.640891e-20 5.744375e-24 1.306092e-23 8.559161e-34
[1] 6.654144e-20 5.755364e-24 1.307577e-23 6.941518e-32
Algorithm converged after  125  iterations.
[1] 5.720450e-20 4.929954e-24 7.826625e-19 1.309536e-59
Algorithm converged after  7  iterations.
[1] 5.720450e-20 1.203614e-23 8.127164e-34 7.826625e-19
[1] 7.112454e-20 1.357261e-23 8.710113e-34 9.192393e-19
[1] 7.032809e-20 1.348306e-23 8.684672e-34 9.118340e-19
[1] 7.051351e-20 1.350267e-23 8.680470e-34 9.136168e-19
[1] 7.088459e-20 1.354619e-23 2.918862e-47 9.168457e-19
[1] 6.976704e-20 1.342705e-23 6.924040e-32 9.065200e-19
Algorithm converged after  54  iterations.
[1] 5.720450e-20 1.203614e-23 7.826625e-19 1.309536e-59
Algorithm converged after  7  iterations.
[1] 5.720450e-20 4.929954e-24 1.203614e-23 7.826625e-19
Algorithm converged after  7  iterations.
[1] 5.720450e-20 2.188886e-28
Algorithm converged after  2  iterations.
[1] 5.720450e-20 2.188886e-28 3.745908e-24
Algorithm converged after  7  iterations.
[1] 5.720450e-20 2.188886e-28 7.175868e-24
Algorithm converged after  10  iterations.
[1] 5.720450e-20 2.188886e-28 4.936699e-19
[1] 6.059456e-20 1.725551e-28 7.212585e-19
Algorithm converged after  12  iterations.
[1] 5.720450e-20 2.188886e-28 3.745908e-24 9.452045e-32
[1] 5.848567e-20 6.781238e-28 8.819054e-24 1.623585e-33
[1] 5.832623e-20 1.209639e-26 1.971251e-23 2.237101e-50
[1] 5.826233e-20 6.545663e-27 1.737170e-23 1.346479e-31
[1] 5.514401e-20 1.305863e-28 5.558030e-24 5.348158e-33
[1] 5.856932e-20 3.827893e-28 5.643080e-24 9.007706e-34
[1] 5.761693e-20 1.430572e-27 6.638406e-24 7.358929e-33
[1] 5.874300e-20 8.515939e-28 9.942042e-24 2.298693e-33
[1] 5.708155e-20 5.858910e-52 5.051895e-24 3.619354e-65
[1] 5.672379e-20 2.022742e-27 2.639968e-24 3.463011e-34
[1] 5.796316e-20 1.820486e-27 2.803491e-24 9.186980e-42
[1] 5.875777e-20 1.736111e-27 2.818286e-24 3.308108e-34
[1] 5.779656e-20 8.093659e-35 5.166660e-24 1.236341e-31
[1] 5.836488e-20 4.232068e-28 7.271006e-24 1.276957e-33
[1] 5.769583e-20 4.463331e-26 1.771726e-23 2.364738e-50
[1] 5.690697e-20 2.463700e-27 2.621621e-24 3.599183e-34
[1] 5.979869e-20 3.564326e-26 2.428355e-23 1.198292e-35
[1] 5.849529e-20 1.791519e-26 2.006640e-23 7.203955e-51
[1] 5.921817e-20 9.798194e-28 9.947717e-24 1.063762e-31
[1] 5.770712e-20 8.719067e-27 2.074314e-23 1.365205e-31
[1] 5.971283e-20 6.597134e-28 3.568364e-24 3.778982e-33
[1] 5.511413e-20 1.633745e-43 5.841908e-24 3.042328e-54
[1] 5.806507e-20 1.202616e-25 1.855381e-23 1.061375e-53
[1] 5.545709e-20 1.048788e-27 8.198060e-24 1.045203e-32
[1] 6.098903e-20 2.400028e-27 1.249863e-23 6.379770e-33
[1] 5.771844e-20 8.244051e-27 1.916938e-23 1.353449e-31
[1] 5.952326e-20 1.343035e-27 8.240793e-24 8.685171e-33
[1] 5.783056e-20 4.383351e-41 6.411440e-24 1.895624e-33
[1] 5.846596e-20 4.648403e-28 7.941042e-24 1.012495e-32
[1] 5.785605e-20 6.850434e-38 6.610231e-24 1.117489e-31
[1] 5.537636e-20 1.221672e-27 7.993572e-24 1.112255e-31
[1] 6.075649e-20 1.257296e-27 3.553364e-24 8.670239e-34
[1] 5.728353e-20 6.758856e-28 9.531666e-24 9.338664e-32
Algorithm converged after  324  iterations.
[1] 5.720450e-20 2.188886e-28 7.175868e-24 6.379662e-35
[1] 6.582592e-20 1.734748e-27 1.387876e-23 3.406354e-33
[1] 6.503393e-20 2.059017e-27 1.387464e-23 6.658506e-50
[1] 6.509321e-20 2.054117e-27 1.387129e-23 2.286293e-34
[1] 6.523825e-20 2.059383e-27 1.389300e-23 8.514750e-49
[1] 6.695508e-20 1.680072e-27 1.397545e-23 4.244869e-38
[1] 6.484142e-20 2.050466e-27 1.384188e-23 4.042867e-54
[1] 6.686720e-20 1.682406e-27 1.397353e-23 6.783101e-32
[1] 6.510422e-20 2.055794e-27 1.387678e-23 6.995249e-32
[1] 6.507033e-20 2.059762e-27 1.387957e-23 7.012467e-32
[1] 6.582802e-20 1.746867e-27 1.388161e-23 6.827813e-32
[1] 6.505347e-20 2.057344e-27 1.387636e-23 1.624609e-62
[1] 6.611171e-20 1.751709e-27 1.391140e-23 1.182497e-44
[1] 6.888693e-20 1.902359e-27 1.426108e-23 6.647176e-50
[1] 6.611978e-20 1.754105e-27 1.391925e-23 1.101112e-44
[1] 6.580272e-20 4.115370e-41 1.340597e-23 4.260575e-53
[1] 6.507935e-20 1.727963e-27 1.357843e-23 3.402741e-33
[1] 6.503970e-20 1.770286e-27 1.361671e-23 2.332006e-41
[1] 6.664147e-20 1.540486e-27 1.374400e-23 1.437775e-48
[1] 6.510712e-20 1.771761e-27 1.362542e-23 3.415563e-33
[1] 6.625523e-20 1.561048e-27 1.378138e-23 7.306003e-32
[1] 6.507259e-20 1.789464e-27 1.364017e-23 7.225232e-32
[1] 6.623200e-20 1.573770e-27 1.370474e-23 3.264048e-45
[1] 6.641608e-20 6.490170e-28 1.380764e-23 8.391280e-32
[1] 6.682242e-20 1.682752e-27 1.390533e-23 4.821044e-64
[1] 6.681708e-20 1.721178e-27 1.400352e-23 6.714216e-32
[1] 6.597200e-20 1.828189e-27 1.394687e-23 1.328096e-49
[1] 6.625598e-20 1.734005e-27 1.395993e-23 6.734619e-32
[1] 6.686071e-20 1.722671e-27 1.400573e-23 6.727119e-32
[1] 6.545920e-20 1.972077e-27 1.388145e-23 1.340425e-34
[1] 6.651094e-20 1.646531e-27 1.391496e-23 4.506336e-55
[1] 6.683240e-20 1.596217e-27 1.388714e-23 2.895611e-51
[1] 6.509788e-20 1.947443e-27 1.378634e-23 2.326359e-34
[1] 6.501158e-20 1.946133e-27 1.377408e-23 7.105559e-32
[1] 6.580132e-20 1.520492e-27 1.361663e-23 4.550064e-44
[1] 6.483672e-20 1.800955e-27 1.361269e-23 9.634441e-36
[1] 6.410969e-20 5.360265e-33 1.334490e-23 4.993061e-34
[1] 6.508700e-20 1.770488e-27 1.362355e-23 2.082901e-34
[1] 6.635544e-20 2.624166e-26 1.287776e-23 1.385973e-34
[1] 6.624313e-20 1.566406e-27 1.377987e-23 7.285547e-32
[1] 6.512740e-20 1.796631e-27 1.365429e-23 1.150148e-44
[1] 6.504581e-20 1.745648e-27 1.359723e-23 2.852181e-45
[1] 6.578855e-20 1.507945e-27 1.363610e-23 1.661809e-50
[1] 6.663657e-20 1.529310e-27 1.373165e-23 3.464390e-67
[1] 6.552539e-20 2.598342e-27 1.354256e-23 5.425481e-54
[1] 6.504058e-20 1.773302e-27 1.362021e-23 7.254855e-32
[1] 6.508779e-20 1.932235e-27 1.359731e-23 7.857532e-32
[1] 6.503134e-20 1.805642e-27 1.364957e-23 7.237656e-32
[1] 6.504424e-20 1.812754e-27 1.366236e-23 1.079963e-44
[1] 6.508420e-20 1.833075e-27 1.368270e-23 7.187063e-32
Algorithm did not converge after  500  iterations.
[1] 5.720450e-20 2.188886e-28 4.936699e-19 5.586835e-32
[1] 5.824967e-20 1.736163e-28 7.033089e-19 3.500273e-32
[1] 6.143261e-20 8.970408e-39 8.548977e-19 1.084654e-30
[1] 6.097589e-20 7.243666e-28 1.531141e-18 3.266007e-32
Algorithm converged after  34  iterations.
[1] 5.720450e-20 2.188886e-28 3.745908e-24 7.175868e-24
[1] 6.794259e-20 1.758205e-27 2.370239e-23 1.398888e-23
Algorithm converged after  14  iterations.
[1] 5.720450e-20 2.188886e-28 3.745908e-24 4.936699e-19
[1] 6.182539e-20 7.291640e-38 6.808896e-24 9.058621e-19
[1] 6.190104e-20 1.657082e-28 4.396952e-24 1.041396e-18
[1] 6.216216e-20 1.227876e-28 5.359034e-24 1.012417e-18
Algorithm converged after  34  iterations.
[1] 5.720450e-20 2.188886e-28 7.175868e-24 4.936699e-19
Algorithm converged after  8  iterations.
numeric(0)
Algorithm converged after  1  iterations.
[1] 2.248999e-23
Algorithm converged after  2  iterations.
[1] 6.510825e-26
Algorithm converged after  2  iterations.
[1] 4.079479e-19
Algorithm converged after  2  iterations.
[1] 2.248999e-23 2.830863e-26
Algorithm converged after  2  iterations.
[1] 6.510825e-26 2.449267e-33
Algorithm converged after  2  iterations.
[1] 4.079479e-19 3.835551e-24
Algorithm converged after  2  iterations.
[1] 2.248999e-23 6.510825e-26
Algorithm converged after  2  iterations.
[1] 2.248999e-23 4.079479e-19
Algorithm converged after  2  iterations.
[1] 6.510825e-26 4.079479e-19
Algorithm converged after  2  iterations.
[1] 2.248999e-23 2.830863e-26 6.510825e-26
Algorithm converged after  2  iterations.
[1] 2.248999e-23 2.830863e-26 4.079479e-19
Algorithm converged after  2  iterations.
[1] 2.248999e-23 6.510825e-26 2.449267e-33
