myseed=6270 

Attaching package: ‘pls’

The following object is masked from ‘package:stats’:

    loadings

Loading required package: lattice
Loading required package: ggplot2
Registered S3 methods overwritten by 'ggplot2':
  method         from 
  [.quosures     rlang
  c.quosures     rlang
  print.quosures rlang

Attaching package: ‘caret’

The following object is masked from ‘package:pls’:

    R2

Loading required package: Matrix
Loading required package: foreach
Loaded glmnet 2.0-18

Parsed with column specification:
cols(
  .default = col_double()
)
See spec(...) for full column specifications.
Parsed with column specification:
cols(
  X1 = col_double()
)
Parsed with column specification:
cols(
  X1 = col_double()
)
numeric(0)
Algorithm converged after  1  iterations.
[1] 4.850141e-23
Algorithm converged after  2  iterations.
[1] 2.933266e-25
Algorithm converged after  2  iterations.
[1] 7.252849e-18
Algorithm converged after  2  iterations.
[1] 4.850141e-23 2.029004e-25
Algorithm converged after  2  iterations.
[1] 2.933266e-25 1.954402e-33
Algorithm converged after  2  iterations.
[1] 7.252849e-18 2.630235e-23
Algorithm converged after  2  iterations.
[1] 4.850141e-23 2.933266e-25
Algorithm converged after  2  iterations.
[1] 4.850141e-23 7.252849e-18
Algorithm converged after  2  iterations.
[1] 2.933266e-25 7.252849e-18
Algorithm converged after  2  iterations.
[1] 4.850141e-23 2.029004e-25 2.933266e-25
Algorithm converged after  2  iterations.
[1] 4.850141e-23 2.029004e-25 7.252849e-18
Algorithm converged after  2  iterations.
[1] 4.850141e-23 2.933266e-25 1.954402e-33
Algorithm converged after  2  iterations.
[1] 4.850141e-23 7.252849e-18 2.630235e-23
Algorithm converged after  2  iterations.
[1] 2.933266e-25 1.954402e-33 7.252849e-18
Algorithm converged after  2  iterations.
[1] 2.933266e-25 7.252849e-18 2.630235e-23
Algorithm converged after  2  iterations.
[1] 4.850141e-23 2.933266e-25 7.252849e-18
Algorithm converged after  2  iterations.
[1] 4.850141e-23 2.029004e-25 2.933266e-25 1.954402e-33
Algorithm converged after  2  iterations.
[1] 4.850141e-23 2.029004e-25 7.252849e-18 2.630235e-23
Algorithm converged after  2  iterations.
[1] 2.933266e-25 1.954402e-33 7.252849e-18 2.630235e-23
Algorithm converged after  2  iterations.
[1] 4.850141e-23 2.029004e-25 2.933266e-25 7.252849e-18
Algorithm converged after  2  iterations.
[1] 4.850141e-23 2.933266e-25 1.954402e-33 7.252849e-18
Algorithm converged after  2  iterations.
[1] 4.850141e-23 2.933266e-25 7.252849e-18 2.630235e-23
Algorithm converged after  2  iterations.
[1] 4.21732e-16
Algorithm converged after  2  iterations.
[1] 4.21732e-16 3.69897e-24
Algorithm converged after  6  iterations.
[1] 4.217320e-16 5.773277e-24
Algorithm converged after  6  iterations.
[1] 4.217320e-16 8.627566e-23
Algorithm converged after  7  iterations.
[1] 4.217320e-16 3.698970e-24 5.288908e-39
Algorithm converged after  7  iterations.
[1] 4.217320e-16 5.773277e-24 9.650252e-33
Algorithm converged after  6  iterations.
[1] 4.217320e-16 8.627566e-23 9.345701e-30
Algorithm converged after  9  iterations.
[1] 4.217320e-16 3.698970e-24 5.773277e-24
Algorithm converged after  7  iterations.
[1] 4.217320e-16 3.698970e-24 8.627566e-23
Algorithm converged after  8  iterations.
[1] 4.217320e-16 5.773277e-24 8.627566e-23
Algorithm converged after  8  iterations.
[1] 4.217320e-16 3.698970e-24 5.288908e-39 5.773277e-24
Algorithm converged after  7  iterations.
[1] 4.217320e-16 3.698970e-24 5.288908e-39 8.627566e-23
[1] 1.672548e-15 4.318302e-24 1.298405e-40 1.095711e-22
[1] 1.736050e-15 4.342434e-24 5.196011e-33 1.105026e-22
[1] 1.709723e-15 4.332212e-24 5.223748e-33 1.101183e-22
[1] 1.711080e-15 4.333188e-24 3.452603e-37 1.101603e-22
[1] 1.773547e-15 4.356857e-24 1.380260e-34 1.110729e-22
[1] 1.774498e-15 4.357294e-24 2.208261e-35 1.110944e-22
[1] 1.756056e-15 4.350558e-24 3.294010e-35 1.108362e-22
[1] 1.719850e-15 4.336559e-24 1.412851e-38 1.103093e-22
[1] 1.781155e-15 4.359854e-24 1.352519e-38 1.112127e-22
[1] 1.748480e-15 4.348127e-24 3.534060e-37 1.107603e-22
[1] 1.639554e-15 4.306499e-24 1.097255e-35 1.091674e-22
[1] 1.704121e-15 4.331228e-24 3.494872e-37 1.101176e-22
[1] 1.712574e-15 4.334609e-24 1.240426e-51 1.102481e-22
[1] 1.702378e-15 4.330833e-24 3.455460e-37 1.101152e-22
[1] 1.756575e-15 4.351625e-24 3.879556e-31 1.109145e-22
[1] 1.647760e-15 4.309921e-24 8.627039e-42 1.093172e-22
[1] 1.935237e-15 4.416552e-24 3.873439e-31 1.134458e-22
[1] 1.750220e-15 4.350112e-24 5.191278e-33 1.108873e-22
[1] 1.712672e-15 4.336309e-24 5.493961e-55 1.103594e-22
[1] 1.669156e-15 4.319871e-24 1.606485e-43 1.097332e-22
[1] 1.780615e-15 4.361529e-24 1.389652e-34 1.113439e-22
[1] 1.725981e-15 4.341155e-24 3.673659e-46 1.105655e-22
[1] 1.634548e-15 4.306163e-24 3.859062e-31 1.092221e-22
[1] 1.646611e-15 4.310943e-24 3.675176e-46 1.094071e-22
[1] 1.844488e-15 4.386266e-24 3.888736e-31 1.123027e-22
[1] 1.709447e-15 4.335484e-24 8.044689e-56 1.103575e-22
Algorithm converged after  270  iterations.
[1] 4.217320e-16 3.698970e-24 5.773277e-24 9.650252e-33
Algorithm converged after  6  iterations.
[1] 4.217320e-16 3.698970e-24 8.627566e-23 9.345701e-30
Algorithm converged after  9  iterations.
[1] 4.217320e-16 5.773277e-24 9.650252e-33 8.627566e-23
Algorithm converged after  8  iterations.
[1] 4.217320e-16 5.773277e-24 8.627566e-23 9.345701e-30
Algorithm converged after  9  iterations.
[1] 4.217320e-16 3.698970e-24 5.773277e-24 8.627566e-23
Algorithm converged after  9  iterations.
[1] 4.217320e-16 1.818511e-19
Algorithm converged after  2  iterations.
[1] 4.217320e-16 1.818511e-19 4.846436e-31
Algorithm converged after  5  iterations.
[1] 4.217320e-16 1.818511e-19 2.917519e-29
Algorithm converged after  4  iterations.
[1] 4.217320e-16 1.818511e-19 1.146437e-28
Algorithm converged after  6  iterations.
[1] 4.217320e-16 1.818511e-19 4.846436e-31 6.482895e-33
[1] 4.848404e-16 1.849036e-19 4.883227e-31 6.500840e-33
Algorithm converged after  12  iterations.
[1] 4.217320e-16 1.818511e-19 2.917519e-29 3.800032e-41
[1] 3.892065e-16 1.927189e-19 2.890422e-29 4.957226e-50
[1] 3.861126e-16 1.930685e-19 2.886529e-29 2.953003e-33
[1] 3.861142e-16 1.930691e-19 2.886526e-29 2.953006e-33
[1] 3.861121e-16 1.930693e-19 2.886526e-29 2.953007e-33
[1] 3.861126e-16 1.930693e-19 2.886526e-29 2.953006e-33
[1] 3.861140e-16 1.930691e-19 2.886526e-29 2.953006e-33
[1] 3.861121e-16 1.930693e-19 2.886526e-29 2.953007e-33
[1] 3.861126e-16 1.930693e-19 2.886526e-29 2.953006e-33
[1] 3.861140e-16 1.930691e-19 2.886526e-29 2.953006e-33
[1] 3.861121e-16 1.930693e-19 2.886526e-29 2.953007e-33
[1] 3.861126e-16 1.930693e-19 2.886526e-29 2.953006e-33
[1] 3.861140e-16 1.930691e-19 2.886526e-29 2.953006e-33
[1] 3.861121e-16 1.930693e-19 2.886526e-29 2.953007e-33
[1] 3.861126e-16 1.930693e-19 2.886526e-29 2.953006e-33
[1] 3.861140e-16 1.930691e-19 2.886526e-29 2.953006e-33
[1] 3.861121e-16 1.930693e-19 2.886526e-29 2.953007e-33
[1] 3.861126e-16 1.930693e-19 2.886526e-29 2.953006e-33
[1] 3.861140e-16 1.930691e-19 2.886526e-29 2.953006e-33
[1] 3.861121e-16 1.930693e-19 2.886526e-29 2.953007e-33
[1] 3.861126e-16 1.930693e-19 2.886526e-29 2.953006e-33
[1] 3.861140e-16 1.930691e-19 2.886526e-29 2.953006e-33
[1] 3.861121e-16 1.930693e-19 2.886526e-29 2.953007e-33
[1] 3.861126e-16 1.930693e-19 2.886526e-29 2.953006e-33
[1] 3.861140e-16 1.930691e-19 2.886526e-29 2.953006e-33
[1] 3.861121e-16 1.930693e-19 2.886526e-29 2.953007e-33
[1] 3.861126e-16 1.930693e-19 2.886526e-29 2.953006e-33
[1] 3.861140e-16 1.930691e-19 2.886526e-29 2.953006e-33
[1] 3.861121e-16 1.930693e-19 2.886526e-29 2.953007e-33
[1] 3.861126e-16 1.930693e-19 2.886526e-29 2.953006e-33
[1] 3.861140e-16 1.930691e-19 2.886526e-29 2.953006e-33
[1] 3.861121e-16 1.930693e-19 2.886526e-29 2.953007e-33
[1] 3.861126e-16 1.930693e-19 2.886526e-29 2.953006e-33
[1] 3.861140e-16 1.930691e-19 2.886526e-29 2.953006e-33
[1] 3.861121e-16 1.930693e-19 2.886526e-29 2.953007e-33
[1] 3.861126e-16 1.930693e-19 2.886526e-29 2.953006e-33
[1] 3.861140e-16 1.930691e-19 2.886526e-29 2.953006e-33
[1] 3.861121e-16 1.930693e-19 2.886526e-29 2.953007e-33
[1] 3.861126e-16 1.930693e-19 2.886526e-29 2.953006e-33
[1] 3.861140e-16 1.930691e-19 2.886526e-29 2.953006e-33
[1] 3.861121e-16 1.930693e-19 2.886526e-29 2.953007e-33
[1] 3.861126e-16 1.930693e-19 2.886526e-29 2.953006e-33
[1] 3.861140e-16 1.930691e-19 2.886526e-29 2.953006e-33
[1] 3.861121e-16 1.930693e-19 2.886526e-29 2.953007e-33
[1] 3.861126e-16 1.930693e-19 2.886526e-29 2.953006e-33
[1] 3.861140e-16 1.930691e-19 2.886526e-29 2.953006e-33
[1] 3.861121e-16 1.930693e-19 2.886526e-29 2.953007e-33
[1] 3.861126e-16 1.930693e-19 2.886526e-29 2.953006e-33
[1] 3.861140e-16 1.930691e-19 2.886526e-29 2.953006e-33
[1] 3.861121e-16 1.930693e-19 2.886526e-29 2.953007e-33
Algorithm did not converge after  500  iterations.
[1] 4.217320e-16 1.818511e-19 1.146437e-28 8.851811e-30
Algorithm converged after  8  iterations.
[1] 4.217320e-16 1.818511e-19 4.846436e-31 2.917519e-29
Algorithm converged after  5  iterations.
[1] 4.217320e-16 1.818511e-19 4.846436e-31 1.146437e-28
Algorithm converged after  6  iterations.
[1] 4.217320e-16 1.818511e-19 2.917519e-29 1.146437e-28
Algorithm converged after  6  iterations.
numeric(0)
Algorithm converged after  1  iterations.
[1] 3.869252e-23
Algorithm converged after  2  iterations.
[1] 4.294737e-24
Algorithm converged after  2  iterations.
[1] 1.460582e-17
Algorithm converged after  2  iterations.
[1] 3.869252e-23 2.289936e-25
Algorithm converged after  2  iterations.
[1] 4.294737e-24 5.812640e-25
Algorithm converged after  2  iterations.
[1] 1.460582e-17 1.956786e-23
Algorithm converged after  2  iterations.
[1] 3.869252e-23 4.294737e-24
Algorithm converged after  2  iterations.
[1] 3.869252e-23 1.460582e-17
Algorithm converged after  2  iterations.
[1] 4.294737e-24 1.460582e-17
Algorithm converged after  2  iterations.
[1] 3.869252e-23 2.289936e-25 4.294737e-24
Algorithm converged after  2  iterations.
[1] 3.869252e-23 2.289936e-25 1.460582e-17
Algorithm converged after  2  iterations.
[1] 3.869252e-23 4.294737e-24 5.812640e-25
Algorithm converged after  2  iterations.
[1] 3.869252e-23 1.460582e-17 1.956786e-23
Algorithm converged after  2  iterations.
[1] 4.294737e-24 5.812640e-25 1.460582e-17
Algorithm converged after  2  iterations.
[1] 4.294737e-24 1.460582e-17 1.956786e-23
Algorithm converged after  2  iterations.
[1] 3.869252e-23 4.294737e-24 1.460582e-17
Algorithm converged after  2  iterations.
[1] 3.869252e-23 2.289936e-25 4.294737e-24 5.812640e-25
Algorithm converged after  2  iterations.
[1] 3.869252e-23 2.289936e-25 1.460582e-17 1.956786e-23
Algorithm converged after  2  iterations.
[1] 4.294737e-24 5.812640e-25 1.460582e-17 1.956786e-23
Algorithm converged after  2  iterations.
[1] 3.869252e-23 2.289936e-25 4.294737e-24 1.460582e-17
Algorithm converged after  2  iterations.
[1] 3.869252e-23 4.294737e-24 5.812640e-25 1.460582e-17
Algorithm converged after  2  iterations.
[1] 3.869252e-23 4.294737e-24 1.460582e-17 1.956786e-23
Algorithm converged after  2  iterations.
[1] 5.65267e-16
Algorithm converged after  2  iterations.
[1] 5.652670e-16 4.032948e-24
Algorithm converged after  6  iterations.
[1] 5.652670e-16 5.218274e-24
Algorithm converged after  5  iterations.
[1] 5.652670e-16 4.601638e-23
Algorithm converged after  7  iterations.
[1] 5.652670e-16 4.032948e-24 4.675670e-31
[1] 8.465840e-16 4.205682e-24 4.830935e-31
[1] 9.518661e-16 4.264109e-24 3.669719e-54
[1] 8.451188e-16 4.205763e-24 1.441993e-47
[1] 9.184839e-16 4.245262e-24 1.432986e-47
[1] 8.614827e-16 4.215835e-24 4.827498e-31
[1] 7.875710e-16 4.174647e-24 4.831872e-31
[1] 9.497033e-16 4.264608e-24 1.376432e-41
[1] 8.003067e-16 4.184202e-24 8.749306e-43
[1] 9.521256e-16 4.268881e-24 1.193937e-36
[1] 9.520580e-16 4.269212e-24 4.309413e-37
[1] 9.506173e-16 4.268618e-24 4.856789e-31
Algorithm converged after  119  iterations.
[1] 5.652670e-16 5.218274e-24 4.433860e-49
[1] 6.716157e-16 5.301111e-24 1.776785e-33
[1] 7.550969e-16 5.362653e-24 5.410823e-53
[1] 7.538430e-16 5.362711e-24 3.114281e-50
[1] 6.123273e-16 5.258376e-24 4.595117e-45
[1] 7.275937e-16 5.344691e-24 1.707042e-33
[1] 7.397971e-16 5.354815e-24 7.229435e-58
[1] 7.682220e-16 5.375192e-24 1.053014e-67
[1] 7.420597e-16 5.357388e-24 3.086030e-50
[1] 7.538324e-16 5.366404e-24 1.638573e-33
[1] 7.621757e-16 5.372236e-24 3.270483e-46
[1] 6.119515e-16 5.262107e-24 4.836023e-63
[1] 6.108627e-16 5.261757e-24 4.015057e-63
[1] 7.727478e-16 5.381347e-24 1.111528e-60
[1] 7.729052e-16 5.381880e-24 2.759020e-49
[1] 7.744584e-16 5.383147e-24 1.682482e-66
[1] 6.116452e-16 5.264247e-24 4.442885e-49
[1] 7.704312e-16 5.382040e-24 1.614305e-49
[1] 7.752828e-16 5.388045e-24 1.990165e-50
[1] 7.171763e-16 5.346684e-24 2.675208e-29
[1] 7.763276e-16 5.389687e-24 9.779640e-49
[1] 6.118247e-16 5.268964e-24 4.503552e-49
[1] 7.556895e-16 5.376424e-24 1.272619e-53
[1] 6.111298e-16 5.269400e-24 2.028651e-50
[1] 7.686734e-16 5.387578e-24 1.716483e-33
[1] 7.748423e-16 5.392195e-24 1.735322e-33
[1] 7.404799e-16 5.369309e-24 8.616003e-58
[1] 7.729750e-16 5.392021e-24 1.758641e-49
[1] 7.604213e-16 5.383979e-24 1.198935e-48
[1] 7.712036e-16 5.392096e-24 2.003455e-50
[1] 7.745042e-16 5.394776e-24 8.839627e-65
[1] 7.244072e-16 5.359608e-24 9.875196e-59
[1] 7.416764e-16 5.372606e-24 1.645457e-33
[1] 6.106493e-16 5.275508e-24 2.611427e-29
[1] 6.054472e-16 5.270856e-24 1.510098e-62
[1] 7.648579e-16 5.390658e-24 3.261645e-50
[1] 7.676667e-16 5.392917e-24 1.796480e-53
[1] 7.346317e-16 5.369815e-24 1.703064e-33
[1] 7.663363e-16 5.393329e-24 9.743152e-53
[1] 6.095547e-16 5.277501e-24 1.778720e-33
[1] 7.595328e-16 5.389183e-24 7.189435e-36
[1] 7.700258e-16 5.397145e-24 1.196277e-48
[1] 6.118115e-16 5.280830e-24 2.193506e-61
[1] 7.294529e-16 5.369510e-24 1.389807e-49
[1] 7.555953e-16 5.388592e-24 5.238682e-53
[1] 7.723761e-16 5.400679e-24 4.784122e-49
[1] 7.587482e-16 5.391312e-24 1.710380e-33
[1] 7.703546e-16 5.400034e-24 3.195313e-31
[1] 6.132593e-16 5.284530e-24 1.701640e-33
[1] 7.002950e-16 5.350761e-24 2.294218e-54
Algorithm did not converge after  500  iterations.
[1] 5.652670e-16 4.601638e-23 7.455585e-30
Algorithm converged after  8  iterations.
[1] 5.652670e-16 4.032948e-24 5.218274e-24
Algorithm converged after  6  iterations.
[1] 5.652670e-16 4.032948e-24 4.601638e-23
Algorithm converged after  7  iterations.
[1] 5.652670e-16 5.218274e-24 4.601638e-23
Algorithm converged after  7  iterations.
[1] 5.652670e-16 4.032948e-24 4.675670e-31 5.218274e-24
[1] 1.112815e-15 4.346198e-24 4.896872e-31 5.594492e-24
[1] 1.083021e-15 4.331576e-24 8.155670e-48 5.576808e-24
[1] 1.128864e-15 4.354602e-24 2.945331e-59 5.604387e-24
[1] 1.210888e-15 4.395441e-24 4.947562e-31 5.653128e-24
[1] 1.217293e-15 4.398530e-24 1.753007e-35 5.656822e-24
Algorithm converged after  58  iterations.
[1] 5.652670e-16 4.032948e-24 4.675670e-31 4.601638e-23
[1] 1.895485e-15 4.695136e-24 5.027370e-31 5.617442e-23
Algorithm converged after  15  iterations.
[1] 5.652670e-16 4.032948e-24 5.218274e-24 4.433860e-49
[1] 1.101103e-15 4.340875e-24 5.587800e-24 5.055819e-49
[1] 1.103814e-15 4.342454e-24 5.589272e-24 9.487583e-59
[1] 1.001324e-15 4.290933e-24 5.527140e-24 2.563669e-29
[1] 9.250252e-16 4.250992e-24 5.479225e-24 3.146737e-46
[1] 1.163674e-15 4.373594e-24 5.626376e-24 3.655185e-56
[1] 1.162857e-15 4.373461e-24 5.626066e-24 1.356981e-52
[1] 1.099297e-15 4.342363e-24 5.588289e-24 1.622905e-33
[1] 1.121674e-15 4.353906e-24 5.601901e-24 1.621313e-33
[1] 1.100431e-15 4.343836e-24 5.589929e-24 4.912694e-49
[1] 1.111161e-15 4.349543e-24 5.596201e-24 1.634773e-33
[1] 1.093735e-15 4.341531e-24 5.586351e-24 1.168349e-48
[1] 7.385391e-16 4.149023e-24 5.352515e-24 2.013986e-36
[1] 1.095659e-15 4.345688e-24 5.589186e-24 2.499625e-53
[1] 1.103555e-15 4.349960e-24 5.594205e-24 2.839935e-61
[1] 9.249543e-16 4.257417e-24 5.483160e-24 1.700200e-33
[1] 9.227605e-16 4.256647e-24 5.481988e-24 1.709148e-33
[1] 1.112786e-15 4.355706e-24 5.600425e-24 2.515701e-52
[1] 1.042945e-15 4.320669e-24 5.558073e-24 2.023574e-42
[1] 1.162999e-15 4.381671e-24 5.631293e-24 1.157526e-48
[1] 1.132927e-15 4.366741e-24 5.613184e-24 2.535632e-29
[1] 1.051207e-15 4.325678e-24 5.563696e-24 1.177171e-48
[1] 1.105033e-15 4.353285e-24 5.596826e-24 2.538047e-29
[1] 1.119591e-15 4.360756e-24 5.605784e-24 8.058385e-70
[1] 9.382316e-16 4.266902e-24 5.492430e-24 1.759161e-33
[1] 1.047281e-15 4.324856e-24 5.562288e-24 1.369102e-61
[1] 1.051420e-15 4.327344e-24 5.564839e-24 5.001825e-59
[1] 1.100883e-15 4.352666e-24 5.595149e-24 6.514190e-58
[1] 9.249554e-16 4.261440e-24 5.485686e-24 2.448971e-61
[1] 9.265283e-16 4.262770e-24 5.487161e-24 4.988219e-53
[1] 1.120072e-15 4.363530e-24 5.607471e-24 7.776315e-67
[1] 9.333562e-16 4.266836e-24 5.490368e-24 5.177484e-49
[1] 1.162048e-15 4.385519e-24 5.633442e-24 3.789939e-53
[1] 1.076181e-15 4.342846e-24 5.581912e-24 1.768152e-62
[1] 1.117408e-15 4.363956e-24 5.606996e-24 1.625567e-33
[1] 1.119398e-15 4.365332e-24 5.608564e-24 1.608787e-33
[1] 1.100922e-15 4.356350e-24 5.597608e-24 1.531205e-52
[1] 9.247149e-16 4.264924e-24 5.487875e-24 2.531614e-29
[1] 1.114418e-15 4.364108e-24 5.606365e-24 8.578486e-48
[1] 9.271579e-16 4.267087e-24 5.490135e-24 1.641384e-33
[1] 1.114972e-15 4.364936e-24 5.606871e-24 3.893949e-36
[1] 1.119702e-15 4.367613e-24 5.609993e-24 5.214930e-59
[1] 1.106749e-15 4.361614e-24 5.602701e-24 2.812319e-61
[1] 1.102261e-15 4.359469e-24 5.600028e-24 4.084426e-36
[1] 1.117896e-15 4.367992e-24 5.609695e-24 1.631657e-33
[1] 1.122211e-15 4.370718e-24 5.612692e-24 2.779203e-49
[1] 1.077754e-15 4.348816e-24 5.586299e-24 5.313270e-61
[1] 1.110946e-15 4.365868e-24 5.606610e-24 3.172168e-31
[1] 1.100263e-15 4.360666e-24 5.600190e-24 3.178283e-31
[1] 1.099498e-15 4.360812e-24 5.600475e-24 7.840150e-49
Algorithm did not converge after  500  iterations.
[1] 5.652670e-16 4.032948e-24 4.601638e-23 7.455585e-30
Algorithm converged after  8  iterations.
[1] 5.652670e-16 5.218274e-24 4.433860e-49 4.601638e-23
[1] 1.596224e-15 5.864851e-24 2.635708e-29 5.425199e-23
[1] 1.374335e-15 5.746853e-24 2.796783e-31 5.274846e-23
[1] 1.624846e-15 5.879047e-24 4.087956e-60 5.444907e-23
[1] 1.572934e-15 5.853025e-24 1.499534e-33 5.412270e-23
[1] 1.498138e-15 5.813905e-24 1.234625e-48 5.362920e-23
[1] 1.372957e-15 5.747249e-24 1.586278e-33 5.277628e-23
[1] 1.386384e-15 5.754703e-24 1.890845e-50 5.287502e-23
[1] 1.386393e-15 5.754800e-24 1.599844e-33 5.288211e-23
[1] 1.566809e-15 5.850457e-24 3.717555e-54 5.411573e-23
[1] 1.597410e-15 5.867160e-24 1.512429e-33 5.433219e-23
[1] 1.573059e-15 5.854882e-24 5.441409e-49 5.417743e-23
[1] 1.621199e-15 5.879404e-24 6.725257e-67 5.451031e-23
[1] 1.621039e-15 5.879419e-24 1.531361e-33 5.451776e-23
[1] 1.385448e-15 5.755631e-24 3.707883e-54 5.293512e-23
[1] 1.571459e-15 5.855258e-24 1.528863e-33 5.425694e-23
[1] 1.572105e-15 5.856864e-24 1.506261e-33 5.433557e-23
[1] 1.391539e-15 5.761046e-24 9.168923e-49 5.310548e-23
[1] 1.388964e-15 5.759926e-24 5.308942e-49 5.309653e-23
[1] 1.609001e-15 5.876461e-24 4.269319e-53 5.461501e-23
[1] 1.575232e-15 5.859323e-24 1.504948e-33 5.439695e-23
[1] 1.391165e-15 5.761874e-24 5.308758e-49 5.314534e-23
[1] 1.373171e-15 5.752284e-24 5.282345e-49 5.302577e-23
[1] 1.572289e-15 5.858689e-24 1.760497e-58 5.440559e-23
[1] 1.621086e-15 5.883809e-24 9.169479e-49 5.473747e-23
[1] 1.598677e-15 5.873022e-24 5.842464e-49 5.460035e-23
[1] 1.608915e-15 5.877954e-24 2.658431e-31 5.467416e-23
[1] 1.586834e-15 5.866641e-24 2.661545e-31 5.453310e-23
[1] 1.376263e-15 5.755249e-24 1.573976e-33 5.309326e-23
[1] 1.596453e-15 5.872639e-24 2.508890e-49 5.461796e-23
[1] 1.599371e-15 5.874332e-24 1.866928e-50 5.464502e-23
[1] 1.615276e-15 5.882246e-24 3.012368e-68 5.475591e-23
[1] 1.392223e-15 5.764805e-24 1.201313e-61 5.323862e-23
[1] 1.589038e-15 5.868886e-24 4.522980e-69 5.459172e-23
[1] 1.602630e-15 5.876067e-24 1.552470e-69 5.468856e-23
[1] 1.391645e-15 5.764796e-24 2.732856e-31 5.325300e-23
[1] 1.595495e-15 5.873463e-24 1.948052e-33 5.466505e-23
[1] 1.623443e-15 5.887571e-24 1.944832e-53 5.485957e-23
[1] 1.391923e-15 5.765609e-24 2.552959e-49 5.328063e-23
[1] 1.568616e-15 5.859834e-24 5.591414e-65 5.451730e-23
[1] 1.530957e-15 5.839691e-24 5.636627e-49 5.426392e-23
[1] 1.588307e-15 5.870435e-24 1.885728e-50 5.466732e-23
[1] 1.534662e-15 5.842824e-24 4.988055e-36 5.431342e-23
[1] 1.391603e-15 5.766854e-24 2.553018e-49 5.334053e-23
[1] 1.392966e-15 5.767733e-24 2.552061e-49 5.335712e-23
[1] 1.584537e-15 5.870116e-24 5.543931e-43 5.469510e-23
[1] 1.391311e-15 5.767310e-24 1.461460e-65 5.336694e-23
[1] 1.375417e-15 5.758864e-24 4.283744e-69 5.326343e-23
[1] 1.576675e-15 5.866375e-24 1.508505e-33 5.466547e-23
[1] 1.628764e-15 5.892993e-24 2.607685e-53 5.501876e-23
Algorithm did not converge after  500  iterations.
[1] 5.652670e-16 5.218274e-24 4.601638e-23 7.455585e-30
Algorithm converged after  8  iterations.
[1] 5.652670e-16 4.032948e-24 5.218274e-24 4.601638e-23
Algorithm converged after  8  iterations.
[1] 5.652670e-16 1.782407e-19
Algorithm converged after  2  iterations.
[1] 5.652670e-16 1.782407e-19 6.106591e-31
Algorithm converged after  5  iterations.
[1] 5.652670e-16 1.782407e-19 3.030470e-29
Algorithm converged after  4  iterations.
[1] 5.652670e-16 1.782407e-19 2.962287e-28
Algorithm converged after  6  iterations.
[1] 5.652670e-16 1.782407e-19 6.106591e-31 1.724774e-34
Algorithm converged after  5  iterations.
[1] 5.652670e-16 1.782407e-19 3.030470e-29 6.965180e-52
[1] 5.724535e-16 1.715242e-19 3.052991e-29 1.416887e-33
[1] 5.547726e-16 1.852746e-19 3.017677e-29 1.377733e-33
Algorithm converged after  26  iterations.
[1] 5.652670e-16 1.782407e-19 2.962287e-28 1.600637e-29
Algorithm converged after  7  iterations.
[1] 5.652670e-16 1.782407e-19 6.106591e-31 3.030470e-29
Algorithm converged after  5  iterations.
[1] 5.652670e-16 1.782407e-19 6.106591e-31 2.962287e-28
Algorithm converged after  6  iterations.
[1] 5.652670e-16 1.782407e-19 3.030470e-29 2.962287e-28
Algorithm converged after  6  iterations.
numeric(0)
Algorithm converged after  1  iterations.
[1] 1.897888e-25
Algorithm converged after  2  iterations.
[1] 1.410159e-23
Algorithm converged after  2  iterations.
[1] 2.519688e-17
Algorithm converged after  2  iterations.
[1] 1.897888e-25 5.059195e-36
Algorithm converged after  2  iterations.
[1] 1.410159e-23 1.903311e-25
Algorithm converged after  2  iterations.
[1] 2.519688e-17 1.641514e-23
Algorithm converged after  2  iterations.
[1] 1.897888e-25 1.410159e-23
Algorithm converged after  2  iterations.
[1] 1.897888e-25 2.519688e-17
Algorithm converged after  2  iterations.
[1] 1.410159e-23 2.519688e-17
Algorithm converged after  2  iterations.
[1] 1.897888e-25 5.059195e-36 1.410159e-23
Algorithm converged after  2  iterations.
[1] 1.897888e-25 5.059195e-36 2.519688e-17
Algorithm converged after  2  iterations.
[1] 1.897888e-25 1.410159e-23 1.903311e-25
Algorithm converged after  2  iterations.
[1] 1.897888e-25 2.519688e-17 1.641514e-23
Algorithm converged after  2  iterations.
[1] 1.410159e-23 1.903311e-25 2.519688e-17
Algorithm converged after  2  iterations.
[1] 1.410159e-23 2.519688e-17 1.641514e-23
Algorithm converged after  2  iterations.
[1] 1.897888e-25 1.410159e-23 2.519688e-17
Algorithm converged after  2  iterations.
[1] 1.897888e-25 5.059195e-36 1.410159e-23 1.903311e-25
Algorithm converged after  2  iterations.
[1] 1.897888e-25 5.059195e-36 2.519688e-17 1.641514e-23
Algorithm converged after  2  iterations.
[1] 1.410159e-23 1.903311e-25 2.519688e-17 1.641514e-23
Algorithm converged after  2  iterations.
[1] 1.897888e-25 5.059195e-36 1.410159e-23 2.519688e-17
Algorithm converged after  2  iterations.
[1] 1.897888e-25 1.410159e-23 1.903311e-25 2.519688e-17
Algorithm converged after  2  iterations.
[1] 1.897888e-25 1.410159e-23 2.519688e-17 1.641514e-23
Algorithm converged after  2  iterations.
[1] 8.982741e-16
Algorithm converged after  2  iterations.
[1] 8.982741e-16 4.038744e-24
Algorithm converged after  6  iterations.
[1] 8.982741e-16 5.136036e-24
Algorithm converged after  6  iterations.
[1] 8.982741e-16 3.782103e-23
Algorithm converged after  7  iterations.
[1] 8.982741e-16 4.038744e-24 3.983598e-33
[1] 1.236046e-15 4.183211e-24 2.845348e-54
[1] 1.339280e-15 4.223128e-24 1.786013e-33
Algorithm converged after  26  iterations.
[1] 8.982741e-16 5.136036e-24 1.539766e-31
Algorithm converged after  6  iterations.
[1] 8.982741e-16 3.782103e-23 1.131330e-29
Algorithm converged after  8  iterations.
[1] 8.982741e-16 4.038744e-24 5.136036e-24
Algorithm converged after  7  iterations.
[1] 8.982741e-16 4.038744e-24 3.782103e-23
Algorithm converged after  7  iterations.
[1] 8.982741e-16 5.136036e-24 3.782103e-23
Algorithm converged after  7  iterations.
[1] 8.982741e-16 4.038744e-24 3.983598e-33 5.136036e-24
Algorithm converged after  10  iterations.
[1] 8.982741e-16 4.038744e-24 3.983598e-33 3.782103e-23
[1] 2.666983e-15 4.658124e-24 3.302970e-33 4.483012e-23
[1] 2.782149e-15 4.690409e-24 1.311094e-52 4.520323e-23
[1] 2.979689e-15 4.746316e-24 1.779722e-33 4.583691e-23
[1] 2.671911e-15 4.660221e-24 2.484338e-52 4.485913e-23
[1] 2.715898e-15 4.671930e-24 1.798148e-33 4.499770e-23
[1] 2.744978e-15 4.682978e-24 1.801253e-33 4.518059e-23
[1] 2.787407e-15 4.695228e-24 2.801722e-51 4.532598e-23
[1] 2.669909e-15 4.662549e-24 1.835789e-31 4.495366e-23
[1] 2.673942e-15 4.664139e-24 3.468063e-58 4.497227e-23
[1] 2.668889e-15 4.662576e-24 2.971113e-60 4.495802e-23
[1] 2.645039e-15 4.656038e-24 3.589711e-60 4.488347e-23
[1] 2.671098e-15 4.663504e-24 1.449860e-49 4.497106e-23
[1] 2.644470e-15 4.655982e-24 1.795318e-33 4.488950e-23
[1] 2.673463e-15 4.664416e-24 1.836316e-31 4.498565e-23
[1] 2.776523e-15 4.693344e-24 1.793330e-33 4.532036e-23
[1] 2.810121e-15 4.702525e-24 8.676722e-47 4.542905e-23
[1] 2.696646e-15 4.671476e-24 1.792528e-33 4.507441e-23
[1] 2.670361e-15 4.663270e-24 3.284814e-33 4.498659e-23
[1] 2.642779e-15 4.656302e-24 1.796911e-33 4.490690e-23
[1] 2.956584e-15 4.744952e-24 3.183705e-33 4.592017e-23
[1] 2.713056e-15 4.675789e-24 3.270860e-33 4.513613e-23
[1] 2.962084e-15 4.746392e-24 3.139037e-33 4.594343e-23
[1] 2.669058e-15 4.664323e-24 3.300284e-33 4.500889e-23
[1] 2.653997e-15 4.660272e-24 4.285653e-47 4.496461e-23
[1] 2.646575e-15 4.658229e-24 1.798062e-33 4.494588e-23
[1] 2.801469e-15 4.701639e-24 4.320220e-47 4.544445e-23
[1] 2.775932e-15 4.694648e-24 3.245623e-33 4.536607e-23
[1] 2.683680e-15 4.669096e-24 3.295202e-33 4.507593e-23
[1] 2.674313e-15 4.666827e-24 2.368002e-50 4.505062e-23
[1] 2.706905e-15 4.675298e-24 2.513875e-33 4.515370e-23
[1] 2.674194e-15 4.667062e-24 8.654335e-47 4.506024e-23
[1] 2.740261e-15 4.685003e-24 1.804402e-33 4.527214e-23
[1] 2.695522e-15 4.673581e-24 3.257165e-33 4.514151e-23
[1] 2.768429e-15 4.693568e-24 2.369992e-50 4.537557e-23
[1] 2.672186e-15 4.666953e-24 1.802849e-33 4.507132e-23
[1] 2.979249e-15 4.753054e-24 1.844487e-31 4.605906e-23
Algorithm converged after  361  iterations.
[1] 8.982741e-16 4.038744e-24 5.136036e-24 1.539766e-31
Algorithm converged after  7  iterations.
[1] 8.982741e-16 4.038744e-24 3.782103e-23 1.131330e-29
Algorithm converged after  9  iterations.
[1] 8.982741e-16 5.136036e-24 1.539766e-31 3.782103e-23
Algorithm converged after  7  iterations.
[1] 8.982741e-16 5.136036e-24 3.782103e-23 1.131330e-29
Algorithm converged after  8  iterations.
[1] 8.982741e-16 4.038744e-24 5.136036e-24 3.782103e-23
Algorithm converged after  8  iterations.
[1] 8.982741e-16 1.624775e-19
Algorithm converged after  2  iterations.
[1] 8.982741e-16 1.624775e-19 2.121342e-31
Algorithm converged after  5  iterations.
[1] 8.982741e-16 1.624775e-19 4.936899e-29
Algorithm converged after  4  iterations.
[1] 8.982741e-16 1.624775e-19 1.976557e-28
Algorithm converged after  6  iterations.
[1] 8.982741e-16 1.624775e-19 2.121342e-31 1.834025e-33
[1] 1.003639e-15 1.545116e-19 2.145660e-31 1.835900e-33
Algorithm converged after  18  iterations.
[1] 8.982741e-16 1.624775e-19 4.936899e-29 1.494942e-39
[1] 8.658835e-16 1.592228e-19 4.965322e-29 2.721751e-39
[1] 8.819222e-16 1.579739e-19 4.969156e-29 9.640457e-52
[1] 8.664788e-16 1.591480e-19 4.965985e-29 5.117096e-54
[1] 8.800897e-16 1.585234e-19 4.965716e-29 2.292933e-48
[1] 9.160151e-16 1.672786e-19 4.916077e-29 2.555175e-49
[1] 8.809868e-16 1.580223e-19 4.970471e-29 2.597074e-39
[1] 9.188836e-16 1.569034e-19 4.969149e-29 4.700797e-39
[1] 7.501001e-16 1.452076e-19 5.068203e-29 8.214703e-40
[1] 8.358507e-16 1.562075e-19 4.985802e-29 4.232565e-48
[1] 8.652291e-16 1.579918e-19 4.971940e-29 1.235783e-39
[1] 9.145699e-16 1.572376e-19 4.968915e-29 1.522713e-46
[1] 8.787510e-16 1.554171e-19 4.984817e-29 1.135642e-39
[1] 8.631559e-16 1.595026e-19 4.967748e-29 4.838452e-49
[1] 8.814585e-16 1.580367e-19 4.972600e-29 4.230355e-48
[1] 8.680283e-16 1.603310e-19 4.960239e-29 4.695450e-53
[1] 8.985129e-16 1.653124e-19 4.928980e-29 2.258954e-33
[1] 8.650410e-16 1.699080e-19 4.916125e-29 1.094616e-51
[1] 7.850260e-16 1.617478e-19 4.975192e-29 2.557970e-39
[1] 9.060699e-16 1.580870e-19 4.967390e-29 4.576285e-39
[1] 8.374989e-16 1.580546e-19 4.980099e-29 2.583887e-61
[1] 9.168984e-16 1.570223e-19 4.971810e-29 2.652688e-39
[1] 8.656136e-16 1.698201e-19 4.917109e-29 4.786894e-54
[1] 8.735629e-16 1.655329e-19 4.933301e-29 1.927406e-64
[1] 9.149773e-16 1.573096e-19 4.971370e-29 9.948268e-34
[1] 8.984807e-16 1.653139e-19 4.930671e-29 4.258042e-48
[1] 8.656076e-16 1.698204e-19 4.918122e-29 2.892182e-39
[1] 8.585524e-16 1.703223e-19 4.913082e-29 2.364106e-33
[1] 7.496952e-16 1.449416e-19 5.079232e-29 4.662673e-39
[1] 8.687410e-16 1.605977e-19 4.966020e-29 1.288537e-53
[1] 8.627346e-16 1.596472e-19 4.975223e-29 1.442690e-48
[1] 7.821028e-16 1.581339e-19 5.004116e-29 1.577053e-46
[1] 8.654044e-16 1.698259e-19 4.924048e-29 4.689861e-53
[1] 8.825543e-16 1.645498e-19 4.943728e-29 2.302903e-48
[1] 9.149301e-16 1.671007e-19 4.928289e-29 4.513951e-39
[1] 8.774983e-16 1.601166e-19 4.970296e-29 1.445291e-48
[1] 8.825835e-16 1.645802e-19 4.944047e-29 4.796299e-33
[1] 7.780085e-16 1.615267e-19 4.986099e-29 2.981606e-33
[1] 8.777909e-16 1.601306e-19 4.971235e-29 9.968672e-34
[1] 7.812227e-16 1.579202e-19 5.008219e-29 2.204368e-33
[1] 8.636563e-16 1.595303e-19 4.978866e-29 2.222246e-33
[1] 8.638692e-16 1.699415e-19 4.926312e-29 4.547469e-40
[1] 8.637323e-16 1.594355e-19 4.980267e-29 2.992471e-33
[1] 8.836192e-16 1.578643e-19 4.985128e-29 2.752035e-39
[1] 8.414166e-16 1.619766e-19 4.970172e-29 4.783543e-61
[1] 8.627058e-16 1.595527e-19 4.980466e-29 2.993299e-33
[1] 8.983101e-16 1.653205e-19 4.941236e-29 2.385413e-49
[1] 7.819761e-16 1.581134e-19 5.009063e-29 4.237896e-48
[1] 7.809219e-16 1.578403e-19 5.014865e-29 4.817622e-33
[1] 7.814228e-16 1.578547e-19 5.014735e-29 9.204594e-53
Algorithm did not converge after  500  iterations.
[1] 8.982741e-16 1.624775e-19 1.976557e-28 2.527761e-29
Algorithm converged after  7  iterations.
[1] 8.982741e-16 1.624775e-19 2.121342e-31 4.936899e-29
Algorithm converged after  5  iterations.
[1] 8.982741e-16 1.624775e-19 2.121342e-31 1.976557e-28
Algorithm converged after  6  iterations.
[1] 8.982741e-16 1.624775e-19 4.936899e-29 1.976557e-28
Algorithm converged after  6  iterations.
numeric(0)
Algorithm converged after  1  iterations.
[1] 2.941455e-23
Algorithm converged after  2  iterations.
[1] 1.809766e-25
Algorithm converged after  2  iterations.
[1] 1.101497e-17
Algorithm converged after  2  iterations.
[1] 2.941455e-23 1.565704e-25
Algorithm converged after  2  iterations.
[1] 1.809766e-25 4.048972e-66
Algorithm converged after  2  iterations.
[1] 1.101497e-17 4.163733e-23
Algorithm converged after  2  iterations.
[1] 2.941455e-23 1.809766e-25
Algorithm converged after  2  iterations.
[1] 2.941455e-23 1.101497e-17
Algorithm converged after  2  iterations.
[1] 1.809766e-25 1.101497e-17
Algorithm converged after  2  iterations.
[1] 2.941455e-23 1.565704e-25 1.809766e-25
Algorithm converged after  2  iterations.
[1] 2.941455e-23 1.565704e-25 1.101497e-17
Algorithm converged after  2  iterations.
[1] 2.941455e-23 1.809766e-25 4.048972e-66
Algorithm converged after  2  iterations.
[1] 2.941455e-23 1.101497e-17 4.163733e-23
Algorithm converged after  2  iterations.
[1] 1.809766e-25 4.048972e-66 1.101497e-17
Algorithm converged after  2  iterations.
[1] 1.809766e-25 1.101497e-17 4.163733e-23
Algorithm converged after  2  iterations.
[1] 2.941455e-23 1.809766e-25 1.101497e-17
Algorithm converged after  2  iterations.
[1] 2.941455e-23 1.565704e-25 1.809766e-25 4.048972e-66
Algorithm converged after  2  iterations.
[1] 2.941455e-23 1.565704e-25 1.101497e-17 4.163733e-23
Algorithm converged after  2  iterations.
[1] 1.809766e-25 4.048972e-66 1.101497e-17 4.163733e-23
Algorithm converged after  2  iterations.
[1] 2.941455e-23 1.565704e-25 1.809766e-25 1.101497e-17
Algorithm converged after  2  iterations.
[1] 2.941455e-23 1.809766e-25 4.048972e-66 1.101497e-17
Algorithm converged after  2  iterations.
[1] 2.941455e-23 1.809766e-25 1.101497e-17 4.163733e-23
Algorithm converged after  2  iterations.
[1] 4.713147e-16
Algorithm converged after  2  iterations.
[1] 4.713147e-16 3.550730e-24
Algorithm converged after  6  iterations.
[1] 4.713147e-16 3.614776e-24
Algorithm converged after  5  iterations.
[1] 4.713147e-16 9.181920e-23
Algorithm converged after  7  iterations.
[1] 4.713147e-16 3.550730e-24 2.022555e-34
Algorithm converged after  7  iterations.
[1] 4.713147e-16 3.614776e-24 4.521911e-29
Algorithm converged after  6  iterations.
[1] 4.713147e-16 9.181920e-23 1.395131e-42
Algorithm converged after  8  iterations.
[1] 4.713147e-16 3.550730e-24 3.614776e-24
Algorithm converged after  6  iterations.
[1] 4.713147e-16 3.550730e-24 9.181920e-23
Algorithm converged after  7  iterations.
[1] 4.713147e-16 3.614776e-24 9.181920e-23
Algorithm converged after  7  iterations.
[1] 4.713147e-16 3.550730e-24 2.022555e-34 3.614776e-24
[1] 7.352292e-16 3.707850e-24 1.963561e-34 3.825362e-24
Algorithm converged after  11  iterations.
[1] 4.713147e-16 3.550730e-24 2.022555e-34 9.181920e-23
Algorithm converged after  8  iterations.
[1] 4.713147e-16 3.550730e-24 3.614776e-24 4.521911e-29
[1] 8.269724e-16 3.755953e-24 3.890467e-24 2.572199e-33
Algorithm converged after  11  iterations.
[1] 4.713147e-16 3.550730e-24 9.181920e-23 1.395131e-42
Algorithm converged after  8  iterations.
[1] 4.713147e-16 3.614776e-24 4.521911e-29 9.181920e-23
[1] 1.292579e-15 4.181586e-24 4.426171e-29 1.058824e-22
Algorithm converged after  11  iterations.
[1] 4.713147e-16 3.614776e-24 9.181920e-23 1.395131e-42
Algorithm converged after  8  iterations.
[1] 4.713147e-16 3.550730e-24 3.614776e-24 9.181920e-23
Algorithm converged after  8  iterations.
[1] 4.713147e-16 2.093718e-19
Algorithm converged after  2  iterations.
[1] 4.713147e-16 2.093718e-19 2.851556e-31
Algorithm converged after  5  iterations.
[1] 4.713147e-16 2.093718e-19 5.051841e-29
Algorithm converged after  4  iterations.
[1] 4.713147e-16 2.093718e-19 1.379747e-28
Algorithm converged after  6  iterations.
[1] 4.713147e-16 2.093718e-19 2.851556e-31 1.972039e-34
Algorithm converged after  5  iterations.
[1] 4.713147e-16 2.093718e-19 5.051841e-29 6.019895e-42
[1] 4.693597e-16 2.198655e-19 5.007021e-29 3.584811e-33
[1] 4.156794e-16 2.110001e-19 5.070607e-29 2.839209e-33
[1] 4.174056e-16 2.106747e-19 5.073903e-29 2.794955e-33
[1] 4.144873e-16 2.109527e-19 5.071321e-29 5.294549e-42
[1] 4.127104e-16 1.980201e-19 5.144612e-29 1.067568e-32
[1] 4.482699e-16 2.189814e-19 5.013064e-29 2.888185e-33
[1] 4.176207e-16 2.109139e-19 5.077232e-29 2.782967e-33
[1] 4.180089e-16 2.107607e-19 5.078193e-29 2.785349e-33
Algorithm converged after  84  iterations.
[1] 4.713147e-16 2.093718e-19 1.379747e-28 7.807538e-30
Algorithm converged after  7  iterations.
[1] 4.713147e-16 2.093718e-19 2.851556e-31 5.051841e-29
Algorithm converged after  5  iterations.
[1] 4.713147e-16 2.093718e-19 2.851556e-31 1.379747e-28
Algorithm converged after  6  iterations.
[1] 4.713147e-16 2.093718e-19 5.051841e-29 1.379747e-28
Algorithm converged after  6  iterations.
numeric(0)
Algorithm converged after  1  iterations.
[1] 1.34659e-23
Algorithm converged after  2  iterations.
[1] 2.846205e-25
Algorithm converged after  2  iterations.
[1] 2.171562e-23
Algorithm converged after  2  iterations.
[1] 1.346590e-23 1.755622e-25
Algorithm converged after  2  iterations.
[1] 2.846205e-25 1.795789e-31
Algorithm converged after  2  iterations.
[1] 2.171562e-23 3.919166e-30
Algorithm converged after  2  iterations.
[1] 1.346590e-23 2.846205e-25
Algorithm converged after  2  iterations.
[1] 1.346590e-23 2.171562e-23
Algorithm converged after  2  iterations.
[1] 2.846205e-25 2.171562e-23
Algorithm converged after  2  iterations.
[1] 1.346590e-23 1.755622e-25 2.846205e-25
Algorithm converged after  2  iterations.
[1] 1.346590e-23 1.755622e-25 2.171562e-23
Algorithm converged after  2  iterations.
[1] 1.346590e-23 2.846205e-25 1.795789e-31
Algorithm converged after  2  iterations.
[1] 1.346590e-23 2.171562e-23 3.919166e-30
Algorithm converged after  2  iterations.
[1] 2.846205e-25 1.795789e-31 2.171562e-23
Algorithm converged after  2  iterations.
[1] 2.846205e-25 2.171562e-23 3.919166e-30
Algorithm converged after  2  iterations.
[1] 1.346590e-23 2.846205e-25 2.171562e-23
Algorithm converged after  2  iterations.
[1] 1.346590e-23 1.755622e-25 2.846205e-25 1.795789e-31
Algorithm converged after  2  iterations.
[1] 1.346590e-23 1.755622e-25 2.171562e-23 3.919166e-30
Algorithm converged after  2  iterations.
[1] 2.846205e-25 1.795789e-31 2.171562e-23 3.919166e-30
Algorithm converged after  2  iterations.
[1] 1.346590e-23 1.755622e-25 2.846205e-25 2.171562e-23
Algorithm converged after  2  iterations.
[1] 1.346590e-23 2.846205e-25 1.795789e-31 2.171562e-23
Algorithm converged after  2  iterations.
[1] 1.346590e-23 2.846205e-25 2.171562e-23 3.919166e-30
Algorithm converged after  2  iterations.
[1] 1.727406e-16
Algorithm converged after  2  iterations.
[1] 1.727406e-16 3.165439e-24
Algorithm converged after  6  iterations.
[1] 1.727406e-16 7.868828e-24
Algorithm converged after  5  iterations.
[1] 1.727406e-16 1.432619e-22
Algorithm converged after  9  iterations.
[1] 1.727406e-16 3.165439e-24 1.054988e-32
[1] 2.446784e-16 3.264721e-24 1.024805e-32
[1] 2.586482e-16 3.282140e-24 6.597844e-33
[1] 2.996709e-16 3.331123e-24 6.585449e-33
[1] 2.447775e-16 3.265079e-24 1.027928e-32
[1] 2.448191e-16 3.266001e-24 6.576959e-33
[1] 2.448421e-16 3.266185e-24 6.567443e-33
[1] 2.586328e-16 3.283531e-24 6.596690e-33
[1] 2.457120e-16 3.267746e-24 6.591542e-33
[1] 2.724263e-16 3.300514e-24 4.142740e-35
[1] 2.355742e-16 3.254594e-24 3.778014e-31
[1] 2.444785e-16 3.266728e-24 1.226794e-68
[1] 2.585139e-16 3.284470e-24 1.021310e-32
[1] 2.420047e-16 3.263810e-24 6.586598e-33
[1] 2.586063e-16 3.285049e-24 6.598723e-33
Algorithm converged after  141  iterations.
[1] 1.727406e-16 7.868828e-24 6.176024e-29
Algorithm converged after  7  iterations.
[1] 1.727406e-16 1.432619e-22 1.770109e-65
Algorithm converged after  10  iterations.
[1] 1.727406e-16 3.165439e-24 7.868828e-24
Algorithm converged after  6  iterations.
[1] 1.727406e-16 3.165439e-24 1.432619e-22
Algorithm converged after  8  iterations.
[1] 1.727406e-16 7.868828e-24 1.432619e-22
Algorithm converged after  8  iterations.
[1] 1.727406e-16 3.165439e-24 1.054988e-32 7.868828e-24
[1] 3.474779e-16 3.383822e-24 1.029406e-32 8.457766e-24
Algorithm converged after  19  iterations.
[1] 1.727406e-16 3.165439e-24 1.054988e-32 1.432619e-22
[1] 8.997585e-16 3.862375e-24 8.540480e-33 1.950031e-22
[1] 9.196648e-16 3.876615e-24 6.644644e-33 1.960958e-22
[1] 9.303141e-16 3.884382e-24 6.623489e-33 1.966965e-22
[1] 9.185514e-16 3.875818e-24 4.124946e-31 1.960664e-22
[1] 9.141952e-16 3.872902e-24 6.629365e-33 1.958449e-22
[1] 9.193495e-16 3.876634e-24 4.128203e-31 1.961279e-22
[1] 9.191490e-16 3.876432e-24 6.666652e-33 1.961401e-22
Algorithm converged after  73  iterations.
[1] 1.727406e-16 3.165439e-24 7.868828e-24 6.176024e-29
Algorithm converged after  8  iterations.
