myseed=1700 

Attaching package: ‘pls’

The following object is masked from ‘package:stats’:

    loadings

Loading required package: lattice
Loading required package: ggplot2
Registered S3 methods overwritten by 'ggplot2':
  method         from 
  [.quosures     rlang
  c.quosures     rlang
  print.quosures rlang

Attaching package: ‘caret’

The following object is masked from ‘package:pls’:

    R2

Loading required package: Matrix
Loading required package: foreach
Loaded glmnet 2.0-18

Parsed with column specification:
cols(
  .default = col_double()
)
See spec(...) for full column specifications.
Parsed with column specification:
cols(
  X1 = col_double()
)
Parsed with column specification:
cols(
  X1 = col_double()
)
numeric(0)
Algorithm converged after  1  iterations.
[1] 1.302696e-23
Algorithm converged after  2  iterations.
[1] 1.35957e-25
Algorithm converged after  2  iterations.
[1] 2.216911e-20
Algorithm converged after  2  iterations.
[1] 1.302696e-23 6.055143e-26
Algorithm converged after  2  iterations.
[1] 1.359570e-25 2.202029e-34
Algorithm converged after  2  iterations.
[1] 2.216911e-20 9.484711e-24
Algorithm converged after  2  iterations.
[1] 1.302696e-23 1.359570e-25
Algorithm converged after  2  iterations.
[1] 1.302696e-23 2.216911e-20
Algorithm converged after  2  iterations.
[1] 1.359570e-25 2.216911e-20
Algorithm converged after  2  iterations.
[1] 1.302696e-23 6.055143e-26 1.359570e-25
Algorithm converged after  2  iterations.
[1] 1.302696e-23 6.055143e-26 2.216911e-20
Algorithm converged after  2  iterations.
[1] 1.302696e-23 1.359570e-25 2.202029e-34
Algorithm converged after  2  iterations.
[1] 1.302696e-23 2.216911e-20 9.484711e-24
Algorithm converged after  2  iterations.
[1] 1.359570e-25 2.202029e-34 2.216911e-20
Algorithm converged after  2  iterations.
[1] 1.359570e-25 2.216911e-20 9.484711e-24
Algorithm converged after  2  iterations.
[1] 1.302696e-23 1.359570e-25 2.216911e-20
Algorithm converged after  2  iterations.
[1] 1.302696e-23 6.055143e-26 1.359570e-25 2.202029e-34
Algorithm converged after  2  iterations.
[1] 1.302696e-23 6.055143e-26 2.216911e-20 9.484711e-24
Algorithm converged after  2  iterations.
[1] 1.359570e-25 2.202029e-34 2.216911e-20 9.484711e-24
Algorithm converged after  2  iterations.
[1] 1.302696e-23 6.055143e-26 1.359570e-25 2.216911e-20
Algorithm converged after  2  iterations.
[1] 1.302696e-23 1.359570e-25 2.202029e-34 2.216911e-20
Algorithm converged after  2  iterations.
[1] 1.302696e-23 1.359570e-25 2.216911e-20 9.484711e-24
Algorithm converged after  2  iterations.
[1] 3.546267e-18
Algorithm converged after  2  iterations.
[1] 3.546267e-18 2.653058e-24
Algorithm converged after  6  iterations.
[1] 3.546267e-18 2.537661e-24
Algorithm converged after  6  iterations.
[1] 3.546267e-18 6.713029e-23
Algorithm converged after  9  iterations.
[1] 3.546267e-18 2.653058e-24 1.006872e-34
Algorithm converged after  10  iterations.
[1] 3.546267e-18 2.537661e-24 1.192234e-33
Algorithm converged after  6  iterations.
[1] 3.546267e-18 6.713029e-23 2.507835e-30
Algorithm converged after  9  iterations.
[1] 3.546267e-18 2.653058e-24 2.537661e-24
Algorithm converged after  7  iterations.
[1] 3.546267e-18 2.653058e-24 6.713029e-23
Algorithm converged after  9  iterations.
[1] 3.546267e-18 2.537661e-24 6.713029e-23
Algorithm converged after  9  iterations.
[1] 3.546267e-18 2.653058e-24 1.006872e-34 2.537661e-24
Algorithm converged after  9  iterations.
[1] 3.546267e-18 2.653058e-24 1.006872e-34 6.713029e-23
Algorithm converged after  9  iterations.
[1] 3.546267e-18 2.653058e-24 2.537661e-24 1.192234e-33
Algorithm converged after  7  iterations.
[1] 3.546267e-18 2.653058e-24 6.713029e-23 2.507835e-30
[1] 1.814362e-17 3.399870e-24 8.736314e-23 2.373815e-30
Algorithm converged after  15  iterations.
[1] 3.546267e-18 2.537661e-24 1.192234e-33 6.713029e-23
Algorithm converged after  9  iterations.
[1] 3.546267e-18 2.537661e-24 6.713029e-23 2.507835e-30
[1] 1.534728e-17 3.075760e-24 8.418669e-23 2.375211e-30
[1] 1.784591e-17 3.161896e-24 8.691486e-23 2.441486e-30
[1] 1.818895e-17 3.174573e-24 8.733516e-23 8.205806e-42
[1] 1.763720e-17 3.155413e-24 8.674005e-23 2.440060e-30
[1] 1.805253e-17 3.169131e-24 8.719770e-23 2.440245e-30
[1] 1.775193e-17 3.159708e-24 8.691442e-23 2.439606e-30
[1] 1.901287e-17 3.200980e-24 8.823870e-23 2.414371e-30
[1] 1.828530e-17 3.177898e-24 8.753684e-23 2.441481e-30
[1] 1.813454e-17 3.173090e-24 8.741185e-23 2.439411e-30
[1] 1.820021e-17 3.177257e-24 8.757272e-23 1.588859e-45
[1] 1.536866e-17 3.079295e-24 8.447844e-23 2.376709e-30
[1] 2.044556e-17 3.249826e-24 8.989987e-23 4.448465e-33
[1] 1.803613e-17 3.171215e-24 8.741720e-23 2.440124e-30
[1] 1.815552e-17 3.176853e-24 8.762481e-23 2.455101e-30
[1] 1.780663e-17 3.164319e-24 8.723981e-23 2.440138e-30
[1] 2.016943e-17 3.241308e-24 8.970338e-23 3.467884e-40
[1] 1.814904e-17 3.177916e-24 8.775338e-23 2.449408e-30
Algorithm converged after  176  iterations.
[1] 3.546267e-18 2.653058e-24 2.537661e-24 6.713029e-23
Algorithm converged after  8  iterations.
[1] 3.546267e-18 6.011824e-20
Algorithm converged after  2  iterations.
[1] 3.546267e-18 6.011824e-20 2.343921e-31
Algorithm converged after  10  iterations.
[1] 3.546267e-18 6.011824e-20 2.579610e-29
Algorithm converged after  6  iterations.
[1] 3.546267e-18 6.011824e-20 7.180362e-28
Algorithm converged after  7  iterations.
[1] 3.546267e-18 6.011824e-20 2.343921e-31 1.298354e-34
[1] 3.806577e-20 1.360299e-24 7.164976e-24 8.244415e-44
[1] 3.805893e-20 1.362772e-24 7.156571e-24 1.844361e-39
[1] 3.879842e-20 1.232442e-24 6.827469e-24 9.053624e-36
[1] 3.732466e-20 1.340025e-24 7.020078e-24 1.179541e-34
[1] 3.867888e-20 1.295238e-24 6.993819e-24 3.674031e-52
[1] 3.805493e-20 1.363505e-24 7.153102e-24 1.783944e-39
[1] 3.803086e-20 1.427241e-24 7.333727e-24 9.106466e-36
[1] 3.852237e-20 1.320475e-24 7.025027e-24 8.112239e-34
[1] 3.901572e-20 1.238581e-24 6.883751e-24 1.550350e-47
[1] 3.870459e-20 1.298571e-24 6.999833e-24 1.211826e-44
[1] 3.805921e-20 1.362521e-24 7.156413e-24 1.437054e-34
[1] 3.853334e-20 1.320109e-24 7.022703e-24 9.153431e-36
[1] 3.805044e-20 1.428930e-24 7.360583e-24 9.090789e-36
[1] 3.735434e-20 1.340679e-24 7.022978e-24 3.387948e-45
[1] 3.803845e-20 1.361295e-24 7.154313e-24 1.801483e-39
[1] 4.169084e-20 1.281900e-24 7.219640e-24 2.018858e-50
[1] 3.759858e-20 1.275542e-24 6.870175e-24 9.045702e-36
[1] 3.787211e-20 1.389742e-24 7.217166e-24 9.085884e-36
[1] 3.881958e-20 1.304542e-24 7.005881e-24 1.383699e-35
[1] 3.805787e-20 1.362540e-24 7.155060e-24 7.935029e-44
[1] 3.731414e-20 1.339832e-24 7.006553e-24 9.171863e-36
[1] 4.213957e-20 1.269414e-24 7.209287e-24 2.929874e-54
[1] 4.019647e-20 1.267802e-24 7.044675e-24 1.925683e-39
[1] 3.738255e-20 1.342758e-24 7.031216e-24 4.045132e-49
[1] 3.732223e-20 1.341007e-24 7.009223e-24 1.398022e-35
[1] 3.740320e-20 1.345353e-24 7.037813e-24 1.548364e-54
[1] 3.803836e-20 1.360380e-24 7.154003e-24 1.766157e-39
[1] 3.900997e-20 1.240810e-24 6.884259e-24 1.158867e-34
[1] 3.729736e-20 1.336496e-24 7.009608e-24 9.144666e-36
[1] 3.848927e-20 1.316463e-24 7.027406e-24 2.265753e-51
[1] 3.806298e-20 1.364511e-24 7.154119e-24 3.302217e-55
[1] 3.736126e-20 1.337703e-24 7.033426e-24 1.755426e-47
[1] 3.878718e-20 1.224390e-24 6.811045e-24 9.046965e-36
[1] 3.731127e-20 1.339278e-24 7.006515e-24 1.379352e-35
[1] 3.739072e-20 1.341826e-24 7.040285e-24 9.072505e-36
[1] 3.730116e-20 1.336087e-24 7.008182e-24 8.016550e-44
[1] 3.756878e-20 1.271279e-24 6.856272e-24 9.051460e-36
[1] 3.904055e-20 1.241042e-24 6.911049e-24 8.981537e-36
[1] 3.907931e-20 1.279940e-24 6.973783e-24 6.689518e-49
[1] 3.858185e-20 1.324505e-24 7.043980e-24 9.152525e-36
[1] 3.999298e-20 1.316689e-24 7.147673e-24 5.177891e-34
[1] 3.803815e-20 1.424351e-24 7.372454e-24 1.398696e-35
[1] 3.870044e-20 1.235366e-24 6.833800e-24 1.680388e-47
[1] 3.849294e-20 1.315173e-24 7.020031e-24 3.547536e-56
[1] 3.917591e-20 1.262422e-24 6.926916e-24 9.109484e-36
[1] 3.804756e-20 1.360932e-24 7.147548e-24 1.847181e-39
[1] 3.732566e-20 1.338261e-24 7.012675e-24 1.443252e-34
[1] 3.849226e-20 1.315797e-24 7.025183e-24 1.170598e-34
[1] 4.159130e-20 1.179963e-24 6.898614e-24 9.019033e-36
Algorithm did not converge after  500  iterations.
[1] 3.546267e-18 6.011824e-20 2.579610e-29 5.769764e-34
[1] 3.746209e-20 4.952844e-28 1.204275e-23 8.455900e-51
[1] 3.869101e-20 2.559158e-27 1.292019e-23 8.006143e-30
[1] 3.854068e-20 8.131622e-26 2.083955e-23 5.168319e-33
[1] 3.766165e-20 4.659176e-27 1.436567e-23 2.056725e-48
[1] 3.606703e-20 2.772688e-27 1.199328e-23 5.059542e-34
[1] 3.813955e-20 2.688605e-27 1.349293e-23 6.475200e-52
[1] 3.796991e-20 3.140083e-27 1.247433e-23 1.684590e-50
[1] 3.760172e-20 6.872446e-28 1.139653e-23 1.437981e-33
[1] 3.714474e-20 9.400368e-33 1.157576e-23 4.145052e-34
[1] 3.936506e-20 2.318401e-27 1.500470e-23 2.677962e-29
[1] 3.753240e-20 1.231445e-27 1.162968e-23 7.268836e-34
[1] 3.921359e-20 4.007089e-27 1.491930e-23 1.871659e-29
[1] 3.761559e-20 6.366789e-28 1.300299e-23 4.386759e-34
[1] 4.239063e-20 2.914324e-27 1.289044e-23 3.507394e-50
[1] 3.815721e-20 6.631921e-26 1.841371e-23 8.522504e-31
[1] 3.761777e-20 5.244699e-28 1.236124e-23 7.516408e-40
[1] 3.921620e-20 4.004153e-27 1.494443e-23 1.824181e-29
[1] 3.799576e-20 3.459307e-27 1.307430e-23 1.795567e-33
[1] 3.719319e-20 3.983446e-28 1.166887e-23 2.190235e-47
[1] 3.861282e-20 2.727306e-27 1.473061e-23 4.002253e-33
[1] 3.400588e-20 1.011954e-27 1.136282e-23 1.494563e-45
[1] 3.990654e-20 3.223286e-27 1.307312e-23 1.569718e-34
[1] 3.928400e-20 3.375232e-27 1.366417e-23 9.784598e-30
[1] 3.755981e-20 5.171651e-28 1.233642e-23 5.795210e-47
[1] 3.835083e-20 2.402735e-27 1.317888e-23 8.098947e-30
[1] 3.739661e-20 2.750753e-27 1.243491e-23 4.339249e-34
[1] 3.442477e-20 3.775882e-49 1.550088e-23 4.504151e-34
[1] 3.731876e-20 5.575986e-28 1.277018e-23 1.568537e-33
[1] 3.700171e-20 1.016079e-27 1.179404e-23 2.189712e-41
[1] 3.755616e-20 2.502521e-27 1.308791e-23 8.017961e-30
[1] 3.738818e-20 4.689256e-28 1.205966e-23 1.062306e-44
[1] 3.926637e-20 1.826868e-25 1.471306e-23 2.085697e-45
[1] 3.935775e-20 3.223512e-27 1.269723e-23 1.623353e-34
[1] 3.816542e-20 2.236762e-27 1.304202e-23 8.031015e-30
[1] 3.967454e-20 2.105407e-27 1.312059e-23 7.833752e-30
[1] 3.976159e-20 3.904657e-27 1.319561e-23 9.526322e-34
[1] 3.830259e-20 2.666504e-25 1.398707e-23 1.745634e-33
[1] 3.898747e-20 9.480045e-27 1.933322e-23 2.213046e-32
[1] 3.881690e-20 2.889037e-27 1.262779e-23 3.932038e-34
[1] 3.916217e-20 3.090429e-27 1.880266e-23 2.857323e-32
[1] 3.856446e-20 4.350188e-27 1.363426e-23 4.397128e-30
[1] 3.740904e-20 4.776677e-28 1.239291e-23 1.068921e-44
[1] 3.409577e-20 7.265589e-28 1.130501e-23 4.110490e-34
[1] 4.009294e-20 2.818845e-27 1.280338e-23 1.564181e-34
[1] 3.835461e-20 2.983249e-27 1.276989e-23 3.224451e-30
[1] 3.746764e-20 2.402861e-27 1.309741e-23 7.926431e-30
[1] 3.413114e-20 7.379260e-28 1.138171e-23 4.081237e-34
[1] 3.858290e-20 2.429250e-27 1.323777e-23 7.908729e-30
[1] 3.931805e-20 1.564135e-52 1.249547e-23 4.405375e-34
Algorithm did not converge after  500  iterations.
[1] 3.546267e-18 6.011824e-20 7.180362e-28 4.600506e-30
[1] 3.875231e-20 1.399047e-26 1.260447e-19 9.075227e-34
[1] 4.073958e-20 4.538314e-27 7.546161e-20 5.313554e-28
[1] 3.872357e-20 1.264336e-26 1.284173e-19 2.141774e-31
[1] 4.331250e-20 3.993878e-30 6.939240e-20 5.155217e-28
[1] 3.888188e-20 2.862811e-26 1.156582e-19 1.095632e-29
[1] 4.273915e-20 5.837014e-49 7.099600e-20 3.017560e-30
[1] 3.959856e-20 3.455016e-27 7.201058e-20 5.076738e-28
[1] 3.844376e-20 2.990389e-27 7.043407e-20 5.034898e-28
[1] 4.350937e-20 2.196124e-32 6.604517e-20 3.935736e-30
[1] 3.876182e-20 1.301974e-26 1.290681e-19 2.153050e-39
[1] 4.229087e-20 1.146455e-54 6.929665e-20 2.568927e-30
[1] 3.893262e-20 4.854912e-26 9.350114e-20 2.212180e-30
Algorithm converged after  127  iterations.
[1] 3.546267e-18 6.011824e-20 2.343921e-31 2.579610e-29
Algorithm converged after  9  iterations.
[1] 3.546267e-18 6.011824e-20 2.343921e-31 7.180362e-28
[1] 4.063275e-20 2.791377e-25 3.199992e-24 6.760043e-20
Algorithm converged after  13  iterations.
[1] 3.546267e-18 6.011824e-20 2.579610e-29 7.180362e-28
[1] 4.166962e-20 3.147752e-25 1.403320e-23 7.831137e-20
Algorithm converged after  12  iterations.
numeric(0)
Algorithm converged after  1  iterations.
[1] 2.792953e-23
Algorithm converged after  2  iterations.
[1] 2.103403e-25
Algorithm converged after  2  iterations.
[1] 1.736628e-23
Algorithm converged after  2  iterations.
[1] 2.792953e-23 2.391774e-26
Algorithm converged after  2  iterations.
[1] 2.103403e-25 1.881207e-38
Algorithm converged after  2  iterations.
[1] 1.736628e-23 3.767282e-30
Algorithm converged after  2  iterations.
[1] 2.792953e-23 2.103403e-25
Algorithm converged after  2  iterations.
[1] 2.792953e-23 1.736628e-23
Algorithm converged after  2  iterations.
[1] 2.103403e-25 1.736628e-23
Algorithm converged after  2  iterations.
[1] 2.792953e-23 2.391774e-26 2.103403e-25
Algorithm converged after  2  iterations.
[1] 2.792953e-23 2.391774e-26 1.736628e-23
Algorithm converged after  2  iterations.
[1] 2.792953e-23 2.103403e-25 1.881207e-38
Algorithm converged after  2  iterations.
[1] 2.792953e-23 1.736628e-23 3.767282e-30
Algorithm converged after  2  iterations.
[1] 2.103403e-25 1.881207e-38 1.736628e-23
Algorithm converged after  2  iterations.
[1] 2.103403e-25 1.736628e-23 3.767282e-30
Algorithm converged after  2  iterations.
[1] 2.792953e-23 2.103403e-25 1.736628e-23
Algorithm converged after  2  iterations.
[1] 2.792953e-23 2.391774e-26 2.103403e-25 1.881207e-38
Algorithm converged after  2  iterations.
[1] 2.792953e-23 2.391774e-26 1.736628e-23 3.767282e-30
Algorithm converged after  2  iterations.
[1] 2.103403e-25 1.881207e-38 1.736628e-23 3.767282e-30
Algorithm converged after  2  iterations.
[1] 2.792953e-23 2.391774e-26 2.103403e-25 1.736628e-23
Algorithm converged after  2  iterations.
[1] 2.792953e-23 2.103403e-25 1.881207e-38 1.736628e-23
Algorithm converged after  2  iterations.
[1] 2.792953e-23 2.103403e-25 1.736628e-23 3.767282e-30
Algorithm converged after  2  iterations.
[1] 8.333902e-20
Algorithm converged after  2  iterations.
[1] 8.333902e-20 5.841797e-25
Algorithm converged after  5  iterations.
[1] 8.333902e-20 2.046117e-23
Algorithm converged after  5  iterations.
[1] 8.333902e-20 5.459247e-19
Algorithm converged after  6  iterations.
[1] 8.333902e-20 5.841797e-25 2.145001e-31
Algorithm converged after  8  iterations.
[1] 8.333902e-20 2.046117e-23 4.444798e-33
Algorithm converged after  6  iterations.
[1] 8.333902e-20 5.459247e-19 5.174917e-30
Algorithm converged after  5  iterations.
[1] 8.333902e-20 5.841797e-25 2.046117e-23
Algorithm converged after  6  iterations.
[1] 8.333902e-20 5.841797e-25 5.459247e-19
Algorithm converged after  6  iterations.
[1] 8.333902e-20 2.046117e-23 5.459247e-19
Algorithm converged after  6  iterations.
[1] 8.333902e-20 5.841797e-25 2.145001e-31 2.046117e-23
[1] 8.904352e-20 5.221172e-25 2.152762e-31 2.108387e-23
[1] 8.880250e-20 5.250314e-25 8.246096e-35 2.105632e-23
[1] 8.875393e-20 5.254941e-25 1.675324e-58 2.105183e-23
[1] 8.905607e-20 5.220057e-25 5.507282e-53 2.108482e-23
[1] 8.899314e-20 5.233437e-25 5.893333e-35 2.107693e-23
[1] 8.871966e-20 5.259118e-25 1.245742e-48 2.104767e-23
[1] 8.848988e-20 5.281480e-25 2.151716e-31 2.102341e-23
[1] 8.898822e-20 5.233511e-25 1.147700e-35 2.107671e-23
[1] 8.869494e-20 5.259138e-25 4.691469e-35 2.104556e-23
[1] 9.023731e-20 5.101377e-25 2.669682e-36 2.121079e-23
[1] 8.887994e-20 5.240801e-25 7.679348e-37 2.106562e-23
[1] 8.898401e-20 5.231127e-25 2.152134e-31 2.107563e-23
[1] 8.879373e-20 5.250962e-25 2.152246e-31 2.105597e-23
[1] 8.876651e-20 5.254042e-25 4.473379e-35 2.105277e-23
[1] 8.933549e-20 5.192938e-25 1.501151e-34 2.111425e-23
[1] 8.875875e-20 5.249127e-25 3.120079e-57 2.105320e-23
[1] 8.902501e-20 5.218681e-25 1.361806e-36 2.108228e-23
[1] 8.877304e-20 5.247566e-25 1.245890e-48 2.105474e-23
[1] 8.888146e-20 5.234705e-25 1.387179e-58 2.106728e-23
[1] 8.875850e-20 5.248927e-25 1.285675e-36 2.105363e-23
[1] 8.900886e-20 5.227053e-25 4.301575e-35 2.107941e-23
[1] 8.903279e-20 5.224876e-25 8.847883e-40 2.108180e-23
[1] 8.905305e-20 5.215296e-25 3.042973e-36 2.108557e-23
[1] 8.887119e-20 5.236527e-25 2.151945e-31 2.106563e-23
[1] 8.899891e-20 5.228265e-25 1.254050e-34 2.107831e-23
[1] 8.900067e-20 5.227339e-25 3.643596e-36 2.107899e-23
[1] 8.898610e-20 5.229723e-25 1.573710e-34 2.107686e-23
[1] 8.879772e-20 5.245202e-25 2.151695e-31 2.105726e-23
[1] 8.903449e-20 5.225117e-25 1.095051e-35 2.108188e-23
[1] 8.907670e-20 5.212833e-25 1.005899e-34 2.108830e-23
[1] 8.877431e-20 5.248329e-25 1.964342e-53 2.105451e-23
[1] 8.893598e-20 5.229447e-25 2.152023e-31 2.107251e-23
[1] 8.900346e-20 5.228495e-25 5.966880e-35 2.107850e-23
[1] 8.898838e-20 5.223922e-25 4.068770e-35 2.107802e-23
[1] 8.904593e-20 5.177584e-25 1.119631e-36 2.109298e-23
[1] 8.887307e-20 5.197383e-25 2.997852e-36 2.107393e-23
[1] 8.898383e-20 5.184777e-25 1.334060e-36 2.108618e-23
[1] 8.889094e-20 5.195394e-25 5.450790e-35 2.107596e-23
[1] 8.875885e-20 5.210422e-25 3.097049e-35 2.106146e-23
[1] 8.909525e-20 5.171721e-25 8.841995e-37 2.109871e-23
[1] 8.872115e-20 5.214581e-25 8.711248e-36 2.105741e-23
[1] 8.883161e-20 5.202069e-25 7.807452e-37 2.106957e-23
[1] 8.896887e-20 5.186385e-25 1.086235e-34 2.108475e-23
[1] 8.891175e-20 5.192944e-25 2.612268e-36 2.107846e-23
[1] 8.902517e-20 5.179863e-25 9.900690e-37 2.109105e-23
[1] 8.873663e-20 5.212888e-25 1.056155e-34 2.105920e-23
[1] 8.872649e-20 5.213929e-25 2.598561e-36 2.105814e-23
[1] 8.875761e-20 5.210365e-25 1.184399e-37 2.106160e-23
[1] 8.875159e-20 5.211169e-25 2.954390e-36 2.106091e-23
Algorithm did not converge after  500  iterations.
[1] 8.333902e-20 5.841797e-25 2.145001e-31 5.459247e-19
[1] 8.728103e-20 5.420675e-25 4.422029e-35 5.668002e-19
[1] 8.746518e-20 5.405956e-25 5.229199e-35 5.679767e-19
[1] 8.746518e-20 5.405891e-25 8.989456e-37 5.679663e-19
[1] 8.746143e-20 5.405260e-25 1.627320e-34 5.678250e-19
[1] 8.692138e-20 5.456814e-25 2.394348e-37 5.649453e-19
[1] 8.941796e-20 5.187005e-25 8.910274e-35 5.763285e-19
[1] 8.727609e-20 5.423791e-25 2.148989e-31 5.668922e-19
[1] 8.733713e-20 5.413392e-25 3.042871e-36 5.669630e-19
[1] 8.746156e-20 5.406155e-25 2.620382e-36 5.678852e-19
[1] 8.745654e-20 5.405795e-25 2.312721e-36 5.677042e-19
[1] 8.746088e-20 5.406842e-25 7.664646e-36 5.678967e-19
[1] 8.745602e-20 5.406277e-25 1.401095e-36 5.677425e-19
[1] 8.745003e-20 5.403959e-25 2.149697e-31 5.675553e-19
[1] 8.656070e-20 5.497431e-25 1.510128e-34 5.632260e-19
[1] 8.701307e-20 5.451718e-25 2.148428e-31 5.655909e-19
[1] 8.717691e-20 5.422746e-25 3.821038e-35 5.656787e-19
[1] 8.718087e-20 5.423512e-25 1.341173e-34 5.657476e-19
[1] 8.728269e-20 5.413568e-25 8.978528e-37 5.662670e-19
[1] 8.733105e-20 5.408858e-25 4.922695e-38 5.665100e-19
[1] 8.726209e-20 5.420290e-25 7.574975e-35 5.663657e-19
[1] 8.725875e-20 5.429949e-25 4.122414e-35 5.667877e-19
[1] 8.722104e-20 5.434237e-25 2.309478e-36 5.666312e-19
[1] 8.744749e-20 5.411800e-25 5.831308e-37 5.677808e-19
[1] 8.721360e-20 5.435540e-25 2.733881e-36 5.666089e-19
[1] 8.744434e-20 5.411467e-25 1.401936e-34 5.676862e-19
[1] 8.750009e-20 5.401062e-25 2.150187e-31 5.676763e-19
[1] 8.744221e-20 5.414659e-25 2.148611e-31 5.680193e-19
Algorithm converged after  275  iterations.
[1] 8.333902e-20 5.841797e-25 2.046117e-23 4.444798e-33
Algorithm converged after  6  iterations.
[1] 8.333902e-20 5.841797e-25 5.459247e-19 5.174917e-30
Algorithm converged after  6  iterations.
[1] 8.333902e-20 2.046117e-23 4.444798e-33 5.459247e-19
Algorithm converged after  7  iterations.
[1] 8.333902e-20 2.046117e-23 5.459247e-19 5.174917e-30
Algorithm converged after  6  iterations.
[1] 8.333902e-20 5.841797e-25 2.046117e-23 5.459247e-19
Algorithm converged after  7  iterations.
[1] 8.333902e-20 6.064584e-28
Algorithm converged after  2  iterations.
[1] 8.333902e-20 6.064584e-28 1.430099e-24
[1] 7.861159e-20 3.192354e-41 6.389237e-25
[1] 8.106919e-20 2.054824e-25 4.367331e-25
[1] 8.137606e-20 6.359163e-28 1.170383e-24
[1] 8.103520e-20 1.844902e-25 4.384406e-25
[1] 8.043823e-20 5.881854e-26 4.790179e-25
[1] 8.136997e-20 9.608185e-26 4.593932e-25
[1] 8.134896e-20 6.898405e-28 3.054107e-24
[1] 8.137094e-20 1.061162e-25 4.594345e-25
[1] 8.137766e-20 3.767167e-45 1.394996e-24
[1] 8.137322e-20 2.146880e-25 4.535667e-25
[1] 8.089670e-20 1.813958e-25 4.517864e-25
[1] 8.103659e-20 1.857372e-25 4.513746e-25
[1] 8.135747e-20 3.387930e-25 4.475599e-25
Algorithm converged after  134  iterations.
[1] 8.333902e-20 6.064584e-28 1.399544e-23
Algorithm converged after  7  iterations.
[1] 8.333902e-20 6.064584e-28 3.265917e-19
Algorithm converged after  9  iterations.
[1] 8.333902e-20 6.064584e-28 1.430099e-24 2.678364e-49
[1] 8.302414e-20 5.151051e-41 2.115398e-31 2.514874e-34
[1] 8.363658e-20 4.429746e-26 4.081393e-25 1.542857e-34
[1] 8.198716e-20 1.766028e-23 1.446086e-24 5.628301e-57
[1] 8.476393e-20 2.113293e-23 1.474067e-24 5.571698e-35
[1] 8.136525e-20 5.806142e-53 5.279816e-25 3.974585e-35
Algorithm converged after  60  iterations.
[1] 8.333902e-20 6.064584e-28 1.399544e-23 5.246951e-32
[1] 8.983447e-20 2.527566e-27 1.934090e-23 5.193329e-33
[1] 9.207235e-20 2.828078e-41 2.175870e-23 4.424887e-33
[1] 9.201137e-20 1.559144e-26 2.588536e-23 9.512444e-32
[1] 9.200602e-20 1.559006e-26 2.589450e-23 9.568315e-32
Algorithm converged after  41  iterations.
[1] 8.333902e-20 6.064584e-28 3.265917e-19 8.686074e-33
[1] 8.462065e-20 1.507996e-25 8.134230e-19 5.889707e-30
Algorithm converged after  15  iterations.
[1] 8.333902e-20 6.064584e-28 1.430099e-24 1.399544e-23
Algorithm converged after  6  iterations.
[1] 8.333902e-20 6.064584e-28 1.430099e-24 3.265917e-19
Algorithm converged after  10  iterations.
[1] 8.333902e-20 6.064584e-28 1.399544e-23 3.265917e-19
Algorithm converged after  9  iterations.
numeric(0)
Algorithm converged after  1  iterations.
[1] 3.028735e-23
Algorithm converged after  2  iterations.
[1] 5.687973e-24
Algorithm converged after  2  iterations.
[1] 1.266794e-19
Algorithm converged after  2  iterations.
[1] 3.028735e-23 8.716398e-26
Algorithm converged after  2  iterations.
[1] 5.687973e-24 2.031785e-25
Algorithm converged after  2  iterations.
[1] 1.266794e-19 3.013748e-23
Algorithm converged after  2  iterations.
[1] 3.028735e-23 5.687973e-24
Algorithm converged after  2  iterations.
[1] 3.028735e-23 1.266794e-19
Algorithm converged after  2  iterations.
[1] 5.687973e-24 1.266794e-19
Algorithm converged after  2  iterations.
[1] 3.028735e-23 8.716398e-26 5.687973e-24
Algorithm converged after  2  iterations.
[1] 3.028735e-23 8.716398e-26 1.266794e-19
Algorithm converged after  2  iterations.
[1] 3.028735e-23 5.687973e-24 2.031785e-25
Algorithm converged after  2  iterations.
[1] 3.028735e-23 1.266794e-19 3.013748e-23
Algorithm converged after  2  iterations.
[1] 5.687973e-24 2.031785e-25 1.266794e-19
Algorithm converged after  2  iterations.
[1] 5.687973e-24 1.266794e-19 3.013748e-23
Algorithm converged after  2  iterations.
[1] 3.028735e-23 5.687973e-24 1.266794e-19
Algorithm converged after  2  iterations.
[1] 3.028735e-23 8.716398e-26 5.687973e-24 2.031785e-25
Algorithm converged after  2  iterations.
[1] 3.028735e-23 8.716398e-26 1.266794e-19 3.013748e-23
Algorithm converged after  2  iterations.
[1] 5.687973e-24 2.031785e-25 1.266794e-19 3.013748e-23
Algorithm converged after  2  iterations.
[1] 3.028735e-23 8.716398e-26 5.687973e-24 1.266794e-19
Algorithm converged after  2  iterations.
[1] 3.028735e-23 5.687973e-24 2.031785e-25 1.266794e-19
Algorithm converged after  2  iterations.
[1] 3.028735e-23 5.687973e-24 1.266794e-19 3.013748e-23
Algorithm converged after  2  iterations.
[1] 1.174076e-19
Algorithm converged after  2  iterations.
[1] 1.174076e-19 1.670149e-24
Algorithm converged after  5  iterations.
[1] 1.174076e-19 3.677735e-24
Algorithm converged after  5  iterations.
[1] 1.174076e-19 3.590346e-20
Algorithm converged after  5  iterations.
[1] 1.174076e-19 1.670149e-24 2.065352e-31
Algorithm converged after  5  iterations.
[1] 1.174076e-19 3.677735e-24 4.238249e-29
[1] 1.174852e-19 3.681412e-24 3.922722e-34
[1] 1.231808e-19 3.776454e-24 2.980493e-44
[1] 1.227551e-19 3.772413e-24 3.922841e-34
[1] 1.226945e-19 3.766547e-24 1.659401e-48
[1] 1.229131e-19 3.772767e-24 3.916735e-34
[1] 1.238465e-19 3.788300e-24 4.479614e-44
[1] 1.231135e-19 3.776016e-24 3.916542e-34
[1] 1.226644e-19 3.771204e-24 3.919747e-34
[1] 1.227093e-19 3.771387e-24 5.231020e-48
[1] 1.289272e-19 3.870200e-24 6.939811e-31
[1] 1.175027e-19 3.681310e-24 4.220130e-29
[1] 1.239214e-19 3.789379e-24 3.915814e-34
[1] 1.231331e-19 3.774090e-24 3.922078e-34
[1] 1.290785e-19 3.872578e-24 7.184304e-52
[1] 1.218977e-19 3.751694e-24 2.102827e-45
[1] 1.226360e-19 3.769500e-24 6.952772e-31
[1] 1.228017e-19 3.773490e-24 3.917368e-34
[1] 1.238661e-19 3.788268e-24 1.849901e-44
[1] 1.174790e-19 3.680871e-24 3.922795e-34
[1] 1.226607e-19 3.770838e-24 7.803490e-59
[1] 1.229464e-19 3.772917e-24 3.916695e-34
[1] 1.227838e-19 3.769893e-24 3.917482e-34
[1] 1.228011e-19 3.773271e-24 7.565273e-34
[1] 1.219662e-19 3.760076e-24 1.074914e-44
[1] 1.217588e-19 3.749325e-24 5.103560e-48
[1] 1.243683e-19 3.796100e-24 3.916475e-34
[1] 1.175004e-19 3.680811e-24 3.923019e-34
[1] 1.225361e-19 3.765539e-24 5.159557e-48
[1] 1.227892e-19 3.772906e-24 3.917881e-34
[1] 1.226323e-19 3.769113e-24 3.927582e-34
Algorithm converged after  307  iterations.
[1] 1.174076e-19 3.590346e-20 2.434611e-30
Algorithm converged after  6  iterations.
[1] 1.174076e-19 1.670149e-24 3.677735e-24
Algorithm converged after  6  iterations.
[1] 1.174076e-19 1.670149e-24 3.590346e-20
Algorithm converged after  6  iterations.
[1] 1.174076e-19 3.677735e-24 3.590346e-20
Algorithm converged after  6  iterations.
[1] 1.174076e-19 1.670149e-24 2.065352e-31 3.677735e-24
Algorithm converged after  6  iterations.
[1] 1.174076e-19 1.670149e-24 2.065352e-31 3.590346e-20
Algorithm converged after  6  iterations.
[1] 1.174076e-19 1.670149e-24 3.677735e-24 4.238249e-29
[1] 1.268695e-19 1.862204e-24 3.839101e-24 4.113699e-29
[1] 1.261789e-19 1.856709e-24 3.831975e-24 1.364198e-55
[1] 1.263061e-19 1.860161e-24 3.835170e-24 1.292942e-50
[1] 1.262060e-19 1.857563e-24 3.832782e-24 3.918926e-34
[1] 1.262287e-19 1.857891e-24 3.833114e-24 8.792343e-51
[1] 1.261722e-19 1.856368e-24 3.831735e-24 3.922042e-34
[1] 1.253053e-19 1.835590e-24 3.816722e-24 5.174712e-52
[1] 1.207855e-19 1.746752e-24 3.739098e-24 3.922324e-34
[1] 1.262237e-19 1.857559e-24 3.832867e-24 3.919359e-34
[1] 1.260974e-19 1.854297e-24 3.829865e-24 3.588395e-44
[1] 1.193493e-19 1.726856e-24 3.719374e-24 1.663725e-48
[1] 1.267019e-19 1.860221e-24 3.837137e-24 1.520780e-63
[1] 1.263569e-19 1.851603e-24 3.830253e-24 3.921593e-34
[1] 1.252491e-19 1.827995e-24 3.810590e-24 2.566715e-48
[1] 1.261575e-19 1.850224e-24 3.828455e-24 3.918929e-34
[1] 1.261961e-19 1.856311e-24 3.831889e-24 2.714000e-49
[1] 1.266381e-19 1.858583e-24 3.835848e-24 1.542317e-33
[1] 1.266217e-19 1.858232e-24 3.835539e-24 3.919657e-34
[1] 1.261731e-19 1.855603e-24 3.831264e-24 3.922880e-34
[1] 1.262182e-19 1.856415e-24 3.831989e-24 3.724996e-49
[1] 1.289701e-19 1.905492e-24 3.875212e-24 1.002659e-48
[1] 1.260267e-19 1.852854e-24 3.829014e-24 1.692183e-66
[1] 1.261940e-19 1.855809e-24 3.831610e-24 3.921246e-34
[1] 1.262082e-19 1.856202e-24 3.831979e-24 3.628752e-44
[1] 1.260460e-19 1.843940e-24 3.824104e-24 1.146105e-49
[1] 1.276656e-19 1.884655e-24 3.856873e-24 4.065048e-29
[1] 1.255217e-19 1.841559e-24 3.820752e-24 7.059977e-31
[1] 1.231249e-19 1.790786e-24 3.777594e-24 3.921303e-34
[1] 1.286619e-19 1.897516e-24 3.868948e-24 3.918517e-34
[1] 1.262577e-19 1.857303e-24 3.832787e-24 3.920988e-34
[1] 1.301451e-19 1.926504e-24 3.893333e-24 1.267254e-49
[1] 1.262314e-19 1.857107e-24 3.832663e-24 6.168031e-65
[1] 1.247870e-19 1.819511e-24 3.803158e-24 3.643022e-44
[1] 1.261360e-19 1.854594e-24 3.830410e-24 4.072385e-29
[1] 1.262213e-19 1.856683e-24 3.832332e-24 1.121480e-64
[1] 1.253416e-19 1.839608e-24 3.818426e-24 1.043451e-44
[1] 1.261417e-19 1.854781e-24 3.830561e-24 2.933837e-44
[1] 1.262203e-19 1.856649e-24 3.832291e-24 4.336503e-44
[1] 1.266764e-19 1.857413e-24 3.835267e-24 7.024120e-31
[1] 1.303094e-19 1.928045e-24 3.895000e-24 5.858407e-34
[1] 1.276740e-19 1.886990e-24 3.857350e-24 3.912834e-34
[1] 1.249373e-19 1.821793e-24 3.805256e-24 2.411693e-50
[1] 1.278579e-19 1.887641e-24 3.859767e-24 1.247484e-63
[1] 1.280908e-19 1.886596e-24 3.859650e-24 7.279551e-54
[1] 1.322776e-19 1.973957e-24 3.931556e-24 3.912531e-34
[1] 1.262617e-19 1.856514e-24 3.832381e-24 3.921118e-34
[1] 1.254233e-19 1.834452e-24 3.816917e-24 1.606133e-55
[1] 1.262309e-19 1.855985e-24 3.831962e-24 2.495174e-48
[1] 1.310696e-19 1.942795e-24 3.907381e-24 1.974829e-45
Algorithm did not converge after  500  iterations.
[1] 1.174076e-19 1.670149e-24 3.590346e-20 2.434611e-30
Algorithm converged after  9  iterations.
[1] 1.174076e-19 3.677735e-24 4.238249e-29 3.590346e-20
[1] 1.281312e-19 3.862185e-24 3.911440e-34 4.039733e-20
[1] 1.265184e-19 3.834436e-24 1.989991e-45 3.976763e-20
[1] 1.300645e-19 3.891031e-24 3.918770e-34 4.123754e-20
[1] 1.215178e-19 3.748223e-24 2.606372e-45 3.772119e-20
[1] 1.215231e-19 3.748332e-24 2.544241e-48 3.772129e-20
[1] 1.265033e-19 3.833962e-24 5.177487e-48 3.976912e-20
[1] 1.305646e-19 3.899101e-24 3.918853e-34 4.144368e-20
[1] 1.267546e-19 3.838275e-24 2.110103e-45 3.986863e-20
[1] 1.280785e-19 3.861437e-24 3.913436e-34 4.037884e-20
[1] 1.267562e-19 3.838246e-24 3.797795e-44 3.987187e-20
[1] 1.266822e-19 3.837880e-24 2.112113e-45 3.979923e-20
[1] 1.267166e-19 3.838464e-24 3.913289e-34 3.981081e-20
[1] 1.265468e-19 3.834859e-24 1.688455e-33 3.977595e-20
[1] 1.264290e-19 3.829195e-24 4.175025e-29 3.974514e-20
[1] 1.277022e-19 3.852169e-24 2.954056e-44 4.024837e-20
[1] 1.266828e-19 3.837104e-24 6.970020e-31 3.983329e-20
[1] 1.277398e-19 3.852851e-24 2.406915e-50 4.026075e-20
[1] 1.237568e-19 3.785737e-24 3.576006e-44 3.862983e-20
[1] 1.284032e-19 3.862578e-24 8.958236e-66 4.055188e-20
[1] 1.329652e-19 3.941509e-24 4.759171e-50 4.242073e-20
[1] 1.264851e-19 3.831602e-24 6.677376e-52 3.974919e-20
[1] 1.197492e-19 3.721620e-24 3.920334e-34 3.696600e-20
[1] 1.262170e-19 3.825485e-24 3.589630e-44 3.965860e-20
[1] 1.258499e-19 3.818968e-24 3.928636e-34 3.950197e-20
[1] 1.238278e-19 3.787001e-24 2.560437e-48 3.864685e-20
[1] 1.281846e-19 3.863123e-24 3.910972e-34 4.040094e-20
[1] 1.265102e-19 3.834056e-24 3.924988e-34 3.975868e-20
[1] 1.265527e-19 3.835012e-24 4.129760e-29 3.976353e-20
[1] 1.265251e-19 3.834326e-24 3.924874e-34 3.976223e-20
[1] 1.255901e-19 3.817371e-24 3.919788e-34 3.935803e-20
[1] 1.260205e-19 3.822333e-24 6.878303e-31 3.956651e-20
[1] 1.265822e-19 3.835537e-24 3.920398e-34 3.977377e-20
Algorithm converged after  324  iterations.
[1] 1.174076e-19 3.677735e-24 3.590346e-20 2.434611e-30
Algorithm converged after  6  iterations.
[1] 1.174076e-19 1.670149e-24 3.677735e-24 3.590346e-20
Algorithm converged after  6  iterations.
[1] 1.174076e-19 2.252599e-31
Algorithm converged after  2  iterations.
[1] 1.174076e-19 2.252599e-31 1.739056e-24
[1] 1.205790e-19 3.196717e-27 1.566865e-24
Algorithm converged after  14  iterations.
[1] 1.174076e-19 2.252599e-31 4.171673e-24
[1] 1.239262e-19 9.323416e-61 3.790470e-24
[1] 1.237186e-19 6.669522e-25 4.432946e-24
[1] 1.241245e-19 5.590517e-29 3.758693e-24
[1] 1.239343e-19 6.609080e-25 4.431213e-24
[1] 1.241878e-19 6.060624e-25 4.338000e-24
[1] 1.242192e-19 6.082369e-25 4.359834e-24
Algorithm converged after  64  iterations.
[1] 1.174076e-19 2.252599e-31 4.309071e-20
[1] 1.272520e-19 1.138857e-26 2.848889e-19
Algorithm converged after  19  iterations.
[1] 1.174076e-19 2.252599e-31 1.739056e-24 6.004683e-35
[1] 1.157298e-19 2.381766e-27 6.426148e-24 2.130484e-31
[1] 1.231558e-19 2.584521e-27 4.620281e-24 2.361921e-62
[1] 1.173248e-19 1.517395e-27 5.656766e-24 2.114762e-31
[1] 1.189912e-19 2.610780e-25 4.446149e-24 8.192039e-36
[1] 1.188683e-19 3.811184e-27 3.580844e-24 5.880596e-33
[1] 1.231338e-19 4.496141e-27 6.715933e-24 4.098490e-50
[1] 1.156695e-19 2.373290e-27 6.435901e-24 2.172296e-31
[1] 1.224973e-19 4.787214e-27 1.919275e-24 1.552347e-44
[1] 1.226896e-19 3.025425e-27 6.393382e-24 2.252829e-31
[1] 1.158910e-19 1.943832e-27 6.198084e-24 2.090989e-31
[1] 1.220365e-19 5.963351e-27 3.650174e-24 6.352189e-33
[1] 1.208106e-19 3.502881e-27 1.554163e-24 3.051201e-38
[1] 1.213888e-19 2.906255e-27 1.505045e-24 2.893065e-33
[1] 1.212764e-19 9.029868e-30 1.942105e-24 9.734110e-45
[1] 1.178981e-19 1.614727e-27 5.638822e-24 2.191043e-31
[1] 1.189082e-19 1.795179e-24 5.938891e-24 4.302810e-35
[1] 1.286835e-19 6.372392e-27 1.565055e-24 2.736327e-33
[1] 1.220498e-19 3.623611e-27 5.527364e-24 3.321507e-61
[1] 1.221594e-19 6.127095e-27 3.590147e-24 7.607412e-33
[1] 1.203691e-19 6.467677e-27 2.593172e-24 4.334703e-34
Algorithm converged after  203  iterations.
[1] 1.174076e-19 2.252599e-31 4.171673e-24 3.098459e-34
[1] 1.248872e-19 3.535338e-26 5.733773e-24 4.321817e-34
[1] 1.138974e-19 1.819366e-27 3.610709e-24 4.480710e-33
[1] 1.247940e-19 5.615222e-25 4.379132e-24 3.866026e-34
[1] 1.262003e-19 2.393543e-25 5.614397e-24 5.312334e-50
[1] 1.164858e-19 7.498554e-25 4.240560e-24 3.076170e-34
Algorithm converged after  55  iterations.
[1] 1.174076e-19 2.252599e-31 4.309071e-20 2.312845e-30
[1] 1.160283e-19 4.929938e-27 2.426054e-19 1.386835e-32
Algorithm converged after  14  iterations.
[1] 1.174076e-19 2.252599e-31 1.739056e-24 4.171673e-24
[1] 1.273030e-19 8.195984e-25 5.735335e-24 4.692758e-24
[1] 1.277436e-19 2.566113e-27 1.691614e-24 3.872514e-24
[1] 1.272399e-19 1.916706e-27 3.502597e-24 4.317767e-24
[1] 1.274928e-19 3.515620e-27 3.806143e-24 4.464636e-24
[1] 1.272242e-19 3.452773e-29 2.165784e-24 3.866536e-24
[1] 1.272430e-19 3.941374e-28 2.729843e-24 4.291083e-24
[1] 1.286955e-19 4.272916e-27 2.003966e-24 3.930952e-24
[1] 1.272938e-19 2.510889e-27 3.623317e-24 4.299141e-24
[1] 1.272581e-19 1.920649e-27 3.516578e-24 4.323805e-24
[1] 1.274453e-19 2.493875e-27 1.702460e-24 3.873886e-24
[1] 1.272480e-19 2.535020e-27 1.710452e-24 3.878569e-24
[1] 1.272849e-19 2.639194e-27 1.730734e-24 3.888343e-24
[1] 1.287024e-19 3.475521e-27 1.814672e-24 3.908681e-24
[1] 1.273064e-19 2.439210e-27 3.628945e-24 4.313064e-24
[1] 1.287681e-19 4.043652e-27 1.927560e-24 3.930160e-24
[1] 1.288515e-19 2.582647e-27 1.725384e-24 3.919843e-24
[1] 1.272612e-19 3.963679e-28 2.749107e-24 4.294750e-24
[1] 1.274732e-19 2.494516e-27 1.707285e-24 3.878758e-24
[1] 1.272913e-19 1.560579e-27 3.388438e-24 4.336411e-24
[1] 1.274511e-19 2.347508e-27 1.668282e-24 3.863740e-24
[1] 1.272432e-19 3.500199e-29 2.177573e-24 3.872858e-24
[1] 1.300458e-19 6.883667e-30 2.046916e-24 4.059524e-24
[1] 1.288137e-19 3.065930e-27 1.732555e-24 3.858452e-24
[1] 1.288157e-19 3.065715e-27 1.733102e-24 3.858829e-24
[1] 1.288180e-19 3.065737e-27 1.733714e-24 3.859261e-24
[1] 1.288203e-19 3.065761e-27 1.734333e-24 3.859695e-24
[1] 1.288226e-19 3.065783e-27 1.734956e-24 3.860132e-24
[1] 1.288249e-19 3.065805e-27 1.735584e-24 3.860571e-24
[1] 1.288273e-19 3.065828e-27 1.736216e-24 3.861012e-24
[1] 1.288296e-19 3.065858e-27 1.736853e-24 3.861455e-24
[1] 1.288319e-19 3.065861e-27 1.737488e-24 3.861897e-24
[1] 1.288343e-19 3.065879e-27 1.738128e-24 3.862342e-24
[1] 1.288367e-19 3.065897e-27 1.738772e-24 3.862788e-24
[1] 1.288390e-19 3.065919e-27 1.739419e-24 3.863236e-24
[1] 1.288414e-19 3.065929e-27 1.740065e-24 3.863684e-24
[1] 1.294899e-19 2.852312e-27 1.760563e-24 3.930171e-24
[1] 1.275785e-19 6.183920e-30 2.658757e-24 3.834444e-24
[1] 1.272999e-19 4.015382e-28 2.793490e-24 4.306630e-24
[1] 1.288362e-19 3.061103e-27 1.742346e-24 3.861657e-24
[1] 1.274191e-19 3.849256e-27 1.916873e-24 3.894882e-24
[1] 1.282883e-19 4.304573e-42 2.134864e-24 3.928289e-24
[1] 1.274992e-19 4.142887e-27 2.009644e-24 3.920359e-24
[1] 1.275351e-19 8.859109e-25 5.586028e-24 4.702546e-24
[1] 1.272927e-19 2.148368e-30 2.810161e-24 3.932457e-24
[1] 1.298600e-19 2.712752e-27 1.760167e-24 3.958316e-24
[1] 1.276931e-19 4.750203e-27 2.222730e-24 4.001489e-24
Algorithm converged after  465  iterations.
[1] 1.174076e-19 2.252599e-31 1.739056e-24 4.309071e-20
[1] 1.244253e-19 3.376176e-28 1.463522e-24 4.484329e-20
Algorithm converged after  14  iterations.
[1] 1.174076e-19 2.252599e-31 4.171673e-24 4.309071e-20
Algorithm converged after  8  iterations.
numeric(0)
Algorithm converged after  1  iterations.
[1] 1.003417e-23
Algorithm converged after  2  iterations.
[1] 2.178183e-23
Algorithm converged after  2  iterations.
[1] 4.102094e-20
Algorithm converged after  2  iterations.
[1] 1.003417e-23 5.016214e-27
Algorithm converged after  2  iterations.
[1] 2.178183e-23 3.060203e-26
Algorithm converged after  2  iterations.
[1] 4.102094e-20 3.042217e-23
Algorithm converged after  2  iterations.
[1] 1.003417e-23 2.178183e-23
Algorithm converged after  2  iterations.
[1] 1.003417e-23 4.102094e-20
Algorithm converged after  2  iterations.
[1] 2.178183e-23 4.102094e-20
Algorithm converged after  2  iterations.
[1] 1.003417e-23 5.016214e-27 2.178183e-23
Algorithm converged after  2  iterations.
[1] 1.003417e-23 5.016214e-27 4.102094e-20
Algorithm converged after  2  iterations.
[1] 1.003417e-23 2.178183e-23 3.060203e-26
Algorithm converged after  2  iterations.
[1] 1.003417e-23 4.102094e-20 3.042217e-23
Algorithm converged after  2  iterations.
[1] 2.178183e-23 3.060203e-26 4.102094e-20
Algorithm converged after  2  iterations.
[1] 2.178183e-23 4.102094e-20 3.042217e-23
Algorithm converged after  2  iterations.
[1] 1.003417e-23 2.178183e-23 4.102094e-20
Algorithm converged after  2  iterations.
[1] 1.003417e-23 5.016214e-27 2.178183e-23 3.060203e-26
Algorithm converged after  2  iterations.
[1] 1.003417e-23 5.016214e-27 4.102094e-20 3.042217e-23
Algorithm converged after  2  iterations.
[1] 2.178183e-23 3.060203e-26 4.102094e-20 3.042217e-23
Algorithm converged after  2  iterations.
[1] 1.003417e-23 5.016214e-27 2.178183e-23 4.102094e-20
Algorithm converged after  2  iterations.
[1] 1.003417e-23 2.178183e-23 3.060203e-26 4.102094e-20
Algorithm converged after  2  iterations.
[1] 1.003417e-23 2.178183e-23 4.102094e-20 3.042217e-23
Algorithm converged after  2  iterations.
[1] 2.758616e-17
Algorithm converged after  2  iterations.
[1] 2.758616e-17 7.620016e-27
Algorithm converged after  5  iterations.
[1] 2.758616e-17 3.942407e-26
Algorithm converged after  5  iterations.
[1] 2.758616e-17 1.274612e-21
Algorithm converged after  10  iterations.
[1] 2.758616e-17 7.620016e-27 2.257067e-52
[1] 2.136891e-17 7.703440e-27 2.023804e-68
[1] 2.568693e-17 7.646088e-27 9.829025e-36
[1] 2.401254e-17 7.668647e-27 1.300857e-49
[1] 2.139374e-17 7.705225e-27 9.238842e-36
[1] 2.399775e-17 7.670123e-27 5.739134e-49
[1] 2.545029e-17 7.650984e-27 9.213768e-36
[1] 2.139416e-17 7.706624e-27 9.238961e-36
[1] 2.416679e-17 7.669017e-27 9.804830e-36
Algorithm converged after  81  iterations.
[1] 2.758616e-17 3.942407e-26 1.089406e-41
Algorithm converged after  9  iterations.
[1] 2.758616e-17 1.274612e-21 3.291897e-30
Algorithm converged after  10  iterations.
[1] 2.758616e-17 7.620016e-27 3.942407e-26
Algorithm converged after  5  iterations.
[1] 2.758616e-17 7.620016e-27 1.274612e-21
Algorithm converged after  10  iterations.
[1] 2.758616e-17 3.942407e-26 1.274612e-21
Algorithm converged after  10  iterations.
[1] 2.758616e-17 7.620016e-27 2.257067e-52 3.942407e-26
[1] 1.781938e-17 7.755546e-27 7.186514e-47 3.992985e-26
[1] 2.027077e-17 7.719424e-27 2.305972e-36 3.979291e-26
[1] 2.156097e-17 7.701295e-27 4.699693e-37 3.972655e-26
[1] 2.202592e-17 7.695610e-27 9.297089e-36 3.970247e-26
[1] 1.781543e-17 7.757645e-27 9.236421e-36 3.993652e-26
[1] 2.147344e-17 7.704339e-27 1.123493e-33 3.973770e-26
Algorithm converged after  64  iterations.
[1] 2.758616e-17 7.620016e-27 2.257067e-52 1.274612e-21
[1] 8.640668e-17 7.106114e-27 1.317607e-33 1.781796e-21
Algorithm converged after  11  iterations.
