myseed=2234 

Attaching package: ‘pls’

The following object is masked from ‘package:stats’:

    loadings

Loading required package: lattice
Loading required package: ggplot2
Registered S3 methods overwritten by 'ggplot2':
  method         from 
  [.quosures     rlang
  c.quosures     rlang
  print.quosures rlang

Attaching package: ‘caret’

The following object is masked from ‘package:pls’:

    R2

Loading required package: Matrix
Loading required package: foreach
Loaded glmnet 2.0-18

Parsed with column specification:
cols(
  .default = col_double()
)
See spec(...) for full column specifications.
Parsed with column specification:
cols(
  X1 = col_double()
)
Parsed with column specification:
cols(
  X1 = col_double()
)
numeric(0)
Algorithm converged after  1  iterations.
[1] 8.113376e-23
Algorithm converged after  2  iterations.
[1] 8.982968e-24
Algorithm converged after  2  iterations.
[1] 6.444466e-18
Algorithm converged after  2  iterations.
[1] 8.113376e-23 7.502275e-26
Algorithm converged after  2  iterations.
[1] 8.982968e-24 1.666196e-26
Algorithm converged after  2  iterations.
[1] 6.444466e-18 2.554528e-23
Algorithm converged after  2  iterations.
[1] 8.113376e-23 8.982968e-24
Algorithm converged after  2  iterations.
[1] 8.113376e-23 6.444466e-18
Algorithm converged after  2  iterations.
[1] 8.982968e-24 6.444466e-18
Algorithm converged after  2  iterations.
[1] 8.113376e-23 7.502275e-26 8.982968e-24
Algorithm converged after  2  iterations.
[1] 8.113376e-23 7.502275e-26 6.444466e-18
Algorithm converged after  2  iterations.
[1] 8.113376e-23 8.982968e-24 1.666196e-26
Algorithm converged after  2  iterations.
[1] 8.113376e-23 6.444466e-18 2.554528e-23
Algorithm converged after  2  iterations.
[1] 8.982968e-24 1.666196e-26 6.444466e-18
Algorithm converged after  2  iterations.
[1] 8.982968e-24 6.444466e-18 2.554528e-23
Algorithm converged after  2  iterations.
[1] 8.113376e-23 8.982968e-24 6.444466e-18
Algorithm converged after  2  iterations.
[1] 8.113376e-23 7.502275e-26 8.982968e-24 1.666196e-26
Algorithm converged after  2  iterations.
[1] 8.113376e-23 7.502275e-26 6.444466e-18 2.554528e-23
Algorithm converged after  2  iterations.
[1] 8.982968e-24 1.666196e-26 6.444466e-18 2.554528e-23
Algorithm converged after  2  iterations.
[1] 8.113376e-23 7.502275e-26 8.982968e-24 6.444466e-18
Algorithm converged after  2  iterations.
[1] 8.113376e-23 8.982968e-24 1.666196e-26 6.444466e-18
Algorithm converged after  2  iterations.
[1] 8.113376e-23 8.982968e-24 6.444466e-18 2.554528e-23
Algorithm converged after  2  iterations.
[1] 1.754125e-16
Algorithm converged after  2  iterations.
[1] 1.754125e-16 3.847481e-24
Algorithm converged after  6  iterations.
[1] 1.754125e-16 3.739334e-24
Algorithm converged after  6  iterations.
[1] 1.754125e-16 8.818271e-23
Algorithm converged after  7  iterations.
[1] 1.754125e-16 3.847481e-24 7.237660e-35
[1] 3.410585e-16 4.107538e-24 1.152797e-31
[1] 3.410985e-16 4.107858e-24 1.151402e-31
[1] 3.093350e-16 4.064665e-24 1.154019e-31
[1] 3.095136e-16 4.065150e-24 6.738521e-49
[1] 3.245854e-16 4.087223e-24 1.579634e-46
[1] 3.671985e-16 4.145792e-24 2.784327e-54
[1] 3.672806e-16 4.146370e-24 6.573251e-35
[1] 2.977673e-16 4.051703e-24 1.158526e-31
[1] 3.053494e-16 4.062823e-24 3.933697e-52
[1] 3.395316e-16 4.112003e-24 5.438158e-48
[1] 3.519941e-16 4.129225e-24 1.156050e-31
[1] 3.665931e-16 4.149335e-24 5.707718e-47
[1] 3.389113e-16 4.111670e-24 1.152443e-31
[1] 3.390848e-16 4.112790e-24 8.556318e-65
[1] 3.370157e-16 4.110588e-24 1.863552e-68
[1] 3.664258e-16 4.151751e-24 1.768659e-49
[1] 3.670069e-16 4.152957e-24 9.463372e-47
[1] 3.271628e-16 4.099125e-24 7.854435e-50
[1] 3.677049e-16 4.154733e-24 3.222818e-48
[1] 3.403230e-16 4.117366e-24 1.152298e-31
Algorithm converged after  206  iterations.
[1] 1.754125e-16 3.739334e-24 4.832468e-33
[1] 2.598197e-16 3.900820e-24 1.593008e-36
Algorithm converged after  16  iterations.
[1] 1.754125e-16 8.818271e-23 6.070779e-30
[1] 5.961483e-16 1.082664e-22 7.060191e-32
[1] 5.862992e-16 1.078859e-22 6.958437e-32
[1] 5.969982e-16 1.083007e-22 6.943756e-32
[1] 5.931438e-16 1.081550e-22 6.497141e-32
[1] 5.969474e-16 1.083003e-22 6.405647e-32
[1] 5.970633e-16 1.083049e-22 6.758633e-32
[1] 5.920591e-16 1.081147e-22 6.156661e-32
[1] 5.936960e-16 1.081757e-22 6.927202e-32
[1] 5.931038e-16 1.081563e-22 6.960414e-32
[1] 5.896438e-16 1.080206e-22 6.836527e-32
[1] 5.851765e-16 1.078549e-22 5.027486e-32
[1] 5.914300e-16 1.080973e-22 4.703158e-32
[1] 5.837962e-16 1.077989e-22 6.618495e-32
[1] 5.947083e-16 1.082255e-22 6.483061e-32
[1] 5.859986e-16 1.078927e-22 4.787588e-32
[1] 5.827522e-16 1.077644e-22 6.277997e-32
[1] 5.910082e-16 1.080868e-22 6.777844e-32
[1] 5.902785e-16 1.080595e-22 6.931152e-32
[1] 5.877849e-16 1.079687e-22 6.747818e-32
[1] 5.948900e-16 1.082404e-22 6.564765e-32
[1] 5.884317e-16 1.079957e-22 6.849631e-32
[1] 5.949866e-16 1.082474e-22 6.505539e-32
[1] 5.871819e-16 1.079503e-22 5.330287e-32
[1] 5.847096e-16 1.078511e-22 6.555886e-32
[1] 5.948356e-16 1.082447e-22 6.298175e-32
[1] 5.928425e-16 1.081685e-22 6.550414e-32
[1] 5.953973e-16 1.082712e-22 4.783873e-32
[1] 5.860160e-16 1.079133e-22 5.530972e-32
[1] 5.948381e-16 1.082530e-22 6.365267e-32
[1] 5.945105e-16 1.082439e-22 4.902857e-32
[1] 5.887103e-16 1.080232e-22 4.720334e-32
[1] 5.953174e-16 1.082777e-22 6.317040e-32
[1] 5.883584e-16 1.080084e-22 6.738977e-32
[1] 5.908699e-16 1.081101e-22 6.813413e-32
[1] 5.883772e-16 1.080159e-22 6.915761e-32
[1] 5.943363e-16 1.082459e-22 5.749939e-32
[1] 5.945139e-16 1.082521e-22 6.510950e-32
[1] 5.962011e-16 1.083196e-22 6.333105e-32
[1] 5.915080e-16 1.081395e-22 6.653082e-32
[1] 5.865676e-16 1.079551e-22 6.612092e-32
[1] 5.905328e-16 1.081095e-22 6.305171e-32
[1] 5.865321e-16 1.079575e-22 5.389712e-32
[1] 5.862688e-16 1.079491e-22 6.211440e-32
[1] 5.853135e-16 1.079141e-22 6.800864e-32
[1] 5.958045e-16 1.083180e-22 6.591386e-32
[1] 5.945553e-16 1.082727e-22 5.752327e-32
[1] 5.858936e-16 1.079427e-22 6.854761e-32
[1] 5.866287e-16 1.079718e-22 6.492105e-32
[1] 5.883671e-16 1.080401e-22 6.100163e-32
Algorithm did not converge after  500  iterations.
[1] 1.754125e-16 3.847481e-24 3.739334e-24
Algorithm converged after  7  iterations.
[1] 1.754125e-16 3.847481e-24 8.818271e-23
Algorithm converged after  8  iterations.
[1] 1.754125e-16 3.739334e-24 8.818271e-23
Algorithm converged after  8  iterations.
[1] 1.754125e-16 3.847481e-24 7.237660e-35 3.739334e-24
[1] 4.816619e-16 4.288275e-24 1.167780e-31 4.241902e-24
Algorithm converged after  16  iterations.
[1] 1.754125e-16 3.847481e-24 7.237660e-35 8.818271e-23
Algorithm converged after  9  iterations.
[1] 1.754125e-16 3.847481e-24 3.739334e-24 4.832468e-33
Algorithm converged after  7  iterations.
[1] 1.754125e-16 3.847481e-24 8.818271e-23 6.070779e-30
[1] 8.421431e-16 4.663177e-24 1.173884e-22 7.052274e-30
[1] 9.154057e-16 4.731065e-24 1.198735e-22 7.201254e-30
Algorithm converged after  21  iterations.
[1] 1.754125e-16 3.739334e-24 4.832468e-33 8.818271e-23
Algorithm converged after  8  iterations.
[1] 1.754125e-16 3.739334e-24 8.818271e-23 6.070779e-30
[1] 7.505401e-16 4.571810e-24 1.141558e-22 5.160026e-33
[1] 7.145844e-16 4.531089e-24 1.128797e-22 5.374288e-33
[1] 7.128462e-16 4.528436e-24 1.128000e-22 6.989956e-30
[1] 7.223396e-16 4.540068e-24 1.131707e-22 1.689361e-33
[1] 7.491290e-16 4.570630e-24 1.141377e-22 7.081434e-30
[1] 7.572755e-16 4.579934e-24 1.144321e-22 7.118103e-30
[1] 6.910431e-16 4.503475e-24 1.120303e-22 2.133130e-35
[1] 7.619581e-16 4.585215e-24 1.146058e-22 2.182460e-35
[1] 7.180876e-16 4.535511e-24 1.130478e-22 5.137778e-33
[1] 6.900494e-16 4.502462e-24 1.120101e-22 6.972760e-30
[1] 6.675650e-16 4.476263e-24 1.111945e-22 2.243050e-35
[1] 7.508559e-16 4.572789e-24 1.142315e-22 7.058093e-30
[1] 7.595301e-16 4.582850e-24 1.145582e-22 7.109770e-30
[1] 7.135336e-16 4.530592e-24 1.129182e-22 2.013971e-34
[1] 7.603845e-16 4.583780e-24 1.145942e-22 7.085904e-30
Algorithm converged after  152  iterations.
[1] 1.754125e-16 3.847481e-24 3.739334e-24 8.818271e-23
Algorithm converged after  9  iterations.
[1] 1.754125e-16 1.265451e-19
Algorithm converged after  2  iterations.
[1] 1.754125e-16 1.265451e-19 1.263805e-31
Algorithm converged after  5  iterations.
[1] 1.754125e-16 1.265451e-19 7.170750e-30
Algorithm converged after  4  iterations.
[1] 1.754125e-16 1.265451e-19 9.744752e-30
Algorithm converged after  6  iterations.
[1] 1.754125e-16 1.265451e-19 1.263805e-31 1.059965e-34
Algorithm converged after  5  iterations.
[1] 1.754125e-16 1.265451e-19 7.170750e-30 3.121907e-35
Algorithm converged after  8  iterations.
[1] 1.754125e-16 1.265451e-19 9.744752e-30 1.575098e-31
[1] 2.534115e-16 1.239079e-19 1.018692e-29 1.805465e-31
[1] 2.567111e-16 1.237295e-19 1.020896e-29 4.083762e-35
Algorithm converged after  24  iterations.
[1] 1.754125e-16 1.265451e-19 1.263805e-31 7.170750e-30
Algorithm converged after  5  iterations.
[1] 1.754125e-16 1.265451e-19 1.263805e-31 9.744752e-30
Algorithm converged after  6  iterations.
[1] 1.754125e-16 1.265451e-19 7.170750e-30 9.744752e-30
Algorithm converged after  6  iterations.
numeric(0)
Algorithm converged after  1  iterations.
[1] 1.078043e-22
Algorithm converged after  2  iterations.
[1] 6.646137e-24
Algorithm converged after  2  iterations.
[1] 2.351297e-18
Algorithm converged after  2  iterations.
[1] 1.078043e-22 2.621775e-26
Algorithm converged after  2  iterations.
[1] 6.646137e-24 2.586018e-26
Algorithm converged after  2  iterations.
[1] 2.351297e-18 7.753888e-24
Algorithm converged after  2  iterations.
[1] 1.078043e-22 6.646137e-24
Algorithm converged after  2  iterations.
[1] 1.078043e-22 2.351297e-18
Algorithm converged after  2  iterations.
[1] 6.646137e-24 2.351297e-18
Algorithm converged after  2  iterations.
[1] 1.078043e-22 2.621775e-26 6.646137e-24
Algorithm converged after  2  iterations.
[1] 1.078043e-22 2.621775e-26 2.351297e-18
Algorithm converged after  2  iterations.
[1] 1.078043e-22 6.646137e-24 2.586018e-26
Algorithm converged after  2  iterations.
[1] 1.078043e-22 2.351297e-18 7.753888e-24
Algorithm converged after  2  iterations.
[1] 6.646137e-24 2.586018e-26 2.351297e-18
Algorithm converged after  2  iterations.
[1] 6.646137e-24 2.351297e-18 7.753888e-24
Algorithm converged after  2  iterations.
[1] 1.078043e-22 6.646137e-24 2.351297e-18
Algorithm converged after  2  iterations.
[1] 1.078043e-22 2.621775e-26 6.646137e-24 2.586018e-26
Algorithm converged after  2  iterations.
[1] 1.078043e-22 2.621775e-26 2.351297e-18 7.753888e-24
Algorithm converged after  2  iterations.
[1] 6.646137e-24 2.586018e-26 2.351297e-18 7.753888e-24
Algorithm converged after  2  iterations.
[1] 1.078043e-22 2.621775e-26 6.646137e-24 2.351297e-18
Algorithm converged after  2  iterations.
[1] 1.078043e-22 6.646137e-24 2.586018e-26 2.351297e-18
Algorithm converged after  2  iterations.
[1] 1.078043e-22 6.646137e-24 2.351297e-18 7.753888e-24
Algorithm converged after  2  iterations.
[1] 6.29226e-20
Algorithm converged after  2  iterations.
[1] 6.292260e-20 3.807727e-24
Algorithm converged after  5  iterations.
[1] 6.292260e-20 5.507669e-24
Algorithm converged after  6  iterations.
[1] 6.292260e-20 9.376822e-19
Algorithm converged after  6  iterations.
[1] 6.292260e-20 3.807727e-24 2.532115e-31
[1] 6.223077e-20 3.866251e-24 2.531893e-31
Algorithm converged after  18  iterations.
[1] 6.292260e-20 5.507669e-24 8.034528e-30
Algorithm converged after  6  iterations.
[1] 6.292260e-20 9.376822e-19 1.689332e-32
Algorithm converged after  6  iterations.
[1] 6.292260e-20 3.807727e-24 5.507669e-24
Algorithm converged after  7  iterations.
[1] 6.292260e-20 3.807727e-24 9.376822e-19
Algorithm converged after  5  iterations.
[1] 6.292260e-20 5.507669e-24 9.376822e-19
Algorithm converged after  7  iterations.
[1] 6.292260e-20 3.807727e-24 2.532115e-31 5.507669e-24
[1] 7.175980e-20 3.172979e-24 2.252439e-47 5.974509e-24
[1] 7.400408e-20 3.032599e-24 2.262807e-33 6.090714e-24
[1] 7.404544e-20 3.028404e-24 2.266584e-33 6.092906e-24
[1] 7.175757e-20 3.172642e-24 2.252104e-47 5.974731e-24
[1] 7.052707e-20 3.256369e-24 3.685596e-47 5.910813e-24
[1] 7.422167e-20 3.020981e-24 2.259942e-33 6.102529e-24
[1] 7.176252e-20 3.171659e-24 2.577329e-31 5.975335e-24
[1] 7.401419e-20 3.030841e-24 2.262916e-33 6.091943e-24
[1] 7.401570e-20 3.030568e-24 2.262990e-33 6.092144e-24
[1] 7.401736e-20 3.030293e-24 2.263056e-33 6.092353e-24
[1] 7.401902e-20 3.030019e-24 2.263125e-33 6.092562e-24
[1] 7.176461e-20 3.170576e-24 3.704867e-47 5.976044e-24
[1] 7.325244e-20 3.069486e-24 2.246881e-47 6.053411e-24
[1] 7.402176e-20 3.029695e-24 2.263249e-33 6.092937e-24
[1] 7.402343e-20 3.029421e-24 2.263317e-33 6.093146e-24
[1] 7.176620e-20 3.170161e-24 2.979115e-44 5.976482e-24
[1] 7.422295e-20 3.015790e-24 2.588375e-31 6.103472e-24
[1] 7.176659e-20 3.170545e-24 2.578654e-31 5.976499e-24
[1] 7.176569e-20 3.170351e-24 2.578740e-31 5.976576e-24
[1] 7.176611e-20 3.170132e-24 2.578902e-31 5.976712e-24
[1] 7.176652e-20 3.169928e-24 2.579070e-31 5.976854e-24
[1] 7.368812e-20 3.049799e-24 2.264211e-33 6.076444e-24
[1] 7.403284e-20 3.028085e-24 2.263686e-33 6.094381e-24
[1] 7.403051e-20 3.028009e-24 2.264186e-33 6.094323e-24
[1] 7.252075e-20 3.118107e-24 3.719060e-47 6.016503e-24
[1] 7.403651e-20 3.027527e-24 2.263900e-33 6.094868e-24
[1] 7.403816e-20 3.027251e-24 2.263973e-33 6.095078e-24
[1] 7.176903e-20 3.169640e-24 2.894320e-48 5.977678e-24
[1] 7.040609e-20 3.262921e-24 2.576126e-31 5.906800e-24
[1] 7.396198e-20 3.033759e-24 2.265613e-33 6.091461e-24
[1] 7.404178e-20 3.027151e-24 2.264148e-33 6.095653e-24
[1] 7.326991e-20 3.067104e-24 3.735074e-47 6.056105e-24
[1] 7.176988e-20 3.168682e-24 2.580674e-31 5.978276e-24
[1] 7.404888e-20 3.026458e-24 2.263926e-33 6.096367e-24
[1] 7.398697e-20 3.030081e-24 2.263473e-33 6.093287e-24
[1] 7.177133e-20 3.167945e-24 2.581220e-31 5.978726e-24
[1] 7.177149e-20 3.167797e-24 2.581346e-31 5.978834e-24
[1] 6.780493e-20 3.436986e-24 4.046030e-55 5.771670e-24
[1] 6.991753e-20 3.286297e-24 2.568933e-31 5.882487e-24
[1] 7.405590e-20 3.024687e-24 2.264776e-33 6.097455e-24
[1] 7.177309e-20 3.166917e-24 2.582023e-31 5.979399e-24
[1] 7.177347e-20 3.166712e-24 2.582192e-31 5.979542e-24
[1] 7.177385e-20 3.166506e-24 2.535318e-31 5.979684e-24
[1] 7.283981e-20 3.095405e-24 3.723511e-47 6.035185e-24
[1] 7.400156e-20 3.027469e-24 2.264102e-33 6.095210e-24
[1] 7.177469e-20 3.166069e-24 2.582752e-31 5.980014e-24
Algorithm converged after  470  iterations.
[1] 6.292260e-20 3.807727e-24 2.532115e-31 9.376822e-19
Algorithm converged after  7  iterations.
[1] 6.292260e-20 3.807727e-24 5.507669e-24 8.034528e-30
Algorithm converged after  7  iterations.
[1] 6.292260e-20 3.807727e-24 9.376822e-19 1.689332e-32
Algorithm converged after  5  iterations.
[1] 6.292260e-20 5.507669e-24 8.034528e-30 9.376822e-19
Algorithm converged after  7  iterations.
[1] 6.292260e-20 5.507669e-24 9.376822e-19 1.689332e-32
Algorithm converged after  8  iterations.
[1] 6.292260e-20 3.807727e-24 5.507669e-24 9.376822e-19
Algorithm converged after  8  iterations.
[1] 6.292260e-20 1.994669e-28
Algorithm converged after  2  iterations.
[1] 6.292260e-20 1.994669e-28 4.708450e-24
Algorithm converged after  7  iterations.
[1] 6.292260e-20 1.994669e-28 3.044170e-24
Algorithm converged after  9  iterations.
[1] 6.292260e-20 1.994669e-28 3.495473e-19
[1] 7.075123e-20 3.691664e-27 7.866303e-18
[1] 7.064680e-20 3.675636e-27 7.727914e-18
[1] 7.064486e-20 3.675305e-27 7.725415e-18
Algorithm converged after  34  iterations.
[1] 6.292260e-20 1.994669e-28 4.708450e-24 2.530017e-31
[1] 5.735994e-20 3.479654e-27 3.388279e-24 4.847818e-34
[1] 6.253905e-20 1.986735e-32 4.102328e-24 1.855571e-38
[1] 5.799606e-20 5.029986e-33 4.136791e-24 2.385374e-31
[1] 6.352463e-20 8.444352e-30 6.824766e-24 2.673867e-31
[1] 6.313919e-20 7.964629e-30 6.604430e-24 2.662251e-31
Algorithm converged after  51  iterations.
[1] 6.292260e-20 1.994669e-28 3.044170e-24 5.856913e-33
Algorithm converged after  9  iterations.
[1] 6.292260e-20 1.994669e-28 3.495473e-19 4.561322e-33
[1] 6.998974e-20 2.032564e-27 6.806414e-18 2.265290e-32
[1] 6.994038e-20 2.029464e-27 6.742101e-18 2.252485e-32
Algorithm converged after  26  iterations.
[1] 6.292260e-20 1.994669e-28 4.708450e-24 3.044170e-24
Algorithm converged after  7  iterations.
[1] 6.292260e-20 1.994669e-28 4.708450e-24 3.495473e-19
Algorithm converged after  7  iterations.
[1] 6.292260e-20 1.994669e-28 3.044170e-24 3.495473e-19
[1] 7.594558e-20 5.216886e-28 5.292200e-24 1.259099e-18
Algorithm converged after  15  iterations.
numeric(0)
Algorithm converged after  1  iterations.
[1] 2.261722e-23
Algorithm converged after  2  iterations.
[1] 1.947815e-26
Algorithm converged after  2  iterations.
[1] 3.809137e-18
Algorithm converged after  2  iterations.
[1] 2.261722e-23 3.476757e-26
Algorithm converged after  2  iterations.
[1] 1.947815e-26 2.878184e-47
Algorithm converged after  2  iterations.
[1] 3.809137e-18 1.289557e-23
Algorithm converged after  2  iterations.
[1] 2.261722e-23 1.947815e-26
Algorithm converged after  2  iterations.
[1] 2.261722e-23 3.809137e-18
Algorithm converged after  2  iterations.
[1] 1.947815e-26 3.809137e-18
Algorithm converged after  2  iterations.
[1] 2.261722e-23 3.476757e-26 1.947815e-26
Algorithm converged after  2  iterations.
[1] 2.261722e-23 3.476757e-26 3.809137e-18
Algorithm converged after  2  iterations.
[1] 2.261722e-23 1.947815e-26 2.878184e-47
Algorithm converged after  2  iterations.
[1] 2.261722e-23 3.809137e-18 1.289557e-23
Algorithm converged after  2  iterations.
[1] 1.947815e-26 2.878184e-47 3.809137e-18
Algorithm converged after  2  iterations.
[1] 1.947815e-26 3.809137e-18 1.289557e-23
Algorithm converged after  2  iterations.
[1] 2.261722e-23 1.947815e-26 3.809137e-18
Algorithm converged after  2  iterations.
[1] 2.261722e-23 3.476757e-26 1.947815e-26 2.878184e-47
Algorithm converged after  2  iterations.
[1] 2.261722e-23 3.476757e-26 3.809137e-18 1.289557e-23
Algorithm converged after  2  iterations.
[1] 1.947815e-26 2.878184e-47 3.809137e-18 1.289557e-23
Algorithm converged after  2  iterations.
[1] 2.261722e-23 3.476757e-26 1.947815e-26 3.809137e-18
Algorithm converged after  2  iterations.
[1] 2.261722e-23 1.947815e-26 2.878184e-47 3.809137e-18
Algorithm converged after  2  iterations.
[1] 2.261722e-23 1.947815e-26 3.809137e-18 1.289557e-23
Algorithm converged after  2  iterations.
[1] 1.146475e-16
Algorithm converged after  2  iterations.
[1] 1.146475e-16 1.966733e-24
Algorithm converged after  6  iterations.
[1] 1.146475e-16 7.805444e-25
Algorithm converged after  6  iterations.
[1] 1.146475e-16 2.270038e-23
Algorithm converged after  6  iterations.
[1] 1.146475e-16 1.966733e-24 3.129107e-33
Algorithm converged after  6  iterations.
[1] 1.146475e-16 7.805444e-25 5.632199e-33
[1] 1.558408e-16 8.174324e-25 3.580990e-35
[1] 1.583167e-16 8.193998e-25 7.457539e-34
[1] 1.533852e-16 8.153405e-25 1.713643e-53
[1] 1.494577e-16 8.120780e-25 3.955170e-33
[1] 1.577227e-16 8.189809e-25 4.061845e-35
[1] 1.520054e-16 8.142097e-25 7.445502e-34
[1] 1.533042e-16 8.154045e-25 7.428318e-34
[1] 1.558305e-16 8.176366e-25 3.580577e-35
[1] 1.580272e-16 8.194274e-25 3.957816e-33
[1] 1.533786e-16 8.155961e-25 5.174771e-39
[1] 1.555282e-16 8.175573e-25 3.599686e-35
[1] 1.467713e-16 8.099883e-25 7.406752e-34
[1] 1.588619e-16 8.203038e-25 3.577091e-35
[1] 1.532002e-16 8.155476e-25 3.948217e-33
[1] 1.533804e-16 8.157109e-25 5.385152e-45
[1] 1.460168e-16 8.094537e-25 5.684103e-33
[1] 1.460206e-16 8.095476e-25 3.537461e-35
[1] 1.531820e-16 8.157124e-25 5.204553e-39
[1] 1.416415e-16 8.059291e-25 5.631181e-33
[1] 1.532500e-16 8.158039e-25 7.427938e-34
[1] 1.555221e-16 8.176616e-25 2.158323e-45
[1] 1.417821e-16 8.061393e-25 4.023367e-33
[1] 1.558200e-16 8.181679e-25 3.580755e-35
[1] 1.417081e-16 8.061403e-25 3.548854e-35
[1] 1.397799e-16 8.045335e-25 3.935622e-33
[1] 1.416385e-16 8.061762e-25 3.928776e-33
Algorithm converged after  261  iterations.
[1] 1.146475e-16 2.270038e-23 1.299979e-29
Algorithm converged after  7  iterations.
[1] 1.146475e-16 1.966733e-24 7.805444e-25
Algorithm converged after  7  iterations.
[1] 1.146475e-16 1.966733e-24 2.270038e-23
Algorithm converged after  7  iterations.
[1] 1.146475e-16 7.805444e-25 2.270038e-23
Algorithm converged after  7  iterations.
[1] 1.146475e-16 1.966733e-24 3.129107e-33 7.805444e-25
Algorithm converged after  7  iterations.
[1] 1.146475e-16 1.966733e-24 3.129107e-33 2.270038e-23
Algorithm converged after  7  iterations.
[1] 1.146475e-16 1.966733e-24 7.805444e-25 5.632199e-33
Algorithm converged after  7  iterations.
[1] 1.146475e-16 1.966733e-24 2.270038e-23 1.299979e-29
Algorithm converged after  7  iterations.
[1] 1.146475e-16 7.805444e-25 5.632199e-33 2.270038e-23
[1] 2.815212e-16 9.106872e-25 7.780348e-34 2.524885e-23
[1] 3.044895e-16 9.256400e-25 6.209267e-33 2.553692e-23
[1] 3.086130e-16 9.284787e-25 1.543761e-45 2.559116e-23
[1] 3.086393e-16 9.285601e-25 1.791275e-58 2.559873e-23
[1] 3.030231e-16 9.249101e-25 3.176837e-50 2.553068e-23
[1] 2.825476e-16 9.116073e-25 9.917043e-32 2.527729e-23
[1] 3.128174e-16 9.313102e-25 1.505094e-45 2.565491e-23
[1] 2.816773e-16 9.110641e-25 2.546039e-39 2.527106e-23
[1] 3.068594e-16 9.274205e-25 8.009650e-34 2.558675e-23
[1] 2.988037e-16 9.221707e-25 7.985263e-34 2.548849e-23
[1] 2.815698e-16 9.110215e-25 7.778502e-34 2.527498e-23
[1] 3.067029e-16 9.274088e-25 4.307721e-38 2.558998e-23
[1] 2.808706e-16 9.105683e-25 7.778545e-34 2.526903e-23
[1] 2.816966e-16 9.112275e-25 7.910674e-34 2.528280e-23
[1] 2.915764e-16 9.175429e-25 7.961959e-34 2.541008e-23
[1] 2.815762e-16 9.111352e-25 7.777741e-34 2.528701e-23
[1] 2.986918e-16 9.222190e-25 7.838988e-34 2.550289e-23
[1] 3.103070e-16 9.299616e-25 3.801437e-47 2.565055e-23
[1] 3.027244e-16 9.249576e-25 6.220197e-33 2.555883e-23
[1] 2.817634e-16 9.114211e-25 7.910126e-34 2.529985e-23
[1] 2.940666e-16 9.193558e-25 7.824352e-34 2.545467e-23
[1] 3.033343e-16 9.255177e-25 5.493920e-45 2.557290e-23
[1] 3.129277e-16 9.317993e-25 4.219298e-38 2.569436e-23
[1] 2.815680e-16 9.113261e-25 7.776756e-34 2.530444e-23
[1] 3.037361e-16 9.257366e-25 2.592881e-39 2.558357e-23
[1] 3.142298e-16 9.326059e-25 1.121929e-38 2.571478e-23
[1] 2.985223e-16 9.223674e-25 7.835904e-34 2.552285e-23
[1] 3.063317e-16 9.275515e-25 7.834147e-34 2.562223e-23
[1] 3.024036e-16 9.250073e-25 6.225758e-33 2.557668e-23
[1] 3.148795e-16 9.331513e-25 5.775424e-64 2.573303e-23
[1] 3.142777e-16 9.327853e-25 6.242805e-33 2.573151e-23
[1] 3.089636e-16 9.295000e-25 4.296795e-38 2.566969e-23
[1] 3.034176e-16 9.257351e-25 6.236506e-33 2.560080e-23
[1] 3.132705e-16 9.320594e-25 8.032500e-34 2.572342e-23
[1] 3.069859e-16 9.280743e-25 9.926227e-32 2.564891e-23
[1] 3.038037e-16 9.262504e-25 1.492203e-65 2.561310e-23
[1] 3.049349e-16 9.270046e-25 3.920005e-33 2.564807e-23
[1] 3.131297e-16 9.324752e-25 7.814928e-34 2.575325e-23
[1] 2.818837e-16 9.121316e-25 7.769438e-34 2.536480e-23
[1] 3.049044e-16 9.270678e-25 3.921014e-33 2.565421e-23
[1] 2.821066e-16 9.123141e-25 3.909369e-33 2.537149e-23
[1] 3.090715e-16 9.299671e-25 6.221510e-33 2.571481e-23
[1] 3.141118e-16 9.331213e-25 8.037770e-34 2.577714e-23
[1] 2.819381e-16 9.122756e-25 7.768822e-34 2.537749e-23
[1] 3.104224e-16 9.308125e-25 7.368369e-51 2.573466e-23
[1] 3.071373e-16 9.286634e-25 4.308290e-38 2.569551e-23
[1] 3.028397e-16 9.258715e-25 9.894769e-32 2.564446e-23
[1] 3.06766e-16 9.28451e-25 8.61182e-63 2.56945e-23
[1] 3.133155e-16 9.328163e-25 2.367129e-39 2.577847e-23
Algorithm did not converge after  500  iterations.
[1] 1.146475e-16 7.805444e-25 2.270038e-23 1.299979e-29
Algorithm converged after  7  iterations.
[1] 1.146475e-16 1.966733e-24 7.805444e-25 2.270038e-23
Algorithm converged after  8  iterations.
[1] 1.146475e-16 6.648617e-20
Algorithm converged after  2  iterations.
[1] 1.146475e-16 6.648617e-20 1.950812e-31
Algorithm converged after  5  iterations.
[1] 1.146475e-16 6.648617e-20 1.143892e-31
Algorithm converged after  5  iterations.
[1] 1.146475e-16 6.648617e-20 1.277768e-28
Algorithm converged after  6  iterations.
[1] 1.146475e-16 6.648617e-20 1.950812e-31 4.117353e-33
Algorithm converged after  5  iterations.
[1] 1.146475e-16 6.648617e-20 1.143892e-31 3.689706e-33
[1] 1.014068e-16 6.727453e-20 1.163011e-31 1.575197e-48
[1] 1.030500e-16 6.384167e-20 1.157694e-31 1.203892e-33
[1] 1.004715e-16 6.797011e-20 1.166663e-31 1.497346e-33
[1] 1.036744e-16 6.899971e-20 1.164604e-31 6.570404e-36
[1] 9.363410e-17 6.714624e-20 1.174929e-31 6.541582e-36
[1] 1.004069e-16 6.806709e-20 1.168147e-31 5.945569e-36
[1] 9.833528e-17 7.284036e-20 1.176612e-31 1.245237e-33
[1] 1.003943e-16 6.809164e-20 1.168930e-31 5.931691e-36
Algorithm converged after  90  iterations.
[1] 1.146475e-16 6.648617e-20 1.277768e-28 1.831716e-29
Algorithm converged after  7  iterations.
[1] 1.146475e-16 6.648617e-20 1.950812e-31 1.143892e-31
Algorithm converged after  5  iterations.
[1] 1.146475e-16 6.648617e-20 1.950812e-31 1.277768e-28
Algorithm converged after  6  iterations.
[1] 1.146475e-16 6.648617e-20 1.143892e-31 1.277768e-28
Algorithm converged after  6  iterations.
numeric(0)
Algorithm converged after  1  iterations.
[1] 3.778451e-23
Algorithm converged after  2  iterations.
[1] 4.147973e-26
Algorithm converged after  2  iterations.
[1] 1.604564e-18
Algorithm converged after  2  iterations.
[1] 3.778451e-23 4.629493e-26
Algorithm converged after  2  iterations.
[1] 4.147973e-26 5.752210e-33
Algorithm converged after  2  iterations.
[1] 1.604564e-18 1.199128e-23
Algorithm converged after  2  iterations.
[1] 3.778451e-23 4.147973e-26
Algorithm converged after  2  iterations.
[1] 3.778451e-23 1.604564e-18
Algorithm converged after  2  iterations.
[1] 4.147973e-26 1.604564e-18
Algorithm converged after  2  iterations.
[1] 3.778451e-23 4.629493e-26 4.147973e-26
Algorithm converged after  2  iterations.
[1] 3.778451e-23 4.629493e-26 1.604564e-18
Algorithm converged after  2  iterations.
[1] 3.778451e-23 4.147973e-26 5.752210e-33
Algorithm converged after  2  iterations.
[1] 3.778451e-23 1.604564e-18 1.199128e-23
Algorithm converged after  2  iterations.
[1] 4.147973e-26 5.752210e-33 1.604564e-18
Algorithm converged after  2  iterations.
[1] 4.147973e-26 1.604564e-18 1.199128e-23
Algorithm converged after  2  iterations.
[1] 3.778451e-23 4.147973e-26 1.604564e-18
Algorithm converged after  2  iterations.
[1] 3.778451e-23 4.629493e-26 4.147973e-26 5.752210e-33
Algorithm converged after  2  iterations.
[1] 3.778451e-23 4.629493e-26 1.604564e-18 1.199128e-23
Algorithm converged after  2  iterations.
[1] 4.147973e-26 5.752210e-33 1.604564e-18 1.199128e-23
Algorithm converged after  2  iterations.
[1] 3.778451e-23 4.629493e-26 4.147973e-26 1.604564e-18
Algorithm converged after  2  iterations.
[1] 3.778451e-23 4.147973e-26 5.752210e-33 1.604564e-18
Algorithm converged after  2  iterations.
[1] 3.778451e-23 4.147973e-26 1.604564e-18 1.199128e-23
Algorithm converged after  2  iterations.
[1] 3.416738e-17
Algorithm converged after  2  iterations.
[1] 3.416738e-17 6.228367e-26
Algorithm converged after  5  iterations.
[1] 3.416738e-17 4.299570e-26
Algorithm converged after  4  iterations.
[1] 3.416738e-17 2.062570e-20
[1] 3.028937e-16 3.950306e-20
Algorithm converged after  12  iterations.
[1] 3.416738e-17 6.228367e-26 2.980100e-31
Algorithm converged after  6  iterations.
[1] 3.416738e-17 4.299570e-26 1.635757e-29
Algorithm converged after  5  iterations.
[1] 3.416738e-17 2.062570e-20 2.470661e-32
[1] 2.898249e-16 3.880075e-20 1.045849e-34
[1] 2.895043e-16 3.878915e-20 3.987362e-61
[1] 2.898724e-16 3.881459e-20 6.338049e-41
[1] 3.047931e-16 3.961886e-20 6.324433e-41
[1] 2.896547e-16 3.881941e-20 1.050549e-34
[1] 3.018956e-16 3.946704e-20 4.778857e-39
[1] 2.920661e-16 3.898324e-20 3.438623e-51
[1] 2.904763e-16 3.889745e-20 3.537067e-33
[1] 2.996432e-16 3.938665e-20 1.114291e-34
[1] 2.919620e-16 3.898781e-20 2.930353e-49
[1] 3.263960e-16 4.083944e-20 4.600721e-39
[1] 2.929626e-16 3.904854e-20 3.930589e-50
[1] 2.998930e-16 3.943901e-20 5.638457e-30
[1] 2.892290e-16 3.886254e-20 8.333182e-57
[1] 2.877708e-16 3.877375e-20 5.717144e-30
[1] 2.914573e-16 3.898647e-20 5.680390e-30
[1] 2.681791e-16 3.768333e-20 5.784084e-30
[1] 2.918106e-16 3.902777e-20 3.550021e-33
[1] 2.913846e-16 3.901110e-20 3.552486e-33
[1] 2.895765e-16 3.892465e-20 2.991137e-54
[1] 2.909201e-16 3.898791e-20 5.737857e-30
[1] 2.668702e-16 3.765092e-20 1.086065e-34
[1] 2.893888e-16 3.893337e-20 3.532660e-33
[1] 2.986082e-16 3.945543e-20 6.333655e-41
[1] 2.896291e-16 3.896816e-20 5.684867e-30
[1] 2.904403e-16 3.901860e-20 3.336063e-54
[1] 2.890956e-16 3.895502e-20 5.719446e-30
[1] 2.855020e-16 3.874879e-20 5.720625e-30
[1] 2.912306e-16 3.907872e-20 5.687945e-30
[1] 2.983034e-16 3.947118e-20 3.539701e-33
[1] 2.916981e-16 3.912206e-20 1.066203e-34
[1] 2.976623e-16 3.945112e-20 3.537838e-33
[1] 2.895675e-16 3.902134e-20 9.744080e-41
[1] 2.882091e-16 3.895028e-20 5.730654e-30
[1] 2.782012e-16 3.839025e-20 4.515235e-39
[1] 2.742755e-16 3.817157e-20 1.059852e-34
[1] 2.907230e-16 3.910166e-20 8.647605e-43
[1] 2.704006e-16 3.798163e-20 8.112345e-54
[1] 3.018389e-16 3.972780e-20 5.696496e-30
[1] 2.890233e-16 3.904400e-20 1.048820e-34
[1] 3.014508e-16 3.971968e-20 5.705299e-30
[1] 2.916303e-16 3.919591e-20 6.905151e-54
[1] 3.054187e-16 3.994420e-20 1.104674e-34
[1] 2.997817e-16 3.964470e-20 6.333676e-41
[1] 2.920528e-16 3.923278e-20 4.413832e-39
[1] 2.939803e-16 3.934048e-20 5.692714e-30
[1] 2.993684e-16 3.964340e-20 1.073191e-34
[1] 3.030520e-16 3.984365e-20 1.501807e-40
[1] 2.871558e-16 3.898923e-20 6.344939e-41
Algorithm did not converge after  500  iterations.
[1] 3.416738e-17 6.228367e-26 4.299570e-26
Algorithm converged after  5  iterations.
[1] 3.416738e-17 6.228367e-26 2.062570e-20
[1] 3.558416e-16 7.515156e-26 4.254874e-20
Algorithm converged after  13  iterations.
[1] 3.416738e-17 4.299570e-26 2.062570e-20
[1] 2.832743e-16 4.180979e-26 3.851458e-20
Algorithm converged after  13  iterations.
[1] 3.416738e-17 6.228367e-26 2.980100e-31 4.299570e-26
Algorithm converged after  6  iterations.
[1] 3.416738e-17 6.228367e-26 2.980100e-31 2.062570e-20
[1] 4.072669e-16 7.672804e-26 3.366222e-31 4.540109e-20
Algorithm converged after  13  iterations.
[1] 3.416738e-17 6.228367e-26 4.299570e-26 1.635757e-29
Algorithm converged after  5  iterations.
[1] 3.416738e-17 6.228367e-26 2.062570e-20 2.470661e-32
[1] 3.360246e-16 7.460749e-26 4.149780e-20 6.029068e-40
[1] 3.300895e-16 7.443622e-26 4.117636e-20 1.474213e-40
[1] 3.739587e-16 7.565325e-26 4.349269e-20 4.356640e-33
[1] 3.498221e-16 7.499457e-26 4.224029e-20 5.820791e-30
[1] 3.542574e-16 7.511776e-26 4.248028e-20 4.404455e-33
[1] 3.739280e-16 7.565533e-26 4.350886e-20 4.351754e-33
[1] 3.465640e-16 7.490490e-26 4.208466e-20 5.809280e-30
[1] 3.408143e-16 7.474998e-26 4.179464e-20 4.145649e-33
[1] 3.516240e-16 7.504820e-26 4.236288e-20 4.415123e-33
[1] 3.204574e-16 7.416876e-26 4.070442e-20 4.249536e-33
[1] 3.379105e-16 7.467346e-26 4.165802e-20 4.352410e-33
[1] 3.288327e-16 7.440944e-26 4.115990e-20 8.436565e-46
[1] 3.349459e-16 7.458820e-26 4.150119e-20 4.964892e-43
[1] 3.532073e-16 7.509683e-26 4.246615e-20 5.815228e-30
[1] 3.462761e-16 7.490407e-26 4.210075e-20 4.221911e-33
[1] 3.359524e-16 7.461864e-26 4.156752e-20 9.395009e-46
[1] 3.533069e-16 7.510232e-26 4.248736e-20 5.804164e-30
[1] 3.396185e-16 7.472131e-26 4.176953e-20 8.051770e-52
[1] 3.385918e-16 7.469805e-26 4.172665e-20 4.358858e-33
[1] 3.337031e-16 7.455562e-26 4.145999e-20 5.845308e-30
[1] 3.359391e-16 7.461939e-26 4.158372e-20 5.470491e-35
[1] 3.431672e-16 7.482370e-26 4.197442e-20 5.503434e-41
[1] 3.494913e-16 7.500372e-26 4.231820e-20 4.349632e-33
[1] 3.342799e-16 7.457325e-26 4.150543e-20 4.240071e-33
[1] 3.738839e-16 7.567023e-26 4.359686e-20 4.350018e-33
[1] 3.487499e-16 7.498427e-26 4.228920e-20 4.659411e-43
[1] 3.489222e-16 7.498964e-26 4.230123e-20 5.809072e-30
[1] 3.745657e-16 7.569101e-26 4.364587e-20 4.343348e-33
[1] 3.302705e-16 7.446399e-26 4.131219e-20 4.157523e-40
[1] 3.323919e-16 7.453621e-26 4.144932e-20 5.368943e-43
[1] 3.318678e-16 7.451410e-26 4.141262e-20 2.126679e-35
[1] 3.493006e-16 7.500393e-26 4.234435e-20 5.807712e-30
[1] 3.421266e-16 7.480719e-26 4.197367e-20 4.128079e-33
[1] 3.421308e-16 7.480797e-26 4.197700e-20 4.332969e-33
[1] 3.535195e-16 7.512328e-26 4.258002e-20 5.814529e-30
[1] 3.354163e-16 7.461633e-26 4.162179e-20 5.831586e-30
[1] 3.467741e-16 7.493704e-26 4.223725e-20 5.802216e-30
[1] 3.497952e-16 7.502456e-26 4.240382e-20 5.805168e-30
[1] 3.353569e-16 7.462217e-26 4.164457e-20 6.760513e-39
[1] 3.505845e-16 7.504592e-26 4.245025e-20 4.181550e-33
[1] 3.532028e-16 7.512083e-26 4.259709e-20 5.802747e-30
[1] 3.498098e-16 7.502800e-26 4.242410e-20 3.189904e-49
[1] 3.378635e-16 7.469442e-26 4.179392e-20 5.802935e-30
[1] 3.348330e-16 7.461170e-26 4.163954e-20 4.218342e-34
[1] 3.386876e-16 7.471933e-26 4.184647e-20 5.798694e-30
[1] 3.352659e-16 7.462572e-26 4.167241e-20 5.793719e-54
[1] 3.487525e-16 7.500051e-26 4.238478e-20 4.195088e-33
[1] 3.374912e-16 7.468775e-26 4.179572e-20 4.007955e-37
[1] 3.415753e-16 7.480250e-26 4.201348e-20 5.823848e-30
Algorithm did not converge after  500  iterations.
[1] 3.416738e-17 4.299570e-26 1.635757e-29 2.062570e-20
[1] 2.774569e-16 4.183483e-26 1.550370e-29 3.835124e-20
Algorithm converged after  13  iterations.
[1] 3.416738e-17 4.299570e-26 2.062570e-20 2.470661e-32
[1] 2.646316e-16 4.186917e-26 3.745753e-20 5.563425e-30
Algorithm converged after  20  iterations.
[1] 3.416738e-17 6.228367e-26 4.299570e-26 2.062570e-20
[1] 3.341298e-16 7.455099e-26 4.165281e-26 4.138717e-20
Algorithm converged after  13  iterations.
[1] 3.416738e-17 9.256059e-20
Algorithm converged after  2  iterations.
[1] 3.416738e-17 9.256059e-20 3.531951e-31
[1] 1.766935e-18 2.030981e-28 7.753247e-23
Algorithm converged after  14  iterations.
[1] 3.416738e-17 9.256059e-20 1.372643e-29
Algorithm converged after  5  iterations.
[1] 3.416738e-17 9.256059e-20 5.226691e-30
Algorithm converged after  5  iterations.
[1] 3.416738e-17 9.256059e-20 3.531951e-31 1.636865e-34
[1] 6.527071e-20 1.522602e-24 2.322747e-23 8.216085e-37
Algorithm converged after  20  iterations.
[1] 3.416738e-17 9.256059e-20 1.372643e-29 7.936148e-55
[1] 3.400393e-17 7.333790e-28 4.168517e-26 1.686672e-29
[1] 3.057951e-17 2.356518e-42 4.312761e-26 2.146485e-29
[1] 3.033261e-17 5.358823e-49 4.196389e-26 1.816452e-29
[1] 3.031590e-17 3.880311e-29 4.114686e-26 1.619564e-29
[1] 3.050603e-17 5.175516e-43 4.161481e-26 1.755803e-29
[1] 2.997584e-17 3.277555e-29 4.125263e-26 1.630252e-29
[1] 3.038442e-17 6.106699e-65 4.165476e-26 1.779839e-29
[1] 3.046983e-17 3.808859e-29 4.116594e-26 1.630403e-29
[1] 3.048570e-17 6.574966e-29 4.153909e-26 1.737881e-29
[1] 3.044269e-17 5.712460e-29 4.199929e-26 1.859620e-29
[1] 3.048316e-17 5.182507e-43 4.161441e-26 1.762935e-29
[1] 3.041207e-17 2.602955e-47 4.144994e-26 1.726242e-29
[1] 3.040791e-17 9.240815e-46 4.377642e-26 2.354096e-29
[1] 3.017857e-17 1.900221e-27 4.186728e-26 1.800825e-29
[1] 3.017439e-17 6.239855e-29 4.180180e-26 1.811296e-29
[1] 3.016052e-17 5.488160e-43 4.158155e-26 1.761566e-29
[1] 2.998975e-17 1.303214e-57 4.497564e-26 2.499129e-29
[1] 3.030680e-17 6.074976e-29 4.173145e-26 1.801929e-29
[1] 3.000869e-17 1.092808e-35 4.170727e-26 1.810617e-29
[1] 3.012889e-17 3.647739e-29 4.118324e-26 1.640078e-29
[1] 2.996876e-17 4.297901e-43 4.249926e-26 1.997635e-29
[1] 3.031086e-17 3.088673e-29 4.134249e-26 1.669106e-29
[1] 3.030689e-17 4.282465e-43 4.269816e-26 2.076670e-29
[1] 3.030165e-17 2.354857e-42 4.309383e-26 2.173270e-29
[1] 3.026973e-17 2.075024e-27 4.173305e-26 1.774208e-29
Algorithm converged after  254  iterations.
[1] 3.416738e-17 9.256059e-20 5.226691e-30 2.751690e-31
[1] 6.712329e-20 5.186618e-27 1.420086e-17 9.044151e-54
[1] 6.847032e-20 5.372379e-27 1.462586e-17 2.281980e-35
[1] 6.861659e-20 5.424260e-27 1.462374e-17 2.267238e-35
[1] 6.861707e-20 5.454387e-27 1.475082e-17 2.272109e-35
[1] 6.641771e-20 4.517414e-27 1.290391e-17 2.146693e-35
[1] 6.688112e-20 4.617945e-27 1.316015e-17 2.176256e-35
[1] 6.797793e-20 5.643307e-27 1.496654e-17 2.684957e-32
[1] 6.831762e-20 5.310900e-27 1.459692e-17 2.379300e-50
[1] 6.797672e-20 5.631762e-27 1.506243e-17 2.311261e-35
[1] 6.802895e-20 5.651284e-27 1.499992e-17 2.063276e-58
[1] 6.864489e-20 5.447456e-27 1.470241e-17 1.381783e-42
[1] 6.650173e-20 4.497342e-27 1.300579e-17 6.461107e-33
[1] 6.859395e-20 5.384930e-27 1.468177e-17 2.304167e-35
[1] 6.792669e-20 5.591944e-27 1.491732e-17 2.310485e-35
[1] 6.857617e-20 5.368075e-27 1.457583e-17 2.260807e-35
[1] 6.783375e-20 5.553957e-27 1.494042e-17 6.582877e-33
[1] 6.797694e-20 5.597499e-27 1.494167e-17 2.276965e-35
[1] 6.862072e-20 5.372783e-27 1.472287e-17 6.530539e-33
[1] 6.864968e-20 5.397331e-27 1.463244e-17 1.339554e-38
[1] 6.835041e-20 5.280932e-27 1.464988e-17 2.318283e-35
[1] 6.867589e-20 5.403384e-27 1.472626e-17 9.216318e-51
[1] 6.791376e-20 5.562189e-27 1.483314e-17 2.232330e-35
[1] 6.859594e-20 5.365100e-27 1.473034e-17 6.800584e-51
[1] 6.797690e-20 5.578584e-27 1.506478e-17 2.373408e-35
[1] 6.686109e-20 4.941330e-27 1.387285e-17 2.236103e-35
[1] 6.838973e-20 5.269795e-27 1.463717e-17 1.054894e-42
[1] 6.403437e-20 4.869314e-27 1.345411e-17 2.164951e-35
[1] 6.856412e-20 5.333480e-27 1.461542e-17 1.339983e-38
[1] 6.833643e-20 5.246784e-27 1.462083e-17 2.317172e-35
[1] 6.823555e-20 5.203232e-27 1.448448e-17 9.213679e-33
[1] 6.859585e-20 5.317424e-27 1.457959e-17 2.279516e-35
[1] 6.836737e-20 5.239427e-27 1.460819e-17 2.249834e-35
[1] 6.805063e-20 4.829167e-27 1.376881e-17 2.223299e-35
[1] 6.866034e-20 5.336556e-27 1.469242e-17 2.310441e-35
[1] 6.796937e-20 5.531740e-27 1.491086e-17 2.340572e-35
[1] 6.833878e-20 5.223476e-27 1.452057e-17 2.232901e-35
[1] 6.364210e-20 4.751427e-27 1.308325e-17 2.096302e-35
[1] 6.863800e-20 5.323536e-27 1.469773e-17 2.320991e-35
[1] 6.859498e-20 5.314939e-27 1.469048e-17 2.277649e-35
[1] 6.767156e-20 4.615539e-27 1.333031e-17 2.165079e-35
[1] 6.854560e-20 5.278032e-27 1.452727e-17 2.211400e-35
[1] 6.821842e-20 4.432902e-27 1.302965e-17 2.082760e-35
[1] 6.796998e-20 5.492037e-27 1.485754e-17 2.309498e-35
[1] 6.660556e-20 4.634912e-27 1.332469e-17 2.195726e-35
[1] 6.794994e-20 5.513167e-27 1.486100e-17 2.251840e-35
[1] 6.797860e-20 5.491627e-27 1.488286e-17 2.334508e-35
[1] 6.841662e-20 5.213393e-27 1.450157e-17 2.285269e-35
[1] 6.833422e-20 5.184792e-27 1.450440e-17 2.230465e-35
[1] 6.858083e-20 5.260762e-27 1.457939e-17 2.230568e-35
Algorithm did not converge after  500  iterations.
[1] 3.416738e-17 9.256059e-20 3.531951e-31 1.372643e-29
Algorithm converged after  10  iterations.
[1] 3.416738e-17 9.256059e-20 3.531951e-31 5.226691e-30
[1] 6.686237e-20 1.109827e-28 8.598389e-24 3.226201e-18
[1] 6.643185e-20 9.406144e-29 8.790605e-24 3.311727e-18
[1] 6.653306e-20 2.043866e-47 1.698061e-23 3.666960e-18
Algorithm converged after  40  iterations.
[1] 3.416738e-17 9.256059e-20 1.372643e-29 5.226691e-30
Algorithm converged after  5  iterations.
numeric(0)
Algorithm converged after  1  iterations.
[1] 7.69238e-23
Algorithm converged after  2  iterations.
[1] 1.015552e-23
Algorithm converged after  2  iterations.
[1] 2.362719e-18
Algorithm converged after  2  iterations.
[1] 7.69238e-23 5.75407e-26
Algorithm converged after  2  iterations.
[1] 1.015552e-23 2.418014e-26
Algorithm converged after  2  iterations.
[1] 2.362719e-18 1.366365e-23
Algorithm converged after  2  iterations.
[1] 7.692380e-23 1.015552e-23
Algorithm converged after  2  iterations.
[1] 7.692380e-23 2.362719e-18
Algorithm converged after  2  iterations.
[1] 1.015552e-23 2.362719e-18
Algorithm converged after  2  iterations.
[1] 7.692380e-23 5.754070e-26 1.015552e-23
Algorithm converged after  2  iterations.
[1] 7.692380e-23 5.754070e-26 2.362719e-18
Algorithm converged after  2  iterations.
[1] 7.692380e-23 1.015552e-23 2.418014e-26
Algorithm converged after  2  iterations.
[1] 7.692380e-23 2.362719e-18 1.366365e-23
Algorithm converged after  2  iterations.
