myseed=9414 

Attaching package: ‘pls’

The following object is masked from ‘package:stats’:

    loadings

Loading required package: lattice
Loading required package: ggplot2
Registered S3 methods overwritten by 'ggplot2':
  method         from 
  [.quosures     rlang
  c.quosures     rlang
  print.quosures rlang

Attaching package: ‘caret’

The following object is masked from ‘package:pls’:

    R2

Loading required package: Matrix
Loading required package: foreach
Loaded glmnet 2.0-18

Parsed with column specification:
cols(
  .default = col_double()
)
See spec(...) for full column specifications.
Parsed with column specification:
cols(
  X1 = col_double()
)
Parsed with column specification:
cols(
  X1 = col_double()
)
numeric(0)
Algorithm converged after  1  iterations.
[1] 1.277215e-23
Algorithm converged after  2  iterations.
[1] 1.613341e-25
Algorithm converged after  2  iterations.
[1] 5.577141e-19
Algorithm converged after  2  iterations.
[1] 1.277215e-23 3.483144e-26
Algorithm converged after  2  iterations.
[1] 1.613341e-25 7.117488e-46
Algorithm converged after  2  iterations.
[1] 5.577141e-19 1.757017e-23
Algorithm converged after  2  iterations.
[1] 1.277215e-23 1.613341e-25
Algorithm converged after  2  iterations.
[1] 1.277215e-23 5.577141e-19
Algorithm converged after  2  iterations.
[1] 1.613341e-25 5.577141e-19
Algorithm converged after  2  iterations.
[1] 1.277215e-23 3.483144e-26 1.613341e-25
Algorithm converged after  2  iterations.
[1] 1.277215e-23 3.483144e-26 5.577141e-19
Algorithm converged after  2  iterations.
[1] 1.277215e-23 1.613341e-25 7.117488e-46
Algorithm converged after  2  iterations.
[1] 1.277215e-23 5.577141e-19 1.757017e-23
Algorithm converged after  2  iterations.
[1] 1.613341e-25 7.117488e-46 5.577141e-19
Algorithm converged after  2  iterations.
[1] 1.613341e-25 5.577141e-19 1.757017e-23
Algorithm converged after  2  iterations.
[1] 1.277215e-23 1.613341e-25 5.577141e-19
Algorithm converged after  2  iterations.
[1] 1.277215e-23 3.483144e-26 1.613341e-25 7.117488e-46
Algorithm converged after  2  iterations.
[1] 1.277215e-23 3.483144e-26 5.577141e-19 1.757017e-23
Algorithm converged after  2  iterations.
[1] 1.613341e-25 7.117488e-46 5.577141e-19 1.757017e-23
Algorithm converged after  2  iterations.
[1] 1.277215e-23 3.483144e-26 1.613341e-25 5.577141e-19
Algorithm converged after  2  iterations.
[1] 1.277215e-23 1.613341e-25 7.117488e-46 5.577141e-19
Algorithm converged after  2  iterations.
[1] 1.277215e-23 1.613341e-25 5.577141e-19 1.757017e-23
Algorithm converged after  2  iterations.
[1] 6.31825e-17
Algorithm converged after  2  iterations.
[1] 6.318250e-17 1.899107e-24
Algorithm converged after  6  iterations.
[1] 6.318250e-17 2.872162e-24
Algorithm converged after  6  iterations.
[1] 6.318250e-17 4.671047e-23
Algorithm converged after  8  iterations.
[1] 6.318250e-17 1.899107e-24 1.597816e-34
Algorithm converged after  6  iterations.
[1] 6.318250e-17 2.872162e-24 4.978282e-49
[1] 7.387085e-17 2.922197e-24 3.401520e-33
[1] 9.176460e-17 2.998319e-24 3.452541e-33
[1] 7.346188e-17 2.920821e-24 3.415023e-33
[1] 8.564989e-17 2.973944e-24 3.388155e-33
Algorithm converged after  47  iterations.
[1] 6.318250e-17 4.671047e-23 4.259543e-30
Algorithm converged after  8  iterations.
[1] 6.318250e-17 1.899107e-24 2.872162e-24
Algorithm converged after  7  iterations.
[1] 6.318250e-17 1.899107e-24 4.671047e-23
Algorithm converged after  7  iterations.
[1] 6.318250e-17 2.872162e-24 4.671047e-23
Algorithm converged after  7  iterations.
[1] 6.318250e-17 1.899107e-24 1.597816e-34 2.872162e-24
Algorithm converged after  7  iterations.
[1] 6.318250e-17 1.899107e-24 1.597816e-34 4.671047e-23
Algorithm converged after  7  iterations.
[1] 6.318250e-17 1.899107e-24 2.872162e-24 4.978282e-49
Algorithm converged after  8  iterations.
[1] 6.318250e-17 1.899107e-24 4.671047e-23 4.259543e-30
Algorithm converged after  8  iterations.
[1] 6.318250e-17 2.872162e-24 4.978282e-49 4.671047e-23
Algorithm converged after  10  iterations.
[1] 6.318250e-17 2.872162e-24 4.671047e-23 4.259543e-30
Algorithm converged after  8  iterations.
[1] 6.318250e-17 1.899107e-24 2.872162e-24 4.671047e-23
Algorithm converged after  8  iterations.
[1] 6.318250e-17 8.642058e-20
Algorithm converged after  2  iterations.
[1] 6.318250e-17 8.642058e-20 1.327035e-31
Algorithm converged after  5  iterations.
[1] 6.318250e-17 8.642058e-20 6.561913e-30
Algorithm converged after  8  iterations.
[1] 6.318250e-17 8.642058e-20 4.555113e-28
Algorithm converged after  6  iterations.
[1] 6.318250e-17 8.642058e-20 1.327035e-31 4.451949e-35
Algorithm converged after  6  iterations.
[1] 6.318250e-17 8.642058e-20 6.561913e-30 5.509044e-33
[1] 8.746523e-20 3.292633e-27 2.657954e-23 3.890920e-33
Algorithm converged after  12  iterations.
[1] 6.318250e-17 8.642058e-20 4.555113e-28 1.753942e-30
Algorithm converged after  8  iterations.
[1] 6.318250e-17 8.642058e-20 1.327035e-31 6.561913e-30
Algorithm converged after  5  iterations.
[1] 6.318250e-17 8.642058e-20 1.327035e-31 4.555113e-28
Algorithm converged after  6  iterations.
[1] 6.318250e-17 8.642058e-20 6.561913e-30 4.555113e-28
Algorithm converged after  8  iterations.
numeric(0)
Algorithm converged after  1  iterations.
[1] 3.094286e-23
Algorithm converged after  2  iterations.
[1] 8.608057e-24
Algorithm converged after  2  iterations.
[1] 3.899061e-19
Algorithm converged after  2  iterations.
[1] 3.094286e-23 3.105105e-26
Algorithm converged after  2  iterations.
[1] 8.608057e-24 1.474811e-25
Algorithm converged after  2  iterations.
[1] 3.899061e-19 9.806081e-24
Algorithm converged after  2  iterations.
[1] 3.094286e-23 8.608057e-24
Algorithm converged after  2  iterations.
[1] 3.094286e-23 3.899061e-19
Algorithm converged after  2  iterations.
[1] 8.608057e-24 3.899061e-19
Algorithm converged after  2  iterations.
[1] 3.094286e-23 3.105105e-26 8.608057e-24
Algorithm converged after  2  iterations.
[1] 3.094286e-23 3.105105e-26 3.899061e-19
Algorithm converged after  2  iterations.
[1] 3.094286e-23 8.608057e-24 1.474811e-25
Algorithm converged after  2  iterations.
[1] 3.094286e-23 3.899061e-19 9.806081e-24
Algorithm converged after  2  iterations.
[1] 8.608057e-24 1.474811e-25 3.899061e-19
Algorithm converged after  2  iterations.
[1] 8.608057e-24 3.899061e-19 9.806081e-24
Algorithm converged after  2  iterations.
[1] 3.094286e-23 8.608057e-24 3.899061e-19
Algorithm converged after  2  iterations.
[1] 3.094286e-23 3.105105e-26 8.608057e-24 1.474811e-25
Algorithm converged after  2  iterations.
[1] 3.094286e-23 3.105105e-26 3.899061e-19 9.806081e-24
Algorithm converged after  2  iterations.
[1] 8.608057e-24 1.474811e-25 3.899061e-19 9.806081e-24
Algorithm converged after  2  iterations.
[1] 3.094286e-23 3.105105e-26 8.608057e-24 3.899061e-19
Algorithm converged after  2  iterations.
[1] 3.094286e-23 8.608057e-24 1.474811e-25 3.899061e-19
Algorithm converged after  2  iterations.
[1] 3.094286e-23 8.608057e-24 3.899061e-19 9.806081e-24
Algorithm converged after  2  iterations.
[1] 2.785755e-17
Algorithm converged after  2  iterations.
[1] 2.785755e-17 2.233073e-24
Algorithm converged after  6  iterations.
[1] 2.785755e-17 3.152596e-24
Algorithm converged after  6  iterations.
[1] 2.785755e-17 1.625270e-23
Algorithm converged after  5  iterations.
[1] 2.785755e-17 2.233073e-24 3.512666e-34
Algorithm converged after  6  iterations.
[1] 2.785755e-17 3.152596e-24 1.222915e-32
[1] 4.180822e-17 3.296585e-24 1.005637e-59
[1] 3.603756e-17 3.240751e-24 5.884671e-31
[1] 3.928605e-17 3.272871e-24 1.187947e-32
[1] 3.642722e-17 3.245570e-24 1.383495e-51
[1] 3.604093e-17 3.241805e-24 1.195828e-32
Algorithm converged after  54  iterations.
[1] 2.785755e-17 1.625270e-23 4.806158e-30
Algorithm converged after  6  iterations.
[1] 2.785755e-17 2.233073e-24 3.152596e-24
Algorithm converged after  7  iterations.
[1] 2.785755e-17 2.233073e-24 1.625270e-23
Algorithm converged after  7  iterations.
[1] 2.785755e-17 3.152596e-24 1.625270e-23
Algorithm converged after  7  iterations.
[1] 2.785755e-17 2.233073e-24 3.512666e-34 3.152596e-24
Algorithm converged after  9  iterations.
[1] 2.785755e-17 2.233073e-24 3.512666e-34 1.625270e-23
[1] 7.615251e-17 2.584736e-24 7.110606e-35 1.839040e-23
[1] 8.634913e-17 2.644900e-24 1.185346e-50 1.875418e-23
[1] 7.534873e-17 2.580047e-24 7.132333e-35 1.836214e-23
[1] 8.641373e-17 2.645459e-24 5.866720e-35 1.875785e-23
[1] 7.541055e-17 2.580631e-24 5.945845e-35 1.836559e-23
[1] 7.541618e-17 2.580796e-24 1.217850e-31 1.836639e-23
[1] 7.611820e-17 2.585115e-24 7.097685e-35 1.839256e-23
[1] 8.603884e-17 2.643876e-24 5.870816e-35 1.874771e-23
[1] 7.294968e-17 2.566089e-24 7.113496e-35 1.827713e-23
[1] 7.919838e-17 2.603774e-24 1.219883e-31 1.850566e-23
[1] 8.603706e-17 2.644532e-24 6.968584e-35 1.875146e-23
[1] 7.940587e-17 2.605501e-24 1.039015e-44 1.851576e-23
[1] 7.297927e-17 2.566987e-24 7.126665e-35 1.828227e-23
[1] 7.611447e-17 2.586227e-24 5.936212e-35 1.839867e-23
[1] 8.047866e-17 2.611993e-24 5.966366e-35 1.855517e-23
[1] 7.368552e-17 2.571858e-24 1.215071e-31 1.831170e-23
[1] 7.368345e-17 2.572011e-24 1.215150e-31 1.831231e-23
[1] 7.368388e-17 2.572172e-24 1.215179e-31 1.831297e-23
[1] 7.368457e-17 2.572335e-24 1.215208e-31 1.831363e-23
[1] 7.368530e-17 2.572498e-24 1.215237e-31 1.831430e-23
[1] 7.368585e-17 2.572660e-24 1.215266e-31 1.831497e-23
[1] 7.368648e-17 2.572822e-24 1.215295e-31 1.831563e-23
[1] 8.140171e-17 2.619119e-24 5.949271e-35 1.859598e-23
[1] 8.068233e-17 2.615192e-24 1.157404e-34 1.857193e-23
[1] 7.940952e-17 2.607755e-24 1.220064e-31 1.852696e-23
[1] 7.543827e-17 2.584271e-24 5.932010e-35 1.838431e-23
[1] 7.613438e-17 2.588650e-24 1.218673e-31 1.841062e-23
[1] 7.615903e-17 2.588966e-24 7.094287e-35 1.841238e-23
[1] 8.602895e-17 2.647610e-24 6.976848e-35 1.876691e-23
[1] 7.328723e-17 2.571622e-24 7.165901e-35 1.830739e-23
[1] 8.062511e-17 2.615916e-24 3.340161e-33 1.857577e-23
[1] 7.811568e-17 2.601150e-24 1.217500e-31 1.848697e-23
[1] 7.370647e-17 2.574866e-24 1.215385e-31 1.832723e-23
[1] 7.521526e-17 2.584275e-24 7.100967e-35 1.838413e-23
[1] 7.526106e-17 2.584699e-24 5.933736e-35 1.838657e-23
[1] 7.519797e-17 2.584372e-24 7.319160e-43 1.838455e-23
[1] 7.941877e-17 2.609770e-24 1.219984e-31 1.853863e-23
[1] 8.086223e-17 2.618434e-24 5.931556e-35 1.859093e-23
[1] 7.538743e-17 2.585963e-24 3.340465e-33 1.839400e-23
[1] 7.538161e-17 2.586107e-24 1.218212e-31 1.839473e-23
[1] 8.142704e-17 2.622185e-24 5.929896e-35 1.861332e-23
[1] 7.613900e-17 2.590992e-24 3.346145e-33 1.842404e-23
[1] 7.274909e-17 2.570338e-24 5.980837e-35 1.829892e-23
[1] 8.086880e-17 2.619300e-24 1.222898e-31 1.859562e-23
[1] 7.869699e-17 2.605903e-24 7.193530e-35 1.851524e-23
[1] 7.300273e-17 2.572497e-24 7.129456e-35 1.831186e-23
[1] 8.604544e-17 2.650522e-24 6.973121e-35 1.878403e-23
[1] 8.603421e-17 2.650574e-24 5.868936e-35 1.878433e-23
[1] 7.534207e-17 2.587160e-24 7.167957e-35 1.840055e-23
Algorithm did not converge after  500  iterations.
[1] 2.785755e-17 2.233073e-24 3.152596e-24 1.222915e-32
[1] 6.832622e-17 2.536647e-24 3.522909e-24 1.135073e-32
[1] 6.066401e-17 2.487489e-24 3.462807e-24 1.182329e-32
Algorithm converged after  22  iterations.
[1] 2.785755e-17 2.233073e-24 1.625270e-23 4.806158e-30
Algorithm converged after  8  iterations.
[1] 2.785755e-17 3.152596e-24 1.222915e-32 1.625270e-23
[1] 6.956185e-17 3.531325e-24 6.479000e-42 1.814103e-23
[1] 6.220668e-17 3.474273e-24 1.157192e-32 1.785690e-23
[1] 6.221192e-17 3.474401e-24 3.706910e-51 1.785768e-23
[1] 6.226115e-17 3.475005e-24 1.150359e-32 1.786049e-23
Algorithm converged after  42  iterations.
[1] 2.785755e-17 3.152596e-24 1.625270e-23 4.806158e-30
Algorithm converged after  7  iterations.
[1] 2.785755e-17 2.233073e-24 3.152596e-24 1.625270e-23
Algorithm converged after  8  iterations.
[1] 2.785755e-17 7.372841e-20
Algorithm converged after  2  iterations.
[1] 2.785755e-17 7.372841e-20 1.563503e-31
Algorithm converged after  5  iterations.
[1] 2.785755e-17 7.372841e-20 2.739275e-29
Algorithm converged after  4  iterations.
[1] 2.785755e-17 7.372841e-20 3.715506e-28
Algorithm converged after  6  iterations.
[1] 2.785755e-17 7.372841e-20 1.563503e-31 8.485912e-34
Algorithm converged after  5  iterations.
[1] 2.785755e-17 7.372841e-20 2.739275e-29 1.102086e-32
Algorithm converged after  5  iterations.
[1] 2.785755e-17 7.372841e-20 3.715506e-28 1.984785e-30
Algorithm converged after  7  iterations.
[1] 2.785755e-17 7.372841e-20 1.563503e-31 2.739275e-29
Algorithm converged after  5  iterations.
[1] 2.785755e-17 7.372841e-20 1.563503e-31 3.715506e-28
Algorithm converged after  6  iterations.
[1] 2.785755e-17 7.372841e-20 2.739275e-29 3.715506e-28
Algorithm converged after  6  iterations.
numeric(0)
Algorithm converged after  1  iterations.
[1] 2.651646e-23
Algorithm converged after  2  iterations.
[1] 2.087191e-24
Algorithm converged after  2  iterations.
[1] 1.833112e-19
Algorithm converged after  2  iterations.
[1] 2.651646e-23 2.256895e-26
Algorithm converged after  2  iterations.
[1] 2.087191e-24 1.362504e-25
Algorithm converged after  2  iterations.
[1] 1.833112e-19 2.069551e-24
Algorithm converged after  2  iterations.
[1] 2.651646e-23 2.087191e-24
Algorithm converged after  2  iterations.
[1] 2.651646e-23 1.833112e-19
Algorithm converged after  2  iterations.
[1] 2.087191e-24 1.833112e-19
Algorithm converged after  2  iterations.
[1] 2.651646e-23 2.256895e-26 2.087191e-24
Algorithm converged after  2  iterations.
[1] 2.651646e-23 2.256895e-26 1.833112e-19
Algorithm converged after  2  iterations.
[1] 2.651646e-23 2.087191e-24 1.362504e-25
Algorithm converged after  2  iterations.
[1] 2.651646e-23 1.833112e-19 2.069551e-24
Algorithm converged after  2  iterations.
[1] 2.087191e-24 1.362504e-25 1.833112e-19
Algorithm converged after  2  iterations.
[1] 2.087191e-24 1.833112e-19 2.069551e-24
Algorithm converged after  2  iterations.
[1] 2.651646e-23 2.087191e-24 1.833112e-19
Algorithm converged after  2  iterations.
[1] 2.651646e-23 2.256895e-26 2.087191e-24 1.362504e-25
Algorithm converged after  2  iterations.
[1] 2.651646e-23 2.256895e-26 1.833112e-19 2.069551e-24
Algorithm converged after  2  iterations.
[1] 2.087191e-24 1.362504e-25 1.833112e-19 2.069551e-24
Algorithm converged after  2  iterations.
[1] 2.651646e-23 2.256895e-26 2.087191e-24 1.833112e-19
Algorithm converged after  2  iterations.
[1] 2.651646e-23 2.087191e-24 1.362504e-25 1.833112e-19
Algorithm converged after  2  iterations.
[1] 2.651646e-23 2.087191e-24 1.833112e-19 2.069551e-24
Algorithm converged after  2  iterations.
[1] 1.96475e-20
Algorithm converged after  2  iterations.
[1] 1.964750e-20 1.083818e-23
Algorithm converged after  6  iterations.
[1] 1.964750e-20 1.069262e-23
Algorithm converged after  5  iterations.
[1] 1.964750e-20 1.379827e-18
Algorithm converged after  5  iterations.
[1] 1.964750e-20 1.083818e-23 9.150904e-35
Algorithm converged after  5  iterations.
[1] 1.964750e-20 1.069262e-23 4.988303e-33
Algorithm converged after  6  iterations.
[1] 1.964750e-20 1.379827e-18 8.110617e-31
Algorithm converged after  6  iterations.
[1] 1.964750e-20 1.083818e-23 1.069262e-23
Algorithm converged after  6  iterations.
[1] 1.964750e-20 1.083818e-23 1.379827e-18
Algorithm converged after  7  iterations.
[1] 1.964750e-20 1.069262e-23 1.379827e-18
Algorithm converged after  6  iterations.
[1] 1.964750e-20 1.083818e-23 9.150904e-35 1.069262e-23
Algorithm converged after  6  iterations.
[1] 1.964750e-20 1.083818e-23 9.150904e-35 1.379827e-18
Algorithm converged after  6  iterations.
[1] 1.964750e-20 1.083818e-23 1.069262e-23 4.988303e-33
Algorithm converged after  7  iterations.
[1] 1.964750e-20 1.083818e-23 1.379827e-18 8.110617e-31
Algorithm converged after  7  iterations.
[1] 1.964750e-20 1.069262e-23 4.988303e-33 1.379827e-18
Algorithm converged after  7  iterations.
[1] 1.964750e-20 1.069262e-23 1.379827e-18 8.110617e-31
Algorithm converged after  6  iterations.
[1] 1.964750e-20 1.083818e-23 1.069262e-23 1.379827e-18
Algorithm converged after  7  iterations.
[1] 1.964750e-20 1.292475e-28
Algorithm converged after  2  iterations.
[1] 1.964750e-20 1.292475e-28 2.923836e-24
Algorithm converged after  8  iterations.
[1] 1.964750e-20 1.292475e-28 3.736555e-24
[1] 2.146025e-20 1.824580e-25 1.198464e-23
Algorithm converged after  13  iterations.
[1] 1.964750e-20 1.292475e-28 2.773126e-19
[1] 2.192566e-20 1.091509e-27 3.750531e-18
Algorithm converged after  14  iterations.
[1] 1.964750e-20 1.292475e-28 2.923836e-24 6.756637e-32
Algorithm converged after  6  iterations.
[1] 1.964750e-20 1.292475e-28 3.736555e-24 4.326253e-44
[1] 2.119781e-20 7.333812e-27 1.195678e-23 2.118406e-29
[1] 2.170644e-20 8.206800e-61 1.119458e-23 4.954098e-33
[1] 2.221157e-20 1.521723e-25 1.195926e-23 6.729253e-32
[1] 2.204669e-20 2.134448e-44 1.182010e-23 5.525251e-33
[1] 2.010186e-20 2.057852e-27 1.101475e-23 2.164873e-30
[1] 2.005802e-20 1.958978e-27 1.098512e-23 1.444728e-32
[1] 2.132024e-20 2.286611e-25 1.215060e-23 5.881893e-52
[1] 2.157025e-20 9.594966e-29 1.131979e-23 4.061938e-33
[1] 2.131153e-20 6.441851e-27 1.184478e-23 1.395635e-29
[1] 2.186158e-20 3.171611e-27 1.167211e-23 1.247316e-32
[1] 2.192745e-20 6.276185e-27 1.192315e-23 1.201495e-29
[1] 2.115218e-20 4.775676e-28 1.088699e-23 5.085363e-34
[1] 2.103383e-20 1.245793e-27 1.100602e-23 1.963507e-32
[1] 2.164800e-20 3.298742e-27 1.135515e-23 5.920481e-33
[1] 2.176429e-20 1.744116e-25 1.279921e-23 9.463563e-34
[1] 2.125546e-20 6.623303e-27 1.186331e-23 1.408455e-29
[1] 2.155280e-20 2.317173e-25 1.232165e-23 6.575817e-32
[1] 2.109932e-20 4.596110e-28 1.092968e-23 5.225715e-34
[1] 2.210990e-20 2.650114e-27 1.149674e-23 6.701920e-33
[1] 2.163317e-20 3.169965e-27 1.133048e-23 6.127996e-33
[1] 2.161354e-20 3.089043e-27 1.134709e-23 7.080660e-33
[1] 2.225204e-20 1.838485e-43 1.148087e-23 7.871875e-34
[1] 2.106997e-20 3.022415e-27 1.130291e-23 9.911135e-33
[1] 2.187494e-20 3.219802e-27 1.172687e-23 1.358762e-32
[1] 2.156914e-20 1.633388e-45 1.109210e-23 5.028151e-33
[1] 2.161014e-20 3.129091e-27 1.133858e-23 6.446826e-33
[1] 2.128441e-20 8.599802e-27 1.214853e-23 3.112390e-33
[1] 2.135710e-20 4.694249e-27 1.200671e-23 2.245479e-29
[1] 2.078218e-20 3.503242e-25 1.237759e-23 1.770759e-51
[1] 2.118340e-20 3.069796e-27 1.136538e-23 9.944180e-33
[1] 2.115361e-20 7.060645e-48 1.112201e-23 5.001788e-33
[1] 2.184855e-20 3.674180e-27 1.153897e-23 5.949283e-33
[1] 2.127873e-20 6.490321e-27 1.189691e-23 1.424269e-29
[1] 2.166510e-20 1.124626e-30 1.073395e-23 4.726722e-33
[1] 2.176661e-20 1.017669e-44 1.130003e-23 4.935948e-33
[1] 2.161054e-20 3.103918e-27 1.139595e-23 1.012720e-32
[1] 2.116300e-20 4.614643e-28 1.100353e-23 2.307238e-33
[1] 2.189046e-20 3.128107e-27 1.170900e-23 1.186078e-32
[1] 2.002657e-20 1.910227e-27 1.105031e-23 1.427466e-32
[1] 2.212830e-20 2.714968e-27 1.156766e-23 6.409360e-33
[1] 2.125628e-20 7.189313e-27 1.204677e-23 2.203667e-29
[1] 2.157542e-20 3.327288e-27 1.142420e-23 6.457994e-33
[1] 2.078122e-20 3.943464e-25 1.243239e-23 4.545376e-32
Algorithm converged after  431  iterations.
[1] 1.964750e-20 1.292475e-28 2.773126e-19 1.632833e-34
[1] 2.175972e-20 8.782629e-28 3.409378e-18 2.030119e-35
Algorithm converged after  16  iterations.
[1] 1.964750e-20 1.292475e-28 2.923836e-24 3.736555e-24
Algorithm converged after  7  iterations.
[1] 1.964750e-20 1.292475e-28 2.923836e-24 2.773126e-19
Algorithm converged after  7  iterations.
[1] 1.964750e-20 1.292475e-28 3.736555e-24 2.773126e-19
Algorithm converged after  10  iterations.
numeric(0)
Algorithm converged after  1  iterations.
[1] 2.851921e-23
Algorithm converged after  2  iterations.
[1] 3.591739e-24
Algorithm converged after  2  iterations.
[1] 1.222991e-19
Algorithm converged after  2  iterations.
[1] 2.851921e-23 4.472567e-26
Algorithm converged after  2  iterations.
[1] 3.591739e-24 3.275739e-25
Algorithm converged after  2  iterations.
[1] 1.222991e-19 1.648250e-23
Algorithm converged after  2  iterations.
[1] 2.851921e-23 3.591739e-24
Algorithm converged after  2  iterations.
[1] 2.851921e-23 1.222991e-19
Algorithm converged after  2  iterations.
[1] 3.591739e-24 1.222991e-19
Algorithm converged after  2  iterations.
[1] 2.851921e-23 4.472567e-26 3.591739e-24
Algorithm converged after  2  iterations.
[1] 2.851921e-23 4.472567e-26 1.222991e-19
Algorithm converged after  2  iterations.
[1] 2.851921e-23 3.591739e-24 3.275739e-25
Algorithm converged after  2  iterations.
[1] 2.851921e-23 1.222991e-19 1.648250e-23
Algorithm converged after  2  iterations.
[1] 3.591739e-24 3.275739e-25 1.222991e-19
Algorithm converged after  2  iterations.
[1] 3.591739e-24 1.222991e-19 1.648250e-23
Algorithm converged after  2  iterations.
[1] 2.851921e-23 3.591739e-24 1.222991e-19
Algorithm converged after  2  iterations.
[1] 2.851921e-23 4.472567e-26 3.591739e-24 3.275739e-25
Algorithm converged after  2  iterations.
[1] 2.851921e-23 4.472567e-26 1.222991e-19 1.648250e-23
Algorithm converged after  2  iterations.
[1] 3.591739e-24 3.275739e-25 1.222991e-19 1.648250e-23
Algorithm converged after  2  iterations.
[1] 2.851921e-23 4.472567e-26 3.591739e-24 1.222991e-19
Algorithm converged after  2  iterations.
[1] 2.851921e-23 3.591739e-24 3.275739e-25 1.222991e-19
Algorithm converged after  2  iterations.
[1] 2.851921e-23 3.591739e-24 1.222991e-19 1.648250e-23
Algorithm converged after  2  iterations.
[1] 8.225365e-20
Algorithm converged after  2  iterations.
[1] 8.225365e-20 8.872824e-24
Algorithm converged after  6  iterations.
[1] 8.225365e-20 1.220768e-23
Algorithm converged after  6  iterations.
[1] 8.225365e-20 1.136652e-18
Algorithm converged after  6  iterations.
[1] 8.225365e-20 8.872824e-24 7.022715e-34
[1] 8.906271e-20 9.572907e-24 7.818181e-35
[1] 8.533548e-20 9.225923e-24 7.799522e-35
[1] 8.190526e-20 8.881761e-24 7.000993e-34
[1] 8.190509e-20 8.881602e-24 7.001021e-34
[1] 8.190488e-20 8.881437e-24 7.001060e-34
[1] 8.190467e-20 8.881272e-24 7.001099e-34
[1] 8.190446e-20 8.881107e-24 7.001139e-34
[1] 8.190426e-20 8.880942e-24 7.001178e-34
[1] 8.190405e-20 8.880777e-24 7.001217e-34
[1] 8.190384e-20 8.880610e-24 7.001257e-34
[1] 8.190363e-20 8.880446e-24 7.001296e-34
[1] 8.378256e-20 9.022565e-24 9.942756e-32
[1] 8.536195e-20 9.228703e-24 7.784633e-35
[1] 8.190230e-20 8.879339e-24 7.002349e-34
[1] 8.189038e-20 8.877141e-24 7.005013e-34
[1] 8.191429e-20 8.871545e-24 6.997462e-34
[1] 8.762404e-20 9.426282e-24 7.838858e-35
[1] 8.188920e-20 8.875952e-24 7.005168e-34
[1] 8.189870e-20 8.877333e-24 7.002440e-34
[1] 8.522093e-20 9.211367e-24 6.916961e-34
[1] 8.585025e-20 9.275667e-24 7.774762e-35
[1] 8.530606e-20 9.220100e-24 9.995603e-32
[1] 8.759773e-20 9.423204e-24 7.837397e-35
[1] 8.204807e-20 8.888657e-24 7.010763e-34
[1] 8.205054e-20 8.888585e-24 7.011302e-34
[1] 9.038258e-20 9.736228e-24 7.710746e-35
[1] 8.188678e-20 8.873865e-24 7.005585e-34
[1] 8.189076e-20 8.873973e-24 7.004756e-34
[1] 8.204579e-20 8.886841e-24 7.011192e-34
[1] 8.527121e-20 9.212436e-24 6.595291e-57
[1] 9.048898e-20 9.743338e-24 7.710754e-35
[1] 8.204437e-20 8.885712e-24 7.011461e-34
[1] 8.530555e-20 9.217320e-24 7.787591e-35
[1] 8.530273e-20 9.216283e-24 9.995413e-32
[1] 8.190909e-20 8.873774e-24 9.946396e-32
[1] 8.530204e-20 9.215554e-24 6.562213e-47
[1] 8.550726e-20 9.226218e-24 9.999396e-32
[1] 8.521166e-20 9.204362e-24 7.800443e-35
[1] 8.521922e-20 9.205459e-24 7.797612e-35
[1] 9.012256e-20 9.660671e-24 7.831168e-35
[1] 8.204298e-20 8.882564e-24 7.012736e-34
[1] 8.584220e-20 9.268385e-24 1.196083e-41
[1] 9.037642e-20 9.729794e-24 7.713640e-35
[1] 8.204133e-20 8.881329e-24 7.013016e-34
[1] 8.564923e-20 9.215150e-24 7.891657e-35
[1] 8.521376e-20 9.202650e-24 7.799945e-35
[1] 8.187752e-20 8.866537e-24 7.007394e-34
[1] 8.582247e-20 9.264746e-24 1.108261e-46
[1] 8.521343e-20 9.201710e-24 7.800094e-35
Algorithm did not converge after  500  iterations.
[1] 8.225365e-20 1.220768e-23 1.144022e-32
Algorithm converged after  8  iterations.
[1] 8.225365e-20 1.136652e-18 5.512304e-31
Algorithm converged after  6  iterations.
[1] 8.225365e-20 8.872824e-24 1.220768e-23
Algorithm converged after  6  iterations.
[1] 8.225365e-20 8.872824e-24 1.136652e-18
Algorithm converged after  7  iterations.
[1] 8.225365e-20 1.220768e-23 1.136652e-18
Algorithm converged after  6  iterations.
[1] 8.225365e-20 8.872824e-24 7.022715e-34 1.220768e-23
Algorithm converged after  7  iterations.
[1] 8.225365e-20 8.872824e-24 7.022715e-34 1.136652e-18
[1] 8.721053e-20 9.398671e-24 7.886382e-35 1.199751e-18
[1] 9.311188e-20 9.982050e-24 7.765713e-35 1.272763e-18
Algorithm converged after  27  iterations.
[1] 8.225365e-20 8.872824e-24 1.220768e-23 1.144022e-32
Algorithm converged after  9  iterations.
[1] 8.225365e-20 8.872824e-24 1.136652e-18 5.512304e-31
Algorithm converged after  7  iterations.
[1] 8.225365e-20 1.220768e-23 1.144022e-32 1.136652e-18
Algorithm converged after  9  iterations.
[1] 8.225365e-20 1.220768e-23 1.136652e-18 5.512304e-31
Algorithm converged after  7  iterations.
[1] 8.225365e-20 8.872824e-24 1.220768e-23 1.136652e-18
Algorithm converged after  7  iterations.
[1] 8.225365e-20 5.109827e-31
Algorithm converged after  2  iterations.
[1] 8.225365e-20 5.109827e-31 9.186623e-24
Algorithm converged after  6  iterations.
[1] 8.225365e-20 5.109827e-31 1.142278e-23
Algorithm converged after  6  iterations.
[1] 8.225365e-20 5.109827e-31 1.099506e-18
Algorithm converged after  6  iterations.
[1] 8.225365e-20 5.109827e-31 9.186623e-24 8.908953e-44
[1] 8.641992e-20 3.809398e-25 1.345129e-23 1.299007e-34
[1] 8.728934e-20 2.279841e-27 9.610100e-24 2.229649e-32
[1] 9.106152e-20 3.667629e-44 1.134340e-23 5.872159e-47
[1] 8.521014e-20 2.640168e-27 1.145787e-23 4.804049e-49
[1] 8.818072e-20 1.956402e-27 9.536431e-24 2.087121e-32
Algorithm converged after  59  iterations.
[1] 8.225365e-20 5.109827e-31 1.142278e-23 1.133191e-32
[1] 9.320630e-20 2.923963e-33 1.352343e-23 1.242994e-32
[1] 9.438594e-20 2.466508e-25 1.394657e-23 1.985323e-32
[1] 9.572884e-20 3.222370e-27 1.347885e-23 4.337680e-32
[1] 9.432622e-20 3.249818e-47 1.473950e-23 1.060616e-32
[1] 9.517067e-20 2.940076e-27 1.340195e-23 4.564520e-32
[1] 9.109781e-20 2.744103e-25 1.378890e-23 1.113665e-32
[1] 8.570189e-20 2.666372e-25 1.326569e-23 9.742224e-33
[1] 9.308091e-20 2.916151e-33 1.350806e-23 1.239045e-32
[1] 9.098185e-20 1.785552e-34 1.284591e-23 1.026200e-32
[1] 9.141022e-20 2.777107e-44 1.295514e-23 1.193125e-32
[1] 9.350193e-20 7.474067e-26 1.504722e-23 2.874495e-33
[1] 9.717230e-20 3.213985e-27 1.362398e-23 4.523333e-32
[1] 9.217489e-20 2.883145e-27 1.278843e-23 4.424908e-31
[1] 8.801294e-20 4.915129e-25 1.389457e-23 1.055416e-32
[1] 9.658207e-20 3.158974e-27 1.353444e-23 4.046638e-32
[1] 8.737654e-20 5.506139e-25 1.390038e-23 2.658300e-48
[1] 9.326837e-20 1.608366e-28 1.306185e-23 6.192042e-33
[1] 9.874043e-20 9.019658e-34 1.344219e-23 1.185195e-32
[1] 9.455852e-20 2.994539e-27 1.335988e-23 4.477414e-32
[1] 9.321471e-20 3.419470e-27 1.379427e-23 1.199748e-31
[1] 8.828453e-20 2.923877e-25 1.349522e-23 1.278948e-32
[1] 9.603879e-20 3.526592e-62 1.418066e-23 1.185257e-32
[1] 9.828979e-20 6.567236e-27 1.418430e-23 1.590500e-29
[1] 9.502080e-20 2.638564e-27 1.325294e-23 4.576268e-50
[1] 9.327257e-20 1.284145e-28 1.306353e-23 6.861315e-33
[1] 9.000928e-20 3.777664e-25 1.373375e-23 1.112057e-32
[1] 9.310327e-20 8.049199e-26 1.505997e-23 4.300115e-33
[1] 9.552513e-20 3.215601e-27 1.351124e-23 4.747608e-32
[1] 9.328788e-20 3.496532e-27 1.381871e-23 1.161163e-31
[1] 9.212821e-20 4.324191e-63 1.295311e-23 1.170284e-32
[1] 9.566149e-20 3.283813e-27 1.361982e-23 8.448648e-32
[1] 9.354869e-20 7.899554e-26 1.502594e-23 3.013796e-33
[1] 9.490091e-20 2.959553e-27 1.341770e-23 4.822917e-32
[1] 9.927987e-20 2.565715e-25 1.423113e-23 4.194807e-32
[1] 9.479594e-20 3.036294e-27 1.342623e-23 4.679757e-32
[1] 9.676192e-20 2.592527e-25 1.416850e-23 1.143836e-32
[1] 9.171581e-20 2.076890e-48 1.318864e-23 1.289688e-32
[1] 8.602797e-20 2.176502e-28 1.155707e-23 1.391008e-33
[1] 9.552069e-20 3.054045e-27 1.349863e-23 4.869245e-32
[1] 9.120350e-20 6.997754e-59 1.337871e-23 1.149427e-32
[1] 9.819080e-20 6.165631e-27 1.405134e-23 2.323396e-32
[1] 9.336730e-20 6.810097e-26 1.513206e-23 3.129437e-33
[1] 8.816727e-20 4.905977e-25 1.374005e-23 5.463286e-32
[1] 9.391770e-20 2.793347e-27 1.331357e-23 5.276348e-32
[1] 9.856916e-20 2.880252e-25 1.434999e-23 1.137794e-32
[1] 9.067461e-20 3.265825e-25 1.374684e-23 1.120642e-32
[1] 9.210693e-20 1.939564e-54 2.060251e-23 1.226054e-32
[1] 9.047023e-20 3.507452e-25 1.367753e-23 1.130240e-32
[1] 9.940281e-20 5.463540e-60 1.378746e-23 1.210526e-32
Algorithm did not converge after  500  iterations.
[1] 8.225365e-20 5.109827e-31 1.099506e-18 5.368984e-31
[1] 8.579899e-20 6.584388e-28 2.022668e-18 4.458851e-31
[1] 8.778923e-20 2.042883e-27 1.332262e-18 1.500851e-28
[1] 8.810137e-20 6.661570e-28 1.229767e-18 1.196314e-32
[1] 8.713893e-20 6.984248e-28 1.223220e-18 2.386701e-42
[1] 8.886974e-20 3.074944e-27 1.390088e-18 1.889806e-28
Algorithm converged after  59  iterations.
[1] 8.225365e-20 5.109827e-31 9.186623e-24 1.142278e-23
Algorithm converged after  7  iterations.
[1] 8.225365e-20 5.109827e-31 9.186623e-24 1.099506e-18
Algorithm converged after  7  iterations.
[1] 8.225365e-20 5.109827e-31 1.142278e-23 1.099506e-18
Algorithm converged after  7  iterations.
numeric(0)
Algorithm converged after  1  iterations.
[1] 1.345111e-23
Algorithm converged after  2  iterations.
[1] 1.405857e-25
Algorithm converged after  2  iterations.
[1] 2.238778e-19
Algorithm converged after  2  iterations.
[1] 1.345111e-23 6.466666e-27
Algorithm converged after  2  iterations.
[1] 1.405857e-25 5.740140e-33
Algorithm converged after  2  iterations.
[1] 2.238778e-19 1.104887e-23
Algorithm converged after  2  iterations.
[1] 1.345111e-23 1.405857e-25
Algorithm converged after  2  iterations.
[1] 1.345111e-23 2.238778e-19
Algorithm converged after  2  iterations.
[1] 1.405857e-25 2.238778e-19
Algorithm converged after  2  iterations.
[1] 1.345111e-23 6.466666e-27 1.405857e-25
Algorithm converged after  2  iterations.
[1] 1.345111e-23 6.466666e-27 2.238778e-19
Algorithm converged after  2  iterations.
[1] 1.345111e-23 1.405857e-25 5.740140e-33
Algorithm converged after  2  iterations.
[1] 1.345111e-23 2.238778e-19 1.104887e-23
Algorithm converged after  2  iterations.
[1] 1.405857e-25 5.740140e-33 2.238778e-19
Algorithm converged after  2  iterations.
[1] 1.405857e-25 2.238778e-19 1.104887e-23
Algorithm converged after  2  iterations.
[1] 1.345111e-23 1.405857e-25 2.238778e-19
Algorithm converged after  2  iterations.
[1] 1.345111e-23 6.466666e-27 1.405857e-25 5.740140e-33
Algorithm converged after  2  iterations.
[1] 1.345111e-23 6.466666e-27 2.238778e-19 1.104887e-23
Algorithm converged after  2  iterations.
[1] 1.405857e-25 5.740140e-33 2.238778e-19 1.104887e-23
Algorithm converged after  2  iterations.
[1] 1.345111e-23 6.466666e-27 1.405857e-25 2.238778e-19
Algorithm converged after  2  iterations.
[1] 1.345111e-23 1.405857e-25 5.740140e-33 2.238778e-19
Algorithm converged after  2  iterations.
[1] 1.345111e-23 1.405857e-25 2.238778e-19 1.104887e-23
Algorithm converged after  2  iterations.
[1] 6.335048e-20
Algorithm converged after  2  iterations.
[1] 6.335048e-20 1.038682e-24
Algorithm converged after  6  iterations.
[1] 6.335048e-20 1.477798e-23
Algorithm converged after  6  iterations.
[1] 6.335048e-20 2.031891e-19
Algorithm converged after  6  iterations.
[1] 6.335048e-20 1.038682e-24 9.992575e-35
Algorithm converged after  6  iterations.
[1] 6.335048e-20 1.477798e-23 6.215788e-33
Algorithm converged after  6  iterations.
[1] 6.335048e-20 2.031891e-19 8.900943e-31
Algorithm converged after  6  iterations.
[1] 6.335048e-20 1.038682e-24 1.477798e-23
Algorithm converged after  7  iterations.
[1] 6.335048e-20 1.038682e-24 2.031891e-19
Algorithm converged after  7  iterations.
[1] 6.335048e-20 1.477798e-23 2.031891e-19
Algorithm converged after  7  iterations.
[1] 6.335048e-20 1.038682e-24 9.992575e-35 1.477798e-23
Algorithm converged after  7  iterations.
[1] 6.335048e-20 1.038682e-24 9.992575e-35 2.031891e-19
Algorithm converged after  7  iterations.
[1] 6.335048e-20 1.038682e-24 1.477798e-23 6.215788e-33
[1] 8.192192e-20 1.408821e-24 1.644371e-23 1.310214e-48
[1] 8.184483e-20 1.407372e-24 1.643828e-23 1.886387e-55
[1] 8.160511e-20 1.402518e-24 1.641620e-23 3.209127e-50
[1] 8.033364e-20 1.374040e-24 1.629256e-23 7.994380e-31
[1] 7.808402e-20 1.330489e-24 1.610457e-23 6.546856e-33
[1] 8.180194e-20 1.406432e-24 1.643341e-23 6.629050e-33
[1] 7.711805e-20 1.311365e-24 1.602079e-23 9.566223e-67
[1] 7.622230e-20 1.293352e-24 1.594130e-23 6.502093e-33
[1] 8.183542e-20 1.407148e-24 1.643708e-23 7.528942e-57
[1] 7.436639e-20 1.256287e-24 1.577658e-23 2.357331e-48
[1] 8.228097e-20 1.415867e-24 1.647358e-23 5.659815e-47
[1] 7.551906e-20 1.279607e-24 1.588387e-23 7.717768e-31
[1] 7.601655e-20 1.288575e-24 1.591964e-23 2.135324e-47
[1] 7.816441e-20 1.333846e-24 1.612008e-23 6.559427e-33
[1] 8.209174e-20 1.412083e-24 1.645729e-23 1.694185e-48
[1] 7.934474e-20 1.355427e-24 1.621264e-23 6.566116e-33
[1] 7.748248e-20 1.318299e-24 1.605093e-23 8.081175e-49
[1] 7.813100e-20 1.333175e-24 1.611708e-23 6.555764e-33
[1] 7.717324e-20 1.311910e-24 1.602257e-23 6.513658e-33
[1] 7.376665e-20 1.244154e-24 1.572223e-23 8.004796e-49
[1] 7.807951e-20 1.330279e-24 1.610348e-23 1.480586e-56
[1] 7.603535e-20 1.288851e-24 1.592093e-23 6.483177e-33
[1] 8.066021e-20 1.380414e-24 1.631987e-23 1.066705e-47
[1] 7.555093e-20 1.278924e-24 1.587672e-23 6.468426e-33
[1] 7.564788e-20 1.281191e-24 1.588695e-23 8.580137e-48
[1] 8.191429e-20 1.408495e-24 1.644209e-23 4.254016e-52
[1] 7.955792e-20 1.359500e-24 1.623037e-23 6.563744e-33
[1] 7.752941e-20 1.319351e-24 1.605572e-23 7.873061e-31
[1] 8.002339e-20 1.367691e-24 1.626484e-23 4.025144e-29
[1] 8.188854e-20 1.407972e-24 1.643984e-23 6.618312e-33
[1] 7.395356e-20 1.247697e-24 1.573806e-23 6.433793e-33
[1] 8.193480e-20 1.408867e-24 1.644360e-23 6.616988e-33
[1] 7.968305e-20 1.361334e-24 1.623772e-23 4.024924e-29
[1] 7.761998e-20 1.320752e-24 1.606151e-23 7.867615e-31
[1] 7.962238e-20 1.360123e-24 1.623241e-23 6.553554e-33
[1] 8.200473e-20 1.410230e-24 1.644927e-23 6.614136e-33
[1] 7.515154e-20 1.272916e-24 1.585318e-23 4.861711e-52
[1] 8.185787e-20 1.407341e-24 1.643691e-23 8.143093e-31
[1] 7.814028e-20 1.333206e-24 1.611712e-23 6.545813e-33
[1] 7.006541e-20 1.162696e-24 1.534498e-23 6.245594e-33
[1] 8.179520e-20 1.406078e-24 1.643138e-23 1.067038e-56
[1] 7.873637e-20 1.341790e-24 1.615220e-23 7.896012e-31
[1] 7.601137e-20 1.288255e-24 1.591804e-23 2.717553e-56
[1] 7.943586e-20 1.356505e-24 1.621664e-23 4.029457e-29
[1] 7.732429e-20 1.314866e-24 1.603549e-23 6.504943e-33
[1] 8.205524e-20 1.411139e-24 1.645294e-23 6.605372e-33
[1] 8.223990e-20 1.414797e-24 1.646817e-23 6.594475e-33
[1] 7.584320e-20 1.285596e-24 1.590667e-23 4.077830e-29
[1] 7.969746e-20 1.361523e-24 1.623836e-23 6.548330e-33
Algorithm did not converge after  500  iterations.
[1] 6.335048e-20 1.038682e-24 2.031891e-19 8.900943e-31
Algorithm converged after  7  iterations.
[1] 6.335048e-20 1.477798e-23 6.215788e-33 2.031891e-19
[1] 7.573023e-20 1.590158e-23 4.073771e-29 2.496806e-19
[1] 7.717393e-20 1.602671e-23 6.518098e-33 2.551528e-19
[1] 7.559115e-20 1.589043e-23 7.774697e-31 2.491174e-19
[1] 7.393235e-20 1.574871e-23 6.496407e-33 2.427593e-19
[1] 7.995451e-20 1.627642e-23 6.565802e-33 2.657330e-19
[1] 7.573005e-20 1.590209e-23 7.777739e-31 2.496229e-19
[1] 8.039238e-20 1.631486e-23 6.581045e-33 2.673032e-19
[1] 7.779952e-20 1.608227e-23 6.534383e-33 2.573980e-19
[1] 7.298140e-20 1.565710e-23 6.424880e-33 2.392994e-19
[1] 7.652364e-20 1.597955e-23 6.549653e-33 2.523979e-19
[1] 7.365247e-20 1.572283e-23 4.112657e-29 2.415552e-19
[1] 7.629599e-20 1.595971e-23 7.881359e-31 2.515170e-19
[1] 7.376343e-20 1.573261e-23 7.648082e-31 2.419411e-19
[1] 8.020565e-20 1.630097e-23 3.970533e-29 2.662920e-19
[1] 7.424089e-20 1.577193e-23 7.703789e-31 2.438346e-19
[1] 7.819823e-20 1.612074e-23 6.557564e-33 2.586511e-19
[1] 8.046607e-20 1.632411e-23 8.093560e-31 2.671942e-19
[1] 7.650471e-20 1.597948e-23 8.979164e-48 2.521282e-19
[1] 8.003527e-20 1.628662e-23 6.595713e-33 2.655860e-19
[1] 7.782096e-20 1.608615e-23 3.720101e-52 2.572172e-19
[1] 8.056066e-20 1.633393e-23 6.656689e-33 2.673000e-19
[1] 7.547097e-20 1.588213e-23 6.498675e-33 2.483193e-19
[1] 8.026333e-20 1.630856e-23 6.657423e-33 2.661180e-19
[1] 8.014255e-20 1.629625e-23 1.222263e-60 2.659320e-19
[1] 7.214141e-20 1.558349e-23 3.175443e-55 2.359013e-19
[1] 7.747495e-20 1.605716e-23 6.534225e-33 2.557847e-19
[1] 7.634577e-20 1.596636e-23 3.481838e-48 2.513721e-19
[1] 7.566706e-20 1.589868e-23 6.377014e-51 2.489633e-19
[1] 7.780088e-20 1.608557e-23 1.040681e-47 2.569655e-19
[1] 7.623350e-20 1.595685e-23 6.550234e-33 2.508940e-19
[1] 7.650886e-20 1.598110e-23 6.428212e-64 2.518554e-19
[1] 8.008931e-20 1.629289e-23 8.079626e-31 2.655111e-19
[1] 8.026500e-20 1.630784e-23 3.965128e-29 2.662191e-19
[1] 7.537262e-20 1.587456e-23 7.774161e-31 2.477288e-19
[1] 7.394902e-20 1.575411e-23 6.503223e-33 2.422302e-19
[1] 7.393068e-20 1.575265e-23 7.882862e-49 2.421396e-19
[1] 8.009913e-20 1.629408e-23 3.966740e-29 2.655072e-19
[1] 7.767300e-20 1.607496e-23 4.040929e-29 2.563543e-19
[1] 7.502907e-20 1.584441e-23 7.915228e-49 2.463803e-19
[1] 7.392971e-20 1.575289e-23 4.079343e-29 2.420833e-19
[1] 8.022032e-20 1.630508e-23 1.796249e-59 2.658759e-19
[1] 8.047581e-20 1.632736e-23 6.612699e-33 2.668147e-19
Algorithm converged after  422  iterations.
[1] 6.335048e-20 1.477798e-23 2.031891e-19 8.900943e-31
Algorithm converged after  7  iterations.
[1] 6.335048e-20 1.038682e-24 1.477798e-23 2.031891e-19
Algorithm converged after  8  iterations.
[1] 6.335048e-20 2.791599e-25
Algorithm converged after  2  iterations.
[1] 6.335048e-20 2.791599e-25 1.211194e-24
Algorithm converged after  6  iterations.
[1] 6.335048e-20 2.791599e-25 1.419022e-23
Algorithm converged after  7  iterations.
[1] 6.335048e-20 2.791599e-25 1.689995e-19
[1] 6.961788e-20 7.505212e-27 2.792702e-19
[1] 7.086070e-20 1.477043e-27 8.733186e-19
[1] 7.086207e-20 1.477105e-27 8.735337e-19
Algorithm converged after  34  iterations.
[1] 6.335048e-20 2.791599e-25 1.211194e-24 1.767886e-33
[1] 6.543982e-20 2.588532e-27 1.565145e-24 7.115315e-34
Algorithm converged after  12  iterations.
[1] 6.335048e-20 2.791599e-25 1.419022e-23 6.297757e-33
[1] 7.491954e-20 1.537678e-27 1.601416e-23 8.680682e-33
[1] 7.296724e-20 1.653047e-27 1.596206e-23 8.857937e-33
Algorithm converged after  29  iterations.
[1] 6.335048e-20 2.791599e-25 1.689995e-19 1.580096e-30
[1] 6.683787e-20 1.023452e-27 3.335656e-19 1.276467e-30
Algorithm converged after  15  iterations.
[1] 6.335048e-20 2.791599e-25 1.211194e-24 1.419022e-23
Algorithm converged after  7  iterations.
[1] 6.335048e-20 2.791599e-25 1.211194e-24 1.689995e-19
Algorithm converged after  7  iterations.
[1] 6.335048e-20 2.791599e-25 1.419022e-23 1.689995e-19
Algorithm converged after  7  iterations.
numeric(0)
Algorithm converged after  1  iterations.
[1] 3.122248e-23
Algorithm converged after  2  iterations.
[1] 2.041966e-25
Algorithm converged after  2  iterations.
[1] 2.449253e-20
Algorithm converged after  2  iterations.
[1] 3.122248e-23 3.821684e-26
Algorithm converged after  2  iterations.
[1] 2.041966e-25 4.982333e-33
Algorithm converged after  2  iterations.
[1] 2.449253e-20 9.585112e-24
Algorithm converged after  2  iterations.
[1] 3.122248e-23 2.041966e-25
Algorithm converged after  2  iterations.
[1] 3.122248e-23 2.449253e-20
Algorithm converged after  2  iterations.
[1] 2.041966e-25 2.449253e-20
Algorithm converged after  2  iterations.
[1] 3.122248e-23 3.821684e-26 2.041966e-25
Algorithm converged after  2  iterations.
[1] 3.122248e-23 3.821684e-26 2.449253e-20
Algorithm converged after  2  iterations.
[1] 3.122248e-23 2.041966e-25 4.982333e-33
Algorithm converged after  2  iterations.
[1] 3.122248e-23 2.449253e-20 9.585112e-24
Algorithm converged after  2  iterations.
