myseed=5676 

Attaching package: ‘pls’

The following object is masked from ‘package:stats’:

    loadings

Loading required package: lattice
Loading required package: ggplot2
Registered S3 methods overwritten by 'ggplot2':
  method         from 
  [.quosures     rlang
  c.quosures     rlang
  print.quosures rlang

Attaching package: ‘caret’

The following object is masked from ‘package:pls’:

    R2

Loading required package: Matrix
Loading required package: foreach
Loaded glmnet 2.0-18

Parsed with column specification:
cols(
  .default = col_double()
)
See spec(...) for full column specifications.
Parsed with column specification:
cols(
  X1 = col_double()
)
Parsed with column specification:
cols(
  X1 = col_double()
)
[1] "Best 2step parameter is:"
   gam  rankJ rankA1 rankA2 rankA3 
     4      2      0      0      1 
[1] 0.005332965
Algorithm converged after  2  iterations.
[1] 0.004590332
Algorithm converged after  2  iterations.
[1] 0.003929661
Algorithm converged after  2  iterations.
[1] 0.003344509
Algorithm converged after  2  iterations.
[1] 0.00282877
Algorithm converged after  2  iterations.
[1] 0.002376635
Algorithm converged after  2  iterations.
[1] 0.00198256
Algorithm converged after  2  iterations.
[1] 0.00164125
Algorithm converged after  2  iterations.
[1] 0.00134765
Algorithm converged after  2  iterations.
[1] 0.001096945
Algorithm converged after  2  iterations.
[1] 0.0008845616
Algorithm converged after  2  iterations.
[1] 0.0007061763
Algorithm converged after  2  iterations.
[1] 0.0005577225
Algorithm converged after  2  iterations.
[1] 0.0004354005
Algorithm converged after  2  iterations.
[1] 0.000335686
Algorithm converged after  2  iterations.
[1] 0.0002553373
Algorithm converged after  2  iterations.
[1] 0.0001914003
Algorithm converged after  2  iterations.
[1] 0.0001412107
Algorithm converged after  2  iterations.
[1] 0.0001023921
Algorithm converged after  2  iterations.
[1] 7.285052e-05
Algorithm converged after  2  iterations.
[1] 5.07645e-05
Algorithm converged after  2  iterations.
[1] 3.457224e-05
Algorithm converged after  2  iterations.
[1] 2.295502e-05
Algorithm converged after  2  iterations.
[1] 1.481809e-05
Algorithm converged after  2  iterations.
[1] 9.269633e-06
Algorithm converged after  2  iterations.
[1] 5.598238e-06
Algorithm converged after  2  iterations.
[1] 3.249723e-06
Algorithm converged after  2  iterations.
[1] 1.803854e-06
Algorithm converged after  2  iterations.
[1] 9.516136e-07
Algorithm converged after  2  iterations.
[1] 4.736554e-07
Algorithm converged after  2  iterations.
[1] 2.205023e-07
Algorithm converged after  2  iterations.
[1] 9.499939e-08
Algorithm converged after  2  iterations.
[1] 3.73917e-08
Algorithm converged after  2  iterations.
[1] 1.323267e-08
Algorithm converged after  2  iterations.
[1] 4.12743e-09
Algorithm converged after  2  iterations.
[1] 1.106389e-09
Algorithm converged after  2  iterations.
[1] 2.467404e-10
Algorithm converged after  2  iterations.
[1] 4.387871e-11
Algorithm converged after  2  iterations.
[1] 5.880186e-12
Algorithm converged after  2  iterations.
[1] 5.497594e-13
Algorithm converged after  2  iterations.
[1] 3.219126e-14
Algorithm converged after  2  iterations.
[1] 1.010213e-15
Algorithm converged after  2  iterations.
[1] 1.344945e-17
Algorithm converged after  2  iterations.
[1] 5.26198e-20
Algorithm converged after  2  iterations.
[1] 3.281042e-23
Algorithm converged after  2  iterations.
[1] 1.083987e-27
Algorithm converged after  2  iterations.
[1] 2.097686e-34
Algorithm converged after  2  iterations.
[1] 1.395149e-45
Algorithm converged after  2  iterations.
[1] 6.447436e-68
Algorithm converged after  2  iterations.
[1] 7.00932e-135
Algorithm converged after  2  iterations.
[1] 0.1697274
Algorithm converged after  2  iterations.
[1] 0.0053329654 0.0004938716
[1] 0.0078588485 0.0006377274
Algorithm converged after  17  iterations.
[1] 0.0045903316 0.0003913148
[1] 0.0067945112 0.0005053863
Algorithm converged after  15  iterations.
[1] 0.0039296615 0.0003075959
[1] 0.0058224621 0.0003982543
Algorithm converged after  13  iterations.
[1] 0.0033445091 0.0002396087
[1] 0.0049449037 0.0003115077
Algorithm converged after  12  iterations.
[1] 0.0028287701 0.0001848157
[1] 0.0041618734 0.0002415548
Algorithm converged after  11  iterations.
[1] 0.0023766350 0.0001410659
Algorithm converged after  10  iterations.
[1] 0.0019825600 0.0001065024
Algorithm converged after  10  iterations.
[1] 1.641250e-03 7.951331e-05
Algorithm converged after  9  iterations.
[1] 1.347650e-03 5.870173e-05
Algorithm converged after  9  iterations.
[1] 1.096945e-03 4.286478e-05
Algorithm converged after  8  iterations.
[1] 8.845616e-04 3.097353e-05
Algorithm converged after  7  iterations.
[1] 7.061763e-04 2.215441e-05
Algorithm converged after  7  iterations.
[1] 5.577225e-04 1.567873e-05
Algorithm converged after  7  iterations.
[1] 4.354005e-04 1.096114e-05
Algorithm converged after  7  iterations.
[1] 3.35686e-04 7.55129e-06
Algorithm converged after  7  iterations.
[1] 2.553373e-04 5.111276e-06
Algorithm converged after  7  iterations.
[1] 1.914003e-04 3.388533e-06
Algorithm converged after  7  iterations.
[1] 1.412107e-04 2.193094e-06
Algorithm converged after  7  iterations.
[1] 1.023921e-04 1.381087e-06
Algorithm converged after  7  iterations.
[1] 7.285052e-05 8.433605e-07
Algorithm converged after  7  iterations.
[1] 5.07645e-05 4.97592e-07
Algorithm converged after  7  iterations.
[1] 3.457224e-05 2.825764e-07
Algorithm converged after  7  iterations.
[1] 2.295502e-05 1.538107e-07
Algorithm converged after  7  iterations.
[1] 1.481809e-05 7.987505e-08
Algorithm converged after  7  iterations.
[1] 9.269633e-06 3.936733e-08
Algorithm converged after  7  iterations.
[1] 5.598238e-06 1.830459e-08
Algorithm converged after  7  iterations.
[1] 3.249723e-06 7.973957e-09
Algorithm converged after  7  iterations.
[1] 1.803854e-06 3.228198e-09
Algorithm converged after  7  iterations.
[1] 9.516136e-07 1.203020e-09
Algorithm converged after  6  iterations.
[1] 4.736554e-07 4.080198e-10
Algorithm converged after  6  iterations.
[1] 2.205023e-07 1.242432e-10
Algorithm converged after  6  iterations.
[1] 9.499939e-08 3.341099e-11
Algorithm converged after  6  iterations.
[1] 3.739170e-08 7.776488e-12
Algorithm converged after  6  iterations.
[1] 1.323267e-08 1.528082e-12
Algorithm converged after  6  iterations.
[1] 4.127430e-09 2.457344e-13
Algorithm converged after  6  iterations.
[1] 1.106389e-09 3.109013e-14
Algorithm converged after  5  iterations.
[1] 2.467404e-10 2.941732e-15
Algorithm converged after  5  iterations.
[1] 4.387871e-11 1.948136e-16
Algorithm converged after  5  iterations.
[1] 5.880186e-12 8.265823e-18
Algorithm converged after  5  iterations.
[1] 5.497594e-13 1.991887e-19
Algorithm converged after  5  iterations.
[1] 3.219126e-14 2.302984e-21
Algorithm converged after  4  iterations.
[1] 1.010213e-15 1.001297e-23
Algorithm converged after  4  iterations.
[1] 1.344945e-17 1.136112e-26
Algorithm converged after  4  iterations.
[1] 5.261980e-20 1.895079e-30
Algorithm converged after  4  iterations.
[1] 3.281042e-23 1.786194e-35
Algorithm converged after  4  iterations.
[1] 1.083987e-27 1.702717e-42
Algorithm converged after  4  iterations.
[1] 2.097686e-34 5.265248e-53
Algorithm converged after  5  iterations.
[1] 1.395149e-45 1.730536e-70
Algorithm converged after  5  iterations.
[1]  6.447436e-68 2.139350e-105
Algorithm converged after  5  iterations.
[1] 7.009320e-135 5.633059e-210
Algorithm converged after  5  iterations.
[1] 0.1648383
Algorithm converged after  2  iterations.
[1] 0.0053329654 0.0003109825
Algorithm converged after  9  iterations.
[1] 0.0045903316 0.0002417679
Algorithm converged after  9  iterations.
[1] 0.0039296615 0.0001878656
Algorithm converged after  9  iterations.
[1] 0.0033445091 0.0001470983
Algorithm converged after  8  iterations.
[1] 0.002828770 0.000120674
Algorithm converged after  7  iterations.
[1] 0.0023766350 0.0001024365
Algorithm converged after  8  iterations.
[1] 1.982560e-03 8.758393e-05
Algorithm converged after  8  iterations.
[1] 1.641250e-03 7.494797e-05
Algorithm converged after  8  iterations.
[1] 1.347650e-03 6.396451e-05
Algorithm converged after  8  iterations.
[1] 1.096945e-03 5.430057e-05
Algorithm converged after  8  iterations.
[1] 0.0008845616 0.0000457425
Algorithm converged after  8  iterations.
[1] 7.061763e-04 3.814828e-05
Algorithm converged after  7  iterations.
[1] 5.577225e-04 3.142251e-05
Algorithm converged after  7  iterations.
[1] 4.354005e-04 2.550073e-05
Algorithm converged after  7  iterations.
[1] 3.356860e-04 2.033793e-05
Algorithm converged after  7  iterations.
[1] 2.553373e-04 1.589885e-05
Algorithm converged after  6  iterations.
[1] 1.914003e-04 1.214972e-05
Algorithm converged after  7  iterations.
[1] 1.412107e-04 9.051573e-06
Algorithm converged after  7  iterations.
[1] 1.023921e-04 6.555878e-06
Algorithm converged after  7  iterations.
[1] 7.285052e-05 4.603018e-06
Algorithm converged after  7  iterations.
[1] 5.076450e-05 3.123606e-06
Algorithm converged after  7  iterations.
[1] 3.457224e-05 2.042092e-06
Algorithm converged after  7  iterations.
[1] 2.295502e-05 1.281649e-06
Algorithm converged after  7  iterations.
[1] 1.481809e-05 7.691705e-07
Algorithm converged after  7  iterations.
[1] 9.269633e-06 4.394208e-07
Algorithm converged after  7  iterations.
[1] 5.598238e-06 2.377284e-07
Algorithm converged after  7  iterations.
[1] 3.249723e-06 1.210543e-07
Algorithm converged after  7  iterations.
[1] 1.803854e-06 5.760488e-08
Algorithm converged after  7  iterations.
[1] 9.516136e-07 2.539879e-08
Algorithm converged after  7  iterations.
[1] 4.736554e-07 1.027085e-08
Algorithm converged after  7  iterations.
[1] 2.205023e-07 3.762632e-09
Algorithm converged after  7  iterations.
[1] 9.499939e-08 1.230186e-09
Algorithm converged after  7  iterations.
[1] 3.739170e-08 3.524318e-10
Algorithm converged after  7  iterations.
[1] 1.323267e-08 8.648439e-11
Algorithm converged after  7  iterations.
[1] 4.12743e-09 1.76686e-11
Algorithm converged after  6  iterations.
[1] 1.106389e-09 2.898651e-12
Algorithm converged after  6  iterations.
[1] 2.467404e-10 3.645444e-13
Algorithm converged after  6  iterations.
[1] 4.387871e-11 3.307309e-14
Algorithm converged after  6  iterations.
[1] 5.880186e-12 1.996031e-15
Algorithm converged after  6  iterations.
[1] 5.497594e-13 7.174893e-17
Algorithm converged after  6  iterations.
[1] 3.219126e-14 1.315813e-18
Algorithm converged after  6  iterations.
[1] 1.010213e-15 9.844675e-21
Algorithm converged after  6  iterations.
[1] 1.344945e-17 2.148764e-23
Algorithm converged after  6  iterations.
[1] 5.261980e-20 8.077906e-27
Algorithm converged after  6  iterations.
[1] 3.281042e-23 2.173397e-31
Algorithm converged after  6  iterations.
[1] 1.083987e-27 8.615368e-38
Algorithm converged after  6  iterations.
[1] 2.097686e-34 2.132888e-47
Algorithm converged after  5  iterations.
[1] 1.395149e-45 2.067522e-63
Algorithm converged after  5  iterations.
[1] 6.447436e-68 1.936715e-95
Algorithm converged after  5  iterations.
[1] 7.009320e-135 1.613437e-191
Algorithm converged after  5  iterations.
[1] 0.1614465
Algorithm converged after  2  iterations.
[1] 0.0053329654 0.0003646111
[1] 0.0081375289 0.0004894991
[1] 0.0076054614 0.0004895741
[1] 0.0075710242 0.0004890975
Algorithm converged after  39  iterations.
[1] 0.0045903316 0.0002818353
[1] 0.0062055545 0.0003884068
Algorithm converged after  20  iterations.
[1] 0.003929661 0.000216184
[1] 0.0049175059 0.0002971337
Algorithm converged after  16  iterations.
[1] 0.0033445091 0.0001644453
[1] 0.0040401775 0.0002312102
Algorithm converged after  13  iterations.
[1] 0.0028287701 0.0001239896
[1] 0.0033403545 0.0001814207
Algorithm converged after  11  iterations.
[1] 0.0023766350 0.0000926552
Algorithm converged after  10  iterations.
[1] 1.982560e-03 6.866059e-05
Algorithm converged after  9  iterations.
[1] 1.641250e-03 5.054515e-05
Algorithm converged after  8  iterations.
[1] 1.347650e-03 3.714487e-05
Algorithm converged after  8  iterations.
[1] 1.096945e-03 2.762805e-05
Algorithm converged after  9  iterations.
[1] 8.845616e-04 2.124795e-05
Algorithm converged after  8  iterations.
[1] 7.061763e-04 1.678421e-05
Algorithm converged after  8  iterations.
[1] 5.577225e-04 1.340897e-05
Algorithm converged after  7  iterations.
[1] 4.354005e-04 1.072752e-05
Algorithm converged after  7  iterations.
[1] 3.356860e-04 8.532882e-06
Algorithm converged after  7  iterations.
[1] 2.553373e-04 6.708770e-06
Algorithm converged after  7  iterations.
[1] 1.914003e-04 5.187386e-06
Algorithm converged after  7  iterations.
[1] 1.412107e-04 3.927069e-06
Algorithm converged after  7  iterations.
[1] 1.023921e-04 2.898973e-06
Algorithm converged after  7  iterations.
[1] 7.285052e-05 2.078965e-06
Algorithm converged after  7  iterations.
[1] 5.076450e-05 1.443183e-06
Algorithm converged after  7  iterations.
[1] 3.457224e-05 9.663187e-07
Algorithm converged after  7  iterations.
[1] 2.295502e-05 6.217876e-07
Algorithm converged after  7  iterations.
[1] 1.481809e-05 3.829649e-07
Algorithm converged after  7  iterations.
[1] 9.269633e-06 2.247753e-07
Algorithm converged after  7  iterations.
[1] 5.598238e-06 1.250884e-07
Algorithm converged after  7  iterations.
[1] 3.249723e-06 6.561733e-08
Algorithm converged after  7  iterations.
[1] 1.803854e-06 3.222247e-08
Algorithm converged after  7  iterations.
[1] 9.516136e-07 1.469210e-08
Algorithm converged after  7  iterations.
[1] 4.736554e-07 6.159421e-09
Algorithm converged after  7  iterations.
[1] 2.205023e-07 2.346364e-09
Algorithm converged after  6  iterations.
[1] 9.499939e-08 8.005900e-10
Algorithm converged after  6  iterations.
[1] 3.739170e-08 2.403971e-10
Algorithm converged after  6  iterations.
[1] 1.323267e-08 6.215390e-11
Algorithm converged after  6  iterations.
[1] 4.127430e-09 1.346315e-11
Algorithm converged after  6  iterations.
[1] 1.106389e-09 2.359886e-12
Algorithm converged after  6  iterations.
[1] 2.467404e-10 3.201105e-13
Algorithm converged after  6  iterations.
[1] 4.387871e-11 3.169448e-14
Algorithm converged after  6  iterations.
[1] 5.880186e-12 2.118718e-15
Algorithm converged after  6  iterations.
[1] 5.497594e-13 8.597489e-17
Algorithm converged after  6  iterations.
[1] 3.219126e-14 1.824716e-18
Algorithm converged after  6  iterations.
[1] 1.010213e-15 1.633470e-20
Algorithm converged after  6  iterations.
[1] 1.344945e-17 4.466592e-23
Algorithm converged after  5  iterations.
[1] 5.261980e-20 2.246904e-26
Algorithm converged after  5  iterations.
[1] 3.281042e-23 8.932357e-31
Algorithm converged after  5  iterations.
[1] 1.083987e-27 6.132685e-37
Algorithm converged after  5  iterations.
[1] 2.097686e-34 3.474115e-46
Algorithm converged after  5  iterations.
[1] 1.395149e-45 1.345847e-61
Algorithm converged after  5  iterations.
[1] 6.447436e-68 2.033182e-92
Algorithm converged after  4  iterations.
[1] 7.009320e-135 7.264348e-185
Algorithm converged after  4  iterations.
[1] 0.1593065
Algorithm converged after  2  iterations.
[1] 0.0053329654 0.0008528735
Algorithm converged after  2  iterations.
[1] 0.0045903316 0.0006807482
Algorithm converged after  2  iterations.
[1] 0.0039296615 0.0005404767
Algorithm converged after  2  iterations.
[1] 0.0033445091 0.0004274422
Algorithm converged after  2  iterations.
[1] 0.0028287701 0.0003376603
Algorithm converged after  2  iterations.
[1] 0.0023766350 0.0002681597
Algorithm converged after  2  iterations.
[1] 0.001982560 0.000218927
Algorithm converged after  2  iterations.
[1] 0.0016412499 0.0001870808
Algorithm converged after  2  iterations.
[1] 0.0013476500 0.0001625949
Algorithm converged after  2  iterations.
[1] 0.0010969449 0.0001419135
Algorithm converged after  2  iterations.
[1] 0.0008845616 0.0001236438
Algorithm converged after  2  iterations.
[1] 0.0007061763 0.0001070910
Algorithm converged after  2  iterations.
[1] 5.577225e-04 9.189403e-05
Algorithm converged after  2  iterations.
[1] 4.354005e-04 7.788526e-05
Algorithm converged after  2  iterations.
[1] 3.35686e-04 6.50175e-05
Algorithm converged after  2  iterations.
[1] 0.0002553373 0.0000533157
Algorithm converged after  2  iterations.
[1] 1.914003e-04 4.283815e-05
Algorithm converged after  2  iterations.
[1] 1.412107e-04 3.364393e-05
Algorithm converged after  2  iterations.
[1] 1.023921e-04 2.576718e-05
Algorithm converged after  2  iterations.
[1] 7.285052e-05 1.920019e-05
Algorithm converged after  2  iterations.
[1] 5.076450e-05 1.388662e-05
Algorithm converged after  2  iterations.
[1] 3.457224e-05 9.724222e-06
Algorithm converged after  2  iterations.
[1] 2.295502e-05 6.574949e-06
Algorithm converged after  2  iterations.
[1] 1.481809e-05 4.279290e-06
Algorithm converged after  2  iterations.
[1] 9.269633e-06 2.671493e-06
Algorithm converged after  2  iterations.
[1] 5.598238e-06 1.593098e-06
Algorithm converged after  2  iterations.
[1] 3.249723e-06 9.030637e-07
Algorithm converged after  2  iterations.
[1] 1.803854e-06 4.837975e-07
Algorithm converged after  2  iterations.
[1] 9.516136e-07 2.432588e-07
Algorithm converged after  2  iterations.
[1] 4.736554e-07 1.138452e-07
Algorithm converged after  2  iterations.
[1] 2.205023e-07 4.909337e-08
Algorithm converged after  2  iterations.
[1] 9.499939e-08 1.926894e-08
Algorithm converged after  2  iterations.
[1] 3.739170e-08 6.780549e-09
Algorithm converged after  2  iterations.
[1] 1.323267e-08 2.099496e-09
Algorithm converged after  2  iterations.
[1] 4.127430e-09 5.587502e-10
Algorithm converged after  2  iterations.
[1] 1.106389e-09 1.240613e-10
Algorithm converged after  2  iterations.
[1] 2.467404e-10 2.211634e-11
Algorithm converged after  2  iterations.
[1] 4.387871e-11 3.010510e-12
Algorithm converged after  2  iterations.
[1] 5.880186e-12 2.926288e-13
Algorithm converged after  2  iterations.
[1] 5.497594e-13 1.853710e-14
Algorithm converged after  2  iterations.
[1] 3.219126e-14 6.733043e-16
Algorithm converged after  2  iterations.
[1] 1.010213e-15 1.165448e-17
Algorithm converged after  2  iterations.
[1] 1.344945e-17 7.284012e-20
Algorithm converged after  2  iterations.
[1] 5.261980e-20 1.062798e-22
Algorithm converged after  2  iterations.
[1] 3.281042e-23 1.750118e-26
Algorithm converged after  2  iterations.
[1] 1.083987e-27 8.790628e-32
Algorithm converged after  2  iterations.
[1] 2.097686e-34 9.838371e-40
Algorithm converged after  2  iterations.
[1] 1.395149e-45 5.473462e-53
Algorithm converged after  2  iterations.
[1] 6.447436e-68 1.681313e-79
Algorithm converged after  2  iterations.
[1] 7.009320e-135 4.827854e-159
Algorithm converged after  2  iterations.
[1] 0.1457435
Algorithm converged after  2  iterations.
[1] 0.0053329654 0.0004938716 0.0001769261
[1] 0.0058071111 0.0005123518 0.0001817740
Algorithm converged after  11  iterations.
[1] 0.0045903316 0.0003913148 0.0001321626
Algorithm converged after  10  iterations.
[1] 3.929661e-03 3.075959e-04 9.739683e-05
Algorithm converged after  10  iterations.
[1] 3.344509e-03 2.396087e-04 7.112376e-05
Algorithm converged after  10  iterations.
[1] 2.828770e-03 1.848157e-04 5.172664e-05
[1] 3.262254e-03 1.936071e-04 5.128266e-05
Algorithm converged after  11  iterations.
[1] 0.0023766350 0.0001410659 0.0000377893
[1] 2.812303e-03 1.488983e-04 3.700414e-05
Algorithm converged after  11  iterations.
[1] 1.982560e-03 1.065024e-04 2.826813e-05
Algorithm converged after  10  iterations.
[1] 1.641250e-03 7.951331e-05 2.253944e-05
[1] 2.032314e-03 8.672628e-05 2.272098e-05
Algorithm converged after  14  iterations.
[1] 1.347650e-03 5.870173e-05 1.910209e-05
[1] 1.703399e-03 6.535746e-05 2.151080e-05
Algorithm converged after  11  iterations.
[1] 1.096945e-03 4.286478e-05 1.633947e-05
Algorithm converged after  10  iterations.
[1] 8.845616e-04 3.097353e-05 1.365426e-05
Algorithm converged after  10  iterations.
[1] 7.061763e-04 2.215441e-05 1.090211e-05
Algorithm converged after  10  iterations.
[1] 5.577225e-04 1.567873e-05 8.240617e-06
Algorithm converged after  10  iterations.
[1] 4.354005e-04 1.096114e-05 5.916018e-06
Algorithm converged after  10  iterations.
[1] 3.356860e-04 7.551290e-06 4.063994e-06
Algorithm converged after  9  iterations.
[1] 2.553373e-04 5.111276e-06 2.687051e-06
Algorithm converged after  9  iterations.
[1] 1.914003e-04 3.388533e-06 1.715448e-06
Algorithm converged after  9  iterations.
[1] 1.412107e-04 2.193094e-06 1.058563e-06
Algorithm converged after  9  iterations.
[1] 1.023921e-04 1.381087e-06 6.311134e-07
Algorithm converged after  9  iterations.
[1] 7.285052e-05 8.433605e-07 3.629912e-07
Algorithm converged after  9  iterations.
[1] 5.076450e-05 4.975920e-07 2.009359e-07
Algorithm converged after  8  iterations.
[1] 3.457224e-05 2.825764e-07 1.067178e-07
Algorithm converged after  8  iterations.
[1] 2.295502e-05 1.538107e-07 5.417002e-08
Algorithm converged after  8  iterations.
[1] 1.481809e-05 7.987505e-08 2.615847e-08
Algorithm converged after  8  iterations.
[1] 9.269633e-06 3.936733e-08 1.195131e-08
Algorithm converged after  8  iterations.
[1] 5.598238e-06 1.830459e-08 5.132910e-09
Algorithm converged after  8  iterations.
[1] 3.249723e-06 7.973957e-09 2.056619e-09
Algorithm converged after  7  iterations.
[1] 1.803854e-06 3.228198e-09 7.618866e-10
Algorithm converged after  7  iterations.
[1] 9.516136e-07 1.203020e-09 2.581988e-10
Algorithm converged after  7  iterations.
[1] 4.736554e-07 4.080198e-10 7.903843e-11
Algorithm converged after  7  iterations.
[1] 2.205023e-07 1.242432e-10 2.152423e-11
Algorithm converged after  7  iterations.
[1] 9.499939e-08 3.341099e-11 5.119308e-12
Algorithm converged after  6  iterations.
[1] 3.739170e-08 7.776488e-12 1.039669e-12
Algorithm converged after  6  iterations.
[1] 1.323267e-08 1.528082e-12 1.753388e-13
Algorithm converged after  6  iterations.
[1] 4.127430e-09 2.457344e-13 2.371552e-14
Algorithm converged after  5  iterations.
[1] 1.106389e-09 3.109013e-14 2.461472e-15
Algorithm converged after  5  iterations.
[1] 2.467404e-10 2.941732e-15 1.852339e-16
Algorithm converged after  5  iterations.
[1] 4.387871e-11 1.948136e-16 9.383851e-18
Algorithm converged after  5  iterations.
[1] 5.880186e-12 8.265823e-18 2.898673e-19
Algorithm converged after  6  iterations.
[1] 5.497594e-13 1.991887e-19 4.770489e-21
Algorithm converged after  6  iterations.
[1] 3.219126e-14 2.302984e-21 3.462650e-23
Algorithm converged after  6  iterations.
[1] 1.010213e-15 1.001297e-23 8.437058e-26
Algorithm converged after  6  iterations.
[1] 1.344945e-17 1.136112e-26 4.582296e-29
Algorithm converged after  6  iterations.
[1] 5.261980e-20 1.895079e-30 2.914957e-33
Algorithm converged after  6  iterations.
[1] 3.281042e-23 1.786194e-35 7.431474e-39
Algorithm converged after  6  iterations.
[1] 1.083987e-27 1.702717e-42 1.101621e-46
Algorithm converged after  6  iterations.
[1] 2.097686e-34 5.265248e-53 1.998723e-58
Algorithm converged after  6  iterations.
[1] 1.395149e-45 1.730536e-70 5.430626e-78
Algorithm converged after  6  iterations.
[1]  6.447436e-68 2.139350e-105 4.048351e-117
Algorithm converged after  6  iterations.
[1] 7.009320e-135 5.633059e-210 1.710770e-234
Algorithm converged after  6  iterations.
[1] 0.1625734
Algorithm converged after  2  iterations.
[1] 0.0053329654 0.0003109825 0.0000809673
[1] 0.0059391890 0.0003386228 0.0001104437
Algorithm converged after  17  iterations.
[1] 4.590332e-03 2.417679e-04 7.091582e-05
[1] 0.0053426192 0.0002682708 0.0001041728
Algorithm converged after  15  iterations.
[1] 3.929661e-03 1.878656e-04 6.563757e-05
[1] 4.809429e-03 2.123958e-04 9.950309e-05
Algorithm converged after  12  iterations.
[1] 0.0033445091 0.0001470983 0.0000680605
[1] 0.0043033908 0.0001687504 0.0000896515
Algorithm converged after  15  iterations.
[1] 2.828770e-03 1.206740e-04 7.314185e-05
[1] 3.752906e-03 1.345934e-04 7.542069e-05
Algorithm converged after  13  iterations.
[1] 2.376635e-03 1.024365e-04 5.637768e-05
[1] 3.191660e-03 1.119438e-04 6.072282e-05
Algorithm converged after  13  iterations.
[1] 1.982560e-03 8.758393e-05 4.164477e-05
[1] 2.656823e-03 9.536417e-05 4.623228e-05
Algorithm converged after  13  iterations.
[1] 1.641250e-03 7.494797e-05 3.009371e-05
[1] 2.185228e-03 8.224793e-05 3.391161e-05
Algorithm converged after  12  iterations.
[1] 1.347650e-03 6.396451e-05 2.136063e-05
[1] 1.780788e-03 7.098472e-05 2.422091e-05
Algorithm converged after  11  iterations.
[1] 1.096945e-03 5.430057e-05 1.490616e-05
Algorithm converged after  10  iterations.
[1] 8.845616e-04 4.574250e-05 1.022478e-05
Algorithm converged after  9  iterations.
[1] 7.061763e-04 3.814828e-05 6.889488e-06
Algorithm converged after  10  iterations.
[1] 5.577225e-04 3.142251e-05 4.555660e-06
Algorithm converged after  10  iterations.
[1] 4.354005e-04 2.550073e-05 2.952905e-06
Algorithm converged after  10  iterations.
[1] 3.356860e-04 2.033793e-05 1.873747e-06
Algorithm converged after  10  iterations.
[1] 2.553373e-04 1.589885e-05 1.162223e-06
Algorithm converged after  9  iterations.
[1] 1.914003e-04 1.214972e-05 7.034715e-07
Algorithm converged after  9  iterations.
[1] 1.412107e-04 9.051573e-06 4.146940e-07
Algorithm converged after  8  iterations.
[1] 1.023921e-04 6.555878e-06 2.375413e-07
Algorithm converged after  7  iterations.
[1] 7.285052e-05 4.603018e-06 1.216033e-13
Algorithm converged after  8  iterations.
[1] 5.076450e-05 3.123606e-06 7.071752e-08
Algorithm converged after  7  iterations.
[1] 3.457224e-05 2.042092e-06 3.650878e-08
Algorithm converged after  7  iterations.
[1] 2.295502e-05 1.281649e-06 1.806888e-08
Algorithm converged after  7  iterations.
[1] 1.481809e-05 7.691705e-07 8.531953e-09
[1] 1.893207e-05 8.371751e-07 9.279607e-09
Algorithm converged after  17  iterations.
[1] 9.269633e-06 4.394208e-07 3.822448e-09
Algorithm converged after  7  iterations.
[1] 5.598238e-06 2.377284e-07 1.267213e-14
Algorithm converged after  8  iterations.
[1] 3.249723e-06 1.210543e-07 5.454063e-16
[1] 4.495112e-06 1.358228e-07 1.279876e-15
[1] 4.532994e-06 1.364938e-07 6.698665e-10
[1] 4.056471e-06 1.306601e-07 6.388385e-10
[1] 4.443371e-06 1.348192e-07 6.551198e-10
[1] 4.516905e-06 1.362200e-07 3.733632e-21
[1] 4.078564e-06 1.301464e-07 3.913005e-10
[1] 4.482803e-06 1.349359e-07 6.644160e-10
[1] 4.154666e-06 1.313168e-07 3.375319e-16
[1] 4.530626e-06 1.364523e-07 6.672438e-10
Algorithm converged after  94  iterations.
[1] 1.803854e-06 5.760488e-08 6.493284e-18
[1] 2.503463e-06 6.432051e-08 7.724307e-17
[1] 2.516798e-06 6.452098e-08 2.506752e-10
[1] 2.461450e-06 6.386185e-08 2.674976e-10
Algorithm converged after  33  iterations.
[1] 9.516136e-07 2.539879e-08 7.865278e-11
[1] 1.331680e-06 2.830711e-08 1.092175e-19
[1] 1.333552e-06 2.832034e-08 4.086610e-18
[1] 1.339228e-06 2.840452e-08 8.285204e-11
[1] 1.310048e-06 2.823939e-08 7.884501e-11
[1] 1.341896e-06 2.842601e-08 8.329560e-11
Algorithm converged after  54  iterations.
[1] 4.736554e-07 1.027085e-08 4.216923e-19
Algorithm converged after  8  iterations.
[1] 2.205023e-07 3.762632e-09 2.974270e-12
[1] 3.068153e-07 4.146913e-09 5.486889e-16
[1] 3.182268e-07 4.201560e-09 6.697375e-12
Algorithm converged after  22  iterations.
[1] 9.499939e-08 1.230186e-09 1.560579e-12
[1] 1.401548e-07 1.368724e-09 7.910770e-22
[1] 1.374292e-07 1.364192e-09 6.683066e-13
[1] 1.390912e-07 1.365091e-09 3.587962e-25
Algorithm converged after  38  iterations.
[1] 3.739170e-08 3.524318e-10 1.174425e-13
[1] 5.416674e-08 3.895887e-10 2.755243e-23
[1] 5.511187e-08 3.902264e-10 1.226733e-13
[1] 5.475856e-08 3.892718e-10 1.233100e-13
[1] 5.340995e-08 3.880281e-10 2.476871e-22
[1] 4.977571e-08 3.801920e-10 2.810859e-21
[1] 4.984429e-08 3.805306e-10 1.202996e-13
[1] 5.468942e-08 3.904968e-10 1.221562e-13
[1] 5.286012e-08 3.869679e-10 7.874024e-26
[1] 5.163219e-08 3.847119e-10 8.323435e-25
[1] 5.437868e-08 3.907649e-10 3.335761e-13
[1] 5.176711e-08 3.852588e-10 5.079374e-27
[1] 5.065009e-08 3.823987e-10 3.411700e-13
[1] 4.872143e-08 3.793233e-10 1.193558e-13
[1] 5.177817e-08 3.859938e-10 1.217204e-13
[1] 5.232611e-08 3.866429e-10 8.332622e-23
[1] 5.206128e-08 3.870946e-10 1.208649e-13
[1] 5.147552e-08 3.855185e-10 1.312373e-13
[1] 5.408466e-08 3.912026e-10 6.756591e-24
[1] 5.252777e-08 3.886761e-10 1.033373e-23
Algorithm did not converge after  200  iterations.
[1] 1.323267e-08 8.648439e-11 4.594852e-19
[1] 1.819856e-08 9.357767e-11 8.843398e-19
[1] 1.914425e-08 9.493300e-11 5.364037e-26
[1] 1.683783e-08 9.159948e-11 2.142810e-14
[1] 1.952365e-08 9.554833e-11 1.826827e-14
[1] 1.889783e-08 9.458613e-11 1.823747e-14
[1] 1.952143e-08 9.559957e-11 3.337329e-25
[1] 1.843145e-08 9.415341e-11 2.121493e-14
[1] 1.945566e-08 9.557959e-11 3.149885e-20
[1] 1.948993e-08 9.566812e-11 1.779943e-24
[1] 1.691905e-08 9.211054e-11 3.062378e-19
[1] 1.957059e-08 9.561883e-11 3.528553e-25
[1] 1.908119e-08 9.521867e-11 8.983304e-30
[1] 1.648110e-08 9.155026e-11 2.677425e-20
[1] 1.804293e-08 9.378873e-11 1.808540e-14
[1] 2.111708e-08 9.768996e-11 1.868132e-14
[1] 1.960142e-08 9.585766e-11 5.887797e-14
[1] 1.918006e-08 9.550497e-11 2.144122e-14
[1] 1.927475e-08 9.565558e-11 7.079470e-26
[1] 1.817883e-08 9.418786e-11 3.056543e-20
Algorithm did not converge after  200  iterations.
[1] 4.127430e-09 1.766860e-11 2.086135e-15
[1] 6.013128e-09 1.932534e-11 2.689930e-27
[1] 5.801926e-09 1.917064e-11 2.148684e-15
[1] 6.066013e-09 1.938229e-11 1.141522e-26
[1] 5.332592e-09 1.876299e-11 1.150142e-26
[1] 6.018376e-09 1.935720e-11 2.632066e-15
[1] 6.054288e-09 1.937867e-11 2.706820e-15
[1] 6.025146e-09 1.935800e-11 2.764606e-27
[1] 6.156174e-09 1.944447e-11 2.707836e-15
[1] 5.807027e-09 1.920689e-11 2.145901e-15
[1] 5.134235e-09 1.860435e-11 2.306494e-31
[1] 5.810007e-09 1.921650e-11 7.919664e-15
[1] 5.752970e-09 1.915237e-11 2.160801e-15
[1] 6.095295e-09 1.945279e-11 8.014983e-15
[1] 6.076243e-09 1.943469e-11 1.141123e-20
[1] 5.394730e-09 1.882361e-11 6.432265e-29
[1] 6.003455e-09 1.937093e-11 2.186377e-15
[1] 6.060683e-09 1.943648e-11 2.169753e-15
[1] 6.026314e-09 1.938389e-11 3.268644e-26
[1] 5.730368e-09 1.915639e-11 2.149090e-15
Algorithm did not converge after  200  iterations.
[1] 1.106389e-09 2.898651e-12 3.674695e-31
[1] 1.635170e-09 3.164344e-12 1.944062e-16
[1] 1.551063e-09 3.126537e-12 1.927832e-16
[1] 1.583320e-09 3.141566e-12 8.627719e-16
[1] 1.563700e-09 3.132090e-12 1.932987e-16
[1] 1.539266e-09 3.122444e-12 1.926243e-16
[1] 1.612523e-09 3.159736e-12 7.510376e-31
[1] 1.617760e-09 3.163731e-12 1.937231e-16
[1] 1.554314e-09 3.135654e-12 5.130121e-28
[1] 1.446899e-09 3.083454e-12 8.042522e-33
Algorithm converged after  99  iterations.
[1] 2.467404e-10 3.645444e-13 1.187352e-17
[1] 3.539506e-10 3.933198e-13 1.231062e-17
[1] 3.866787e-10 4.011192e-13 4.433635e-27
[1] 3.655293e-10 3.967973e-13 6.771069e-17
[1] 3.584478e-10 3.947576e-13 7.616364e-32
[1] 3.500620e-10 3.927544e-13 1.228750e-17
[1] 3.494722e-10 3.927755e-13 1.227389e-17
[1] 3.555868e-10 3.943687e-13 4.423136e-27
Algorithm converged after  78  iterations.
[1] 4.387871e-11 3.307309e-14 4.963682e-19
[1] 6.469886e-11 3.575630e-14 8.923131e-19
[1] 6.163394e-11 3.536770e-14 3.593257e-18
Algorithm converged after  29  iterations.
[1] 5.880186e-12 1.996031e-15 4.561473e-24
[1] 8.244860e-12 2.126017e-15 1.652861e-37
[1] 8.503135e-12 2.138460e-15 1.192333e-19
[1] 8.893981e-12 2.158679e-15 2.596577e-20
[1] 8.571431e-12 2.143686e-15 1.272098e-20
[1] 8.524258e-12 2.141156e-15 9.929809e-33
[1] 8.278429e-12 2.130265e-15 2.597623e-20
[1] 8.606103e-12 2.147210e-15 1.190302e-19
[1] 8.483377e-12 2.141202e-15 7.081674e-32
[1] 8.238751e-12 2.131095e-15 1.168201e-19
[1] 8.613018e-12 2.151753e-15 1.274914e-20
[1] 8.673571e-12 2.155212e-15 1.436202e-32
[1] 8.364268e-12 2.138637e-15 6.829982e-32
[1] 8.617650e-12 2.152216e-15 1.275433e-20
[1] 8.621157e-12 2.153114e-15 1.274813e-20
[1] 8.231376e-12 2.132065e-15 1.266355e-20
[1] 8.592685e-12 2.151126e-15 1.188454e-19
[1] 8.271591e-12 2.136299e-15 2.600714e-20
[1] 8.261717e-12 2.136596e-15 2.630253e-20
[1] 8.531238e-12 2.149270e-15 1.625673e-32
Algorithm did not converge after  200  iterations.
[1] 5.497594e-13 7.174893e-17 1.559348e-22
[1] 8.043943e-13 7.671263e-17 4.060789e-22
[1] 8.036444e-13 7.674148e-17 4.045982e-22
[1] 7.718335e-13 7.617064e-17 1.607835e-22
[1] 7.740745e-13 7.620101e-17 1.072880e-35
[1] 8.051787e-13 7.678197e-17 4.054048e-22
[1] 8.061142e-13 7.681048e-17 5.672553e-45
[1] 7.873777e-13 7.644328e-17 1.609490e-22
[1] 8.038740e-13 7.677348e-17 4.206157e-31
[1] 8.045769e-13 7.680621e-17 9.530504e-35
Algorithm converged after  100  iterations.
[1] 3.219126e-14 1.315813e-18 8.319670e-25
[1] 4.689472e-14 1.399072e-18 8.595151e-25
Algorithm converged after  14  iterations.
[1] 1.010213e-15 9.844675e-21 1.397900e-27
[1] 1.459555e-15 1.040597e-20 1.811792e-51
[1] 1.411434e-15 1.035164e-20 3.550118e-45
[1] 1.462206e-15 1.041175e-20 5.852707e-47
[1] 1.467463e-15 1.041714e-20 4.930062e-39
Algorithm converged after  49  iterations.
[1] 1.344945e-17 2.148764e-23 2.869210e-29
[1] 1.936393e-17 2.260173e-23 4.927519e-31
[1] 1.870562e-17 2.248692e-23 2.932466e-44
[1] 1.947463e-17 2.262258e-23 4.932747e-31
[1] 1.895699e-17 2.252903e-23 4.914260e-31
[1] 1.883334e-17 2.250836e-23 1.440212e-35
[1] 1.848113e-17 2.244660e-23 4.906187e-31
[1] 1.946671e-17 2.262300e-23 8.642614e-39
[1] 1.886048e-17 2.251335e-23 1.163849e-57
[1] 1.935290e-17 2.260330e-23 1.081617e-44
[1] 1.875962e-17 2.249747e-23 4.912206e-31
[1] 1.932920e-17 2.259919e-23 3.360708e-30
[1] 1.932348e-17 2.259896e-23 4.926306e-31
[1] 1.944879e-17 2.262610e-23 5.780273e-62
[1] 1.872998e-17 2.249862e-23 4.911618e-31
[1] 1.932549e-17 2.260492e-23 2.935750e-44
[1] 1.938156e-17 2.261638e-23 7.801245e-41
[1] 1.934654e-17 2.261116e-23 1.610522e-35
Algorithm converged after  180  iterations.
[1] 5.261980e-20 8.077906e-27 1.707329e-35
[1] 7.091377e-20 8.384775e-27 5.177456e-38
[1] 7.501152e-20 8.448403e-27 5.124255e-38
[1] 7.501151e-20 8.448414e-27 5.124256e-38
[1] 7.501153e-20 8.448427e-27 5.124257e-38
[1] 7.501151e-20 8.448438e-27 5.124258e-38
[1] 7.102142e-20 8.386637e-27 5.177425e-38
[1] 7.091366e-20 8.384952e-27 5.168808e-38
[1] 7.390222e-20 8.430342e-27 5.164619e-38
[1] 7.102320e-20 8.386917e-27 1.740056e-35
[1] 7.090005e-20 8.385153e-27 5.170451e-38
[1] 7.066245e-20 8.381472e-27 5.172036e-38
[1] 7.290446e-20 8.415730e-27 5.159105e-38
[1] 7.090438e-20 8.385291e-27 5.177416e-38
[1] 7.091411e-20 8.385448e-27 5.168386e-38
Algorithm converged after  150  iterations.
[1] 3.281042e-23 2.173397e-31 2.379903e-44
[1] 4.415786e-23 2.247640e-31 2.667794e-64
[1] 4.533719e-23 2.254801e-31 2.396246e-44
[1] 4.424890e-23 2.248299e-31 2.259823e-44
[1] 4.363069e-23 2.244512e-31 2.410198e-44
[1] 4.424037e-23 2.248251e-31 2.694200e-45
[1] 4.673455e-23 2.263356e-31 2.379955e-44
[1] 4.422094e-23 2.248150e-31 5.294140e-40
[1] 4.423402e-23 2.248229e-31 9.647375e-49
[1] 4.621755e-23 2.260307e-31 2.384862e-44
[1] 4.421314e-23 2.248136e-31 8.626166e-39
[1] 4.419070e-23 2.248034e-31 2.410221e-44
[1] 4.420731e-23 2.248159e-31 2.401595e-44
Algorithm converged after  123  iterations.
[1] 1.083987e-27 8.615368e-38 3.671327e-53
Algorithm converged after  6  iterations.
[1] 2.097686e-34 2.132888e-47 5.630814e-66
[1] 2.786360e-34 2.187504e-47 4.506834e-66
[1] 2.735823e-34 2.183732e-47 1.388560e-66
[1] 2.787728e-34 2.187618e-47 1.022974e-66
[1] 2.786133e-34 2.187506e-47 1.382741e-66
[1] 2.786248e-34 2.187516e-47 1.382664e-66
[1] 2.786208e-34 2.187513e-47 1.382666e-66
[1] 2.786208e-34 2.187514e-47 1.382666e-66
[1] 2.786210e-34 2.187514e-47 1.382666e-66
[1] 2.786235e-34 2.187516e-47 1.382665e-66
[1] 2.786216e-34 2.187515e-47 1.382666e-66
[1] 2.786215e-34 2.187515e-47 1.382666e-66
[1] 2.786209e-34 2.187515e-47 1.382666e-66
[1] 2.786208e-34 2.187515e-47 1.382666e-66
[1] 2.786225e-34 2.187516e-47 1.382665e-66
[1] 2.786246e-34 2.187518e-47 1.382664e-66
[1] 2.786235e-34 2.187518e-47 1.382665e-66
[1] 2.786208e-34 2.187516e-47 1.382666e-66
[1] 2.786208e-34 2.187516e-47 1.382666e-66
[1] 2.786209e-34 2.187516e-47 1.382666e-66
Algorithm did not converge after  200  iterations.
[1] 1.395149e-45 2.067522e-63 6.703769e-88
[1] 1.811460e-45 2.109355e-63 8.987171e-84
Algorithm converged after  19  iterations.
[1]  6.447436e-68  1.936715e-95 5.203164e-136
Algorithm converged after  7  iterations.
[1] 7.009320e-135 1.613437e-191 8.749283e-298
Algorithm converged after  5  iterations.
[1] 0.1586086
Algorithm converged after  2  iterations.
[1] 5.332965e-03 3.646111e-04 9.918617e-05
[1] 0.0062281280 0.0003936082 0.0001090574
Algorithm converged after  16  iterations.
[1] 4.590332e-03 2.818353e-04 7.872664e-05
[1] 5.475464e-03 3.077106e-04 8.557153e-05
Algorithm converged after  15  iterations.
[1] 3.929661e-03 2.161840e-04 6.161305e-05
[1] 4.783431e-03 2.389942e-04 6.639795e-05
Algorithm converged after  15  iterations.
[1] 3.344509e-03 1.644453e-04 4.759474e-05
[1] 4.148163e-03 1.839871e-04 5.082391e-05
Algorithm converged after  14  iterations.
[1] 2.828770e-03 1.239896e-04 3.643275e-05
[1] 0.0035732388 0.0001402282 0.0000383523
Algorithm converged after  13  iterations.
[1] 2.376635e-03 9.265520e-05 2.787355e-05
[1] 3.061317e-03 1.057692e-04 2.851556e-05
Algorithm converged after  15  iterations.
[1] 1.982560e-03 6.866059e-05 2.173318e-05
[1] 2.622659e-03 7.914989e-05 2.083032e-05
[1] 2.622547e-03 7.917736e-05 2.077506e-05
[1] 2.622543e-03 7.917913e-05 2.077182e-05
[1] 2.622542e-03 7.917923e-05 2.077162e-05
Algorithm converged after  43  iterations.
[1] 1.641250e-03 5.054515e-05 1.826346e-05
[1] 2.240739e-03 5.900636e-05 1.449248e-05
[1] 2.248877e-03 5.926340e-05 1.428777e-05
[1] 2.257845e-03 5.939398e-05 1.422140e-05
[1] 2.264077e-03 5.946640e-05 1.420233e-05
[1] 2.268432e-03 5.951121e-05 1.420340e-05
[1] 2.271580e-03 5.953990e-05 1.421477e-05
[1] 2.273899e-03 5.955860e-05 1.423068e-05
[1] 2.275640e-03 5.957096e-05 1.424826e-05
[1] 2.276968e-03 5.957913e-05 1.426598e-05
[1] 2.277993e-03 5.958448e-05 1.428296e-05
[1] 2.278787e-03 5.958800e-05 1.429828e-05
[1] 2.279412e-03 5.959023e-05 1.431237e-05
[1] 2.279907e-03 5.959160e-05 1.432503e-05
[1] 2.280304e-03 5.959238e-05 1.433629e-05
[1] 2.280623e-03 5.959277e-05 1.434622e-05
[1] 2.280881e-03 5.959290e-05 1.435491e-05
[1] 2.281091e-03 5.959287e-05 1.436249e-05
[1] 2.281263e-03 5.959274e-05 1.436907e-05
[1] 2.281404e-03 5.959255e-05 1.437476e-05
Algorithm did not converge after  200  iterations.
[1] 1.347650e-03 3.714487e-05 1.738317e-05
[1] 1.879420e-03 4.356323e-05 1.686363e-05
Algorithm converged after  14  iterations.
[1] 1.096945e-03 2.762805e-05 1.660366e-05
[1] 1.521664e-03 3.263245e-05 1.918868e-05
Algorithm converged after  15  iterations.
[1] 8.845616e-04 2.124795e-05 1.340628e-05
[1] 1.213316e-03 2.576172e-05 1.575735e-05
Algorithm converged after  16  iterations.
[1] 7.061763e-04 1.678421e-05 9.581950e-06
[1] 9.537964e-04 2.074178e-05 1.101841e-05
Algorithm converged after  17  iterations.
[1] 5.577225e-04 1.340897e-05 6.535894e-06
[1] 7.406307e-04 1.668041e-05 7.367522e-06
Algorithm converged after  18  iterations.
[1] 4.354005e-04 1.072752e-05 4.328442e-06
[1] 5.679106e-04 1.330673e-05 4.792244e-06
[1] 5.681153e-04 1.331066e-05 4.792908e-06
Algorithm converged after  21  iterations.
[1] 3.356860e-04 8.532882e-06 2.795569e-06
[1] 4.287926e-04 1.046663e-05 3.040960e-06
[1] 4.295909e-04 1.048212e-05 3.042803e-06
Algorithm converged after  28  iterations.
[1] 2.553373e-04 6.708770e-06 1.762964e-06
[1] 3.088314e-04 7.920725e-06 1.874046e-06
[1] 3.127224e-04 7.987421e-06 1.877693e-06
[1] 3.141744e-04 8.012989e-06 1.879259e-06
[1] 3.146765e-04 8.021923e-06 1.879827e-06
[1] 3.148438e-04 8.024910e-06 1.880019e-06
[1] 3.148987e-04 8.025892e-06 1.880083e-06
[1] 3.149167e-04 8.026213e-06 1.880104e-06
[1] 3.149225e-04 8.026318e-06 1.880111e-06
Algorithm converged after  82  iterations.
[1] 1.914003e-04 5.187386e-06 1.085891e-06
[1] 2.098536e-04 5.798717e-06 1.148441e-06
[1] 2.097751e-04 5.797554e-06 1.148475e-06
