myseed=5482 

Attaching package: ‘pls’

The following object is masked from ‘package:stats’:

    loadings

Loading required package: lattice
Loading required package: ggplot2
Registered S3 methods overwritten by 'ggplot2':
  method         from 
  [.quosures     rlang
  c.quosures     rlang
  print.quosures rlang

Attaching package: ‘caret’

The following object is masked from ‘package:pls’:

    R2

Loading required package: Matrix
Loading required package: foreach
Loaded glmnet 2.0-18

Parsed with column specification:
cols(
  .default = col_double()
)
See spec(...) for full column specifications.
Parsed with column specification:
cols(
  X1 = col_double()
)
Parsed with column specification:
cols(
  X1 = col_double()
)
[1] "Best 2step parameter is:"
   gam  rankJ rankA1 rankA2 rankA3 
   6.5    2.0    1.0    0.0    0.0 
[1] 0.005374765
Algorithm converged after  2  iterations.
[1] 0.0046094
Algorithm converged after  2  iterations.
[1] 0.00393288
Algorithm converged after  2  iterations.
[1] 0.003337344
Algorithm converged after  2  iterations.
[1] 0.002815476
Algorithm converged after  2  iterations.
[1] 0.002360436
Algorithm converged after  2  iterations.
[1] 0.001965805
Algorithm converged after  2  iterations.
[1] 0.001625558
Algorithm converged after  2  iterations.
[1] 0.001334041
Algorithm converged after  2  iterations.
[1] 0.001085956
Algorithm converged after  2  iterations.
[1] 0.0008763555
Algorithm converged after  2  iterations.
[1] 0.0007006412
Algorithm converged after  2  iterations.
[1] 0.0005545595
Algorithm converged after  2  iterations.
[1] 0.0004342007
Algorithm converged after  2  iterations.
[1] 0.000335995
Algorithm converged after  2  iterations.
[1] 0.0002567059
Algorithm converged after  2  iterations.
[1] 0.0001934215
Algorithm converged after  2  iterations.
[1] 0.0001435426
Algorithm converged after  2  iterations.
[1] 0.0001047688
Algorithm converged after  2  iterations.
[1] 7.508313e-05
Algorithm converged after  2  iterations.
[1] 5.273506e-05
Algorithm converged after  2  iterations.
[1] 3.622239e-05
Algorithm converged after  2  iterations.
[1] 2.427261e-05
Algorithm converged after  2  iterations.
[1] 1.582349e-05
Algorithm converged after  2  iterations.
[1] 1.000305e-05
Algorithm converged after  2  iterations.
[1] 6.109165e-06
Algorithm converged after  2  iterations.
[1] 3.588852e-06
Algorithm converged after  2  iterations.
[1] 2.017579e-06
Algorithm converged after  2  iterations.
[1] 1.0789e-06
Algorithm converged after  2  iterations.
[1] 5.448587e-07
Algorithm converged after  2  iterations.
[1] 2.576275e-07
Algorithm converged after  2  iterations.
[1] 1.128686e-07
Algorithm converged after  2  iterations.
[1] 4.523651e-08
Algorithm converged after  2  iterations.
[1] 1.632682e-08
Algorithm converged after  2  iterations.
[1] 5.203138e-09
Algorithm converged after  2  iterations.
[1] 1.428104e-09
Algorithm converged after  2  iterations.
[1] 3.269463e-10
Algorithm converged after  2  iterations.
[1] 5.987287e-11
Algorithm converged after  2  iterations.
[1] 8.294283e-12
Algorithm converged after  2  iterations.
[1] 8.055097e-13
Algorithm converged after  2  iterations.
[1] 4.92991e-14
Algorithm converged after  2  iterations.
[1] 1.630275e-15
Algorithm converged after  2  iterations.
[1] 2.312662e-17
Algorithm converged after  2  iterations.
[1] 9.792855e-20
Algorithm converged after  2  iterations.
[1] 6.763881e-23
Algorithm converged after  2  iterations.
[1] 2.567874e-27
Algorithm converged after  2  iterations.
[1] 6.085273e-34
Algorithm converged after  2  iterations.
[1] 5.62246e-45
Algorithm converged after  2  iterations.
[1] 4.93688e-67
Algorithm converged after  2  iterations.
[1] 3.5468e-133
Algorithm converged after  2  iterations.
[1] 0.1708131
Algorithm converged after  2  iterations.
[1] 0.0053747649 0.0005072034
[1] 0.0071204182 0.0006513052
[1] 0.007119355 0.000651347
Algorithm converged after  23  iterations.
[1] 0.0046093996 0.0003898442
[1] 0.006250111 0.000490621
[1] 0.0062530975 0.0004905289
Algorithm converged after  27  iterations.
[1] 0.0039328797 0.0002981785
[1] 0.0054700800 0.0003669837
[1] 0.0054777436 0.0003668096
Algorithm converged after  30  iterations.
[1] 0.003337344 0.000226692
[1] 0.0047596057 0.0002736259
[1] 0.0047681563 0.0002734894
Algorithm converged after  30  iterations.
[1] 0.0028154765 0.0001710545
[1] 0.0040917508 0.0002040604
[1] 0.0040952103 0.0002040065
Algorithm converged after  25  iterations.
[1] 0.0023604357 0.0001279256
[1] 0.0034475810 0.0001522196
Algorithm converged after  18  iterations.
[1] 1.965805e-03 9.471275e-05
[1] 0.0028439826 0.0001132117
Algorithm converged after  15  iterations.
[1] 1.625558e-03 6.936638e-05
[1] 2.311814e-03 8.375346e-05
Algorithm converged after  12  iterations.
[1] 1.334041e-03 5.023831e-05
Algorithm converged after  10  iterations.
[1] 1.085956e-03 3.599123e-05
Algorithm converged after  9  iterations.
[1] 8.763555e-04 2.553895e-05
Algorithm converged after  9  iterations.
[1] 7.006412e-04 1.799857e-05
Algorithm converged after  7  iterations.
[1] 5.545595e-04 1.263739e-05
Algorithm converged after  7  iterations.
[1] 4.342007e-04 8.841975e-06
Algorithm converged after  7  iterations.
[1] 3.359950e-04 6.143845e-06
Algorithm converged after  7  iterations.
[1] 2.567059e-04 4.220348e-06
Algorithm converged after  7  iterations.
[1] 1.934215e-04 2.853393e-06
Algorithm converged after  7  iterations.
[1] 1.435426e-04 1.891121e-06
Algorithm converged after  7  iterations.
[1] 1.047688e-04 1.223942e-06
Algorithm converged after  7  iterations.
[1] 7.508313e-05 7.706500e-07
Algorithm converged after  6  iterations.
[1] 5.273506e-05 4.702741e-07
Algorithm converged after  6  iterations.
[1] 3.622239e-05 2.770127e-07
Algorithm converged after  6  iterations.
[1] 2.427261e-05 1.568271e-07
Algorithm converged after  6  iterations.
[1] 1.582349e-05 8.492554e-08
Algorithm converged after  6  iterations.
[1] 1.000305e-05 4.375432e-08
Algorithm converged after  6  iterations.
[1] 6.109165e-06 2.131652e-08
Algorithm converged after  6  iterations.
[1] 3.588852e-06 9.751468e-09
Algorithm converged after  6  iterations.
[1] 2.017579e-06 4.154590e-09
Algorithm converged after  6  iterations.
[1] 1.078900e-06 1.632737e-09
Algorithm converged after  6  iterations.
[1] 5.448587e-07 5.851733e-10
Algorithm converged after  6  iterations.
[1] 2.576275e-07 1.886731e-10
Algorithm converged after  6  iterations.
[1] 1.128686e-07 5.383145e-11
Algorithm converged after  6  iterations.
[1] 4.523651e-08 1.332066e-11
Algorithm converged after  6  iterations.
[1] 1.632682e-08 2.788662e-12
Algorithm converged after  5  iterations.
[1] 5.203138e-09 4.788215e-13
Algorithm converged after  5  iterations.
[1] 1.428104e-09 6.483360e-14
Algorithm converged after  5  iterations.
[1] 3.269463e-10 6.581844e-15
Algorithm converged after  5  iterations.
[1] 5.987287e-11 4.689713e-16
Algorithm converged after  5  iterations.
[1] 8.294283e-12 2.147709e-17
Algorithm converged after  5  iterations.
[1] 8.055097e-13 5.606897e-19
Algorithm converged after  5  iterations.
[1] 4.929910e-14 7.054056e-21
Algorithm converged after  5  iterations.
[1] 1.630275e-15 3.355578e-23
Algorithm converged after  5  iterations.
[1] 2.312662e-17 4.194608e-26
Algorithm converged after  4  iterations.
[1] 9.792855e-20 7.779118e-30
Algorithm converged after  4  iterations.
[1] 6.763881e-23 8.255283e-35
Algorithm converged after  4  iterations.
[1] 2.567874e-27 9.024500e-42
Algorithm converged after  4  iterations.
[1] 6.085273e-34 3.294575e-52
Algorithm converged after  3  iterations.
[1] 5.622460e-45 1.346837e-69
Algorithm converged after  4  iterations.
[1]  4.936880e-67 2.327571e-104
Algorithm converged after  4  iterations.
[1] 3.546800e-133 1.308837e-208
Algorithm converged after  4  iterations.
[1] 0.1658768
Algorithm converged after  2  iterations.
[1] 0.0053747649 0.0003963857
Algorithm converged after  8  iterations.
[1] 0.004609400 0.000345283
Algorithm converged after  8  iterations.
[1] 0.0039328797 0.0003011445
Algorithm converged after  8  iterations.
[1] 0.0033373440 0.0002619927
Algorithm converged after  8  iterations.
[1] 0.0028154765 0.0002268759
Algorithm converged after  8  iterations.
[1] 0.0023604357 0.0001952283
Algorithm converged after  8  iterations.
[1] 0.0019658048 0.0001666781
Algorithm converged after  8  iterations.
[1] 0.0016255583 0.0001409684
Algorithm converged after  8  iterations.
[1] 0.0013340412 0.0001179169
Algorithm converged after  7  iterations.
[1] 1.085956e-03 9.739059e-05
Algorithm converged after  7  iterations.
[1] 0.0008763555 0.0000792862
Algorithm converged after  7  iterations.
[1] 7.006412e-04 6.351221e-05
Algorithm converged after  7  iterations.
[1] 5.545595e-04 4.997249e-05
Algorithm converged after  7  iterations.
[1] 4.342007e-04 3.855269e-05
Algorithm converged after  7  iterations.
[1] 3.359950e-04 2.911135e-05
Algorithm converged after  7  iterations.
[1] 2.567059e-04 2.147715e-05
Algorithm converged after  7  iterations.
[1] 1.934215e-04 1.545229e-05
Algorithm converged after  7  iterations.
[1] 1.435426e-04 1.082075e-05
Algorithm converged after  7  iterations.
[1] 1.047688e-04 7.359403e-06
Algorithm converged after  7  iterations.
[1] 7.508313e-05 4.849766e-06
Algorithm converged after  7  iterations.
[1] 5.273506e-05 3.088412e-06
Algorithm converged after  7  iterations.
[1] 3.622239e-05 1.894825e-06
Algorithm converged after  7  iterations.
[1] 2.427261e-05 1.116119e-06
Algorithm converged after  7  iterations.
[1] 1.582349e-05 6.286564e-07
Algorithm converged after  7  iterations.
[1] 1.000305e-05 3.370148e-07
Algorithm converged after  7  iterations.
[1] 6.109165e-06 1.710214e-07
Algorithm converged after  7  iterations.
[1] 3.588852e-06 8.162845e-08
Algorithm converged after  7  iterations.
[1] 2.017579e-06 3.637042e-08
Algorithm converged after  6  iterations.
[1] 1.078900e-06 1.499297e-08
Algorithm converged after  6  iterations.
[1] 5.448587e-07 5.657487e-09
Algorithm converged after  6  iterations.
[1] 2.576275e-07 1.929212e-09
Algorithm converged after  6  iterations.
[1] 1.128686e-07 5.853231e-10
Algorithm converged after  6  iterations.
[1] 4.523651e-08 1.550228e-10
Algorithm converged after  6  iterations.
[1] 1.632682e-08 3.500642e-11
Algorithm converged after  6  iterations.
[1] 5.203138e-09 6.544150e-12
Algorithm converged after  6  iterations.
[1] 1.428104e-09 9.756455e-13
Algorithm converged after  6  iterations.
[1] 3.269463e-10 1.105613e-13
Algorithm converged after  6  iterations.
[1] 5.987287e-11 8.943337e-15
Algorithm converged after  6  iterations.
[1] 8.294283e-12 4.748924e-16
Algorithm converged after  5  iterations.
[1] 8.055097e-13 1.476621e-17
Algorithm converged after  5  iterations.
[1] 4.929910e-14 2.291138e-19
Algorithm converged after  5  iterations.
[1] 1.630275e-15 1.407987e-21
Algorithm converged after  5  iterations.
[1] 2.312662e-17 2.423277e-24
Algorithm converged after  5  iterations.
[1] 9.792855e-20 6.775883e-28
Algorithm converged after  5  iterations.
[1] 6.763881e-23 1.242075e-32
Algorithm converged after  5  iterations.
[1] 2.567874e-27 2.914349e-39
Algorithm converged after  5  iterations.
[1] 6.085273e-34 3.337437e-49
Algorithm converged after  5  iterations.
[1] 5.62246e-45 9.13132e-66
Algorithm converged after  4  iterations.
[1] 4.936880e-67 7.007257e-99
Algorithm converged after  4  iterations.
[1] 3.546800e-133 3.370228e-198
Algorithm converged after  4  iterations.
[1] 0.1640981
Algorithm converged after  2  iterations.
[1] 0.0053747649 0.0004108287
[1] 0.0075996213 0.0007171115
Algorithm converged after  14  iterations.
[1] 0.0046093996 0.0003219589
[1] 0.0064208652 0.0005843442
Algorithm converged after  13  iterations.
[1] 0.0039328797 0.0002507501
[1] 0.0054209454 0.0004762352
Algorithm converged after  12  iterations.
[1] 0.0033373440 0.0001942988
[1] 0.0045741808 0.0003874775
Algorithm converged after  11  iterations.
[1] 0.0028154765 0.0001501408
[1] 0.0038345566 0.0003137547
Algorithm converged after  11  iterations.
[1] 0.0023604357 0.0001162763
[1] 0.0031977922 0.0002530374
Algorithm converged after  11  iterations.
[1] 0.0019658048 0.0000912214
[1] 0.002657415 0.000202454
Algorithm converged after  11  iterations.
[1] 1.625558e-03 7.320457e-05
Algorithm converged after  7  iterations.
[1] 1.334041e-03 5.958027e-05
[1] 0.0017927604 0.0001253916
Algorithm converged after  11  iterations.
[1] 0.0010859558 0.0000486257
[1] 1.453971e-03 9.755204e-05
Algorithm converged after  11  iterations.
[1] 8.763555e-04 3.950167e-05
[1] 0.0011700160 0.0000753055
Algorithm converged after  11  iterations.
[1] 7.006412e-04 3.177548e-05
[1] 9.338362e-04 5.762634e-05
Algorithm converged after  11  iterations.
[1] 5.545595e-04 2.520958e-05
[1] 7.387543e-04 4.364949e-05
Algorithm converged after  11  iterations.
[1] 0.0004342007 0.0000196628
[1] 5.787503e-04 3.266236e-05
Algorithm converged after  11  iterations.
[1] 3.359950e-04 1.503737e-05
Algorithm converged after  10  iterations.
[1] 2.567059e-04 1.124969e-05
Algorithm converged after  10  iterations.
[1] 1.934215e-04 8.215514e-06
Algorithm converged after  10  iterations.
[1] 1.435426e-04 5.844770e-06
Algorithm converged after  10  iterations.
[1] 1.047688e-04 4.042322e-06
Algorithm converged after  10  iterations.
[1] 7.508313e-05 2.711751e-06
Algorithm converged after  10  iterations.
[1] 5.273506e-05 1.760115e-06
Algorithm converged after  9  iterations.
[1] 3.622239e-05 1.102234e-06
Algorithm converged after  9  iterations.
[1] 2.427261e-05 6.637919e-07
Algorithm converged after  9  iterations.
[1] 1.582349e-05 3.829773e-07
Algorithm converged after  9  iterations.
[1] 1.000305e-05 2.107568e-07
Algorithm converged after  9  iterations.
[1] 6.109165e-06 1.100563e-07
Algorithm converged after  9  iterations.
[1] 3.588852e-06 5.420458e-08
Algorithm converged after  8  iterations.
[1] 2.017579e-06 2.499944e-08
Algorithm converged after  8  iterations.
[1] 1.078900e-06 1.070534e-08
Algorithm converged after  8  iterations.
[1] 5.448587e-07 4.213373e-09
Algorithm converged after  8  iterations.
[1] 2.576275e-07 1.505593e-09
Algorithm converged after  8  iterations.
[1] 1.128686e-07 4.812757e-10
Algorithm converged after  8  iterations.
[1] 4.523651e-08 1.351486e-10
Algorithm converged after  8  iterations.
[1] 1.632682e-08 3.260057e-11
Algorithm converged after  7  iterations.
[1] 5.203138e-09 6.568443e-12
Algorithm converged after  7  iterations.
[1] 1.428104e-09 1.066854e-12
Algorithm converged after  7  iterations.
[1] 3.269463e-10 1.334540e-13
Algorithm converged after  7  iterations.
[1] 5.987287e-11 1.211228e-14
Algorithm converged after  7  iterations.
[1] 8.294283e-12 7.366119e-16
Algorithm converged after  7  iterations.
[1] 8.055097e-13 2.693184e-17
Algorithm converged after  6  iterations.
[1] 4.929910e-14 5.085944e-19
Algorithm converged after  6  iterations.
[1] 1.630275e-15 3.984067e-21
Algorithm converged after  6  iterations.
[1] 2.312662e-17 9.317530e-24
Algorithm converged after  6  iterations.
[1] 9.792855e-20 3.880273e-27
Algorithm converged after  6  iterations.
[1] 6.763881e-23 1.216121e-31
Algorithm converged after  5  iterations.
[1] 2.567874e-27 6.087038e-38
Algorithm converged after  5  iterations.
[1] 6.085273e-34 2.191351e-47
Algorithm converged after  5  iterations.
[1] 5.622460e-45 4.095189e-63
Algorithm converged after  5  iterations.
[1] 4.93688e-67 1.49415e-94
Algorithm converged after  4  iterations.
[1] 3.546800e-133 8.019326e-189
Algorithm converged after  4  iterations.
[1] 0.1615846
Algorithm converged after  2  iterations.
[1] 0.0053747649 0.0009392682
Algorithm converged after  2  iterations.
[1] 0.0046093996 0.0007730268
Algorithm converged after  2  iterations.
[1] 0.0039328797 0.0006367286
Algorithm converged after  2  iterations.
[1] 0.0033373440 0.0005271116
Algorithm converged after  2  iterations.
[1] 0.0028154765 0.0004418061
Algorithm converged after  2  iterations.
[1] 0.0023604357 0.0003776111
Algorithm converged after  2  iterations.
[1] 0.0019658048 0.0003275594
Algorithm converged after  2  iterations.
[1] 0.0016255583 0.0002855329
Algorithm converged after  2  iterations.
[1] 0.0013340412 0.0002483891
Algorithm converged after  2  iterations.
[1] 0.0010859558 0.0002146336
Algorithm converged after  2  iterations.
[1] 0.0008763555 0.0001835906
Algorithm converged after  2  iterations.
[1] 0.0007006412 0.0001550227
Algorithm converged after  2  iterations.
[1] 0.0005545595 0.0001289263
Algorithm converged after  2  iterations.
[1] 0.0004342007 0.0001054017
Algorithm converged after  2  iterations.
[1] 3.359950e-04 8.456235e-05
Algorithm converged after  2  iterations.
[1] 2.567059e-04 6.647536e-05
Algorithm converged after  2  iterations.
[1] 1.934215e-04 5.112796e-05
Algorithm converged after  2  iterations.
[1] 1.435426e-04 3.841696e-05
Algorithm converged after  2  iterations.
[1] 0.0001047688 0.0000281556
Algorithm converged after  2  iterations.
[1] 7.508313e-05 2.009188e-05
Algorithm converged after  2  iterations.
[1] 5.273506e-05 1.393227e-05
Algorithm converged after  2  iterations.
[1] 3.622239e-05 9.366269e-06
Algorithm converged after  2  iterations.
[1] 2.427261e-05 6.088178e-06
Algorithm converged after  2  iterations.
[1] 1.582349e-05 3.814326e-06
Algorithm converged after  2  iterations.
[1] 1.000305e-05 2.294848e-06
Algorithm converged after  2  iterations.
[1] 6.109165e-06 1.320102e-06
Algorithm converged after  2  iterations.
[1] 3.588852e-06 7.223524e-07
Algorithm converged after  2  iterations.
[1] 2.017579e-06 3.737108e-07
Algorithm converged after  2  iterations.
[1] 1.078900e-06 1.814765e-07
Algorithm converged after  2  iterations.
[1] 5.448587e-07 8.200396e-08
Algorithm converged after  2  iterations.
[1] 2.576275e-07 3.412220e-08
Algorithm converged after  2  iterations.
[1] 1.128686e-07 1.290952e-08
Algorithm converged after  2  iterations.
[1] 4.523651e-08 4.372140e-09
Algorithm converged after  2  iterations.
[1] 1.632682e-08 1.300238e-09
Algorithm converged after  2  iterations.
[1] 5.203138e-09 3.314548e-10
Algorithm converged after  2  iterations.
[1] 1.428104e-09 7.024580e-11
Algorithm converged after  2  iterations.
[1] 3.269463e-10 1.189944e-11
Algorithm converged after  2  iterations.
[1] 5.987287e-11 1.530351e-12
Algorithm converged after  2  iterations.
[1] 8.294283e-12 1.395080e-13
Algorithm converged after  2  iterations.
[1] 8.055097e-13 8.208906e-15
Algorithm converged after  2  iterations.
[1] 4.929910e-14 2.734688e-16
Algorithm converged after  2  iterations.
[1] 1.630275e-15 4.267842e-18
Algorithm converged after  2  iterations.
[1] 2.312662e-17 2.348504e-20
Algorithm converged after  2  iterations.
[1] 9.792855e-20 2.915692e-23
Algorithm converged after  2  iterations.
[1] 6.763881e-23 3.880255e-27
Algorithm converged after  2  iterations.
[1] 2.567874e-27 1.450055e-32
Algorithm converged after  2  iterations.
[1] 6.085273e-34 1.044207e-40
Algorithm converged after  2  iterations.
[1] 5.622460e-45 2.793665e-54
Algorithm converged after  2  iterations.
[1] 4.936880e-67 1.990189e-81
Algorithm converged after  2  iterations.
[1] 3.546800e-133 7.141278e-163
Algorithm converged after  2  iterations.
[1] 0.1498193
Algorithm converged after  2  iterations.
[1] 0.0053747649 0.0005072034 0.0001422513
Algorithm converged after  10  iterations.
[1] 0.0046093996 0.0003898442 0.0001181971
Algorithm converged after  10  iterations.
[1] 3.932880e-03 2.981785e-04 9.580199e-05
Algorithm converged after  10  iterations.
[1] 3.337344e-03 2.266920e-04 7.533082e-05
Algorithm converged after  9  iterations.
[1] 2.815476e-03 1.710545e-04 5.755823e-05
Algorithm converged after  8  iterations.
[1] 2.360436e-03 1.279256e-04 4.296958e-05
[1] 2.467026e-03 1.301988e-04 4.144343e-05
Algorithm converged after  11  iterations.
[1] 1.965805e-03 9.471275e-05 3.156564e-05
[1] 2.161131e-03 9.876726e-05 3.016944e-05
Algorithm converged after  14  iterations.
[1] 1.625558e-03 6.936638e-05 2.303945e-05
[1] 1.902534e-03 7.486941e-05 2.153370e-05
[1] 1.902438e-03 7.487680e-05 2.152878e-05
Algorithm converged after  25  iterations.
[1] 1.334041e-03 5.023831e-05 1.702249e-05
[1] 1.667981e-03 5.674991e-05 1.489286e-05
[1] 1.666915e-03 5.680130e-05 1.482997e-05
[1] 1.666816e-03 5.680567e-05 1.482472e-05
[1] 1.666807e-03 5.680606e-05 1.482424e-05
Algorithm converged after  50  iterations.
[1] 1.085956e-03 3.599123e-05 1.339815e-05
[1] 1.372618e-03 4.121165e-05 1.007671e-05
Algorithm converged after  19  iterations.
[1] 8.763555e-04 2.553895e-05 1.154784e-05
[1] 1.130310e-03 2.909714e-05 1.215955e-05
Algorithm converged after  11  iterations.
[1] 7.006412e-04 1.799857e-05 9.848496e-06
Algorithm converged after  9  iterations.
[1] 5.545595e-04 1.263739e-05 7.749304e-06
Algorithm converged after  9  iterations.
[1] 4.342007e-04 8.841975e-06 5.589461e-06
Algorithm converged after  8  iterations.
[1] 3.359950e-04 6.143845e-06 3.791608e-06
Algorithm converged after  8  iterations.
[1] 2.567059e-04 4.220348e-06 2.462998e-06
Algorithm converged after  8  iterations.
[1] 1.934215e-04 2.853393e-06 1.543984e-06
Algorithm converged after  8  iterations.
[1] 1.435426e-04 1.891121e-06 9.362730e-07
Algorithm converged after  8  iterations.
[1] 1.047688e-04 1.223942e-06 5.491162e-07
Algorithm converged after  8  iterations.
[1] 7.508313e-05 7.706500e-07 3.109749e-07
Algorithm converged after  7  iterations.
[1] 5.273506e-05 4.702741e-07 1.696154e-07
Algorithm converged after  7  iterations.
[1] 3.622239e-05 2.770127e-07 8.880275e-08
Algorithm converged after  7  iterations.
[1] 2.427261e-05 1.568271e-07 4.444611e-08
Algorithm converged after  7  iterations.
[1] 1.582349e-05 8.492554e-08 2.116327e-08
Algorithm converged after  7  iterations.
[1] 1.000305e-05 4.375432e-08 9.532435e-09
Algorithm converged after  7  iterations.
[1] 6.109165e-06 2.131652e-08 4.034654e-09
Algorithm converged after  7  iterations.
[1] 3.588852e-06 9.751468e-09 1.592213e-09
Algorithm converged after  6  iterations.
[1] 2.017579e-06 4.154590e-09 5.804989e-10
Algorithm converged after  6  iterations.
[1] 1.078900e-06 1.632737e-09 1.934148e-10
Algorithm converged after  6  iterations.
[1] 5.448587e-07 5.851733e-10 5.813647e-11
Algorithm converged after  6  iterations.
[1] 2.576275e-07 1.886731e-10 1.552165e-11
Algorithm converged after  6  iterations.
[1] 1.128686e-07 5.383145e-11 3.612435e-12
Algorithm converged after  6  iterations.
[1] 4.523651e-08 1.332066e-11 7.162537e-13
Algorithm converged after  6  iterations.
[1] 1.632682e-08 2.788662e-12 1.176062e-13
Algorithm converged after  6  iterations.
[1] 5.203138e-09 4.788215e-13 1.543504e-14
Algorithm converged after  5  iterations.
[1] 1.428104e-09 6.483360e-14 1.548179e-15
Algorithm converged after  5  iterations.
[1] 3.269463e-10 6.581844e-15 1.120292e-16
Algorithm converged after  5  iterations.
[1] 5.987287e-11 4.689713e-16 5.423766e-18
Algorithm converged after  5  iterations.
[1] 8.294283e-12 2.147709e-17 1.588867e-19
[1] 8.403245e-12 2.154863e-17 1.553011e-19
Algorithm converged after  11  iterations.
[1] 8.055097e-13 5.606897e-19 7.564084e-43
[1] 8.010886e-13 5.611073e-19 2.405406e-21
Algorithm converged after  14  iterations.
[1] 4.929910e-14 7.054056e-21 6.037484e-47
[1] 4.807658e-14 7.046566e-21 3.227616e-44
[1] 5.369888e-14 7.113378e-21 1.962273e-41
Algorithm converged after  28  iterations.
[1] 1.630275e-15 3.355578e-23 2.020221e-55
[1] 1.743262e-15 3.372957e-23 2.028320e-54
[1] 1.835593e-15 3.385243e-23 3.761291e-41
[1] 1.764269e-15 3.376224e-23 2.590063e-28
[1] 1.813478e-15 3.382206e-23 4.623045e-52
[1] 1.678941e-15 3.363827e-23 3.069713e-41
[1] 1.926022e-15 3.400094e-23 7.924415e-54
[1] 1.814361e-15 3.382382e-23 1.053282e-32
[1] 1.835271e-15 3.385209e-23 1.055656e-32
[1] 1.740352e-15 3.373062e-23 9.069529e-33
[1] 1.746378e-15 3.373395e-23 3.588757e-26
[1] 1.815424e-15 3.382589e-23 3.341146e-43
[1] 1.919864e-15 3.399309e-23 1.193589e-28
[1] 1.926893e-15 3.400266e-23 1.194958e-28
[1] 1.547094e-15 3.345287e-23 3.665919e-26
[1] 1.815109e-15 3.382562e-23 1.180986e-28
[1] 1.724842e-15 3.370773e-23 9.077662e-33
[1] 1.839277e-15 3.385820e-23 1.183266e-28
[1] 1.483909e-15 3.334217e-23 3.683910e-26
[1] 1.815138e-15 3.383094e-23 3.137482e-43
Algorithm did not converge after  200  iterations.
[1] 2.312662e-17 4.194608e-26 1.779024e-29
[1] 2.517404e-17 4.215096e-26 2.632437e-32
Algorithm converged after  17  iterations.
[1] 9.792855e-20 7.779118e-30 3.977451e-38
Algorithm converged after  8  iterations.
[1] 6.763881e-23 8.255283e-35 2.836923e-43
[1] 7.608891e-23 8.280546e-35 2.883830e-43
[1] 7.307702e-23 8.271483e-35 2.868582e-43
[1] 7.610305e-23 8.280575e-35 4.641415e-43
[1] 7.309853e-23 8.271565e-35 2.868812e-43
[1] 7.613869e-23 8.280712e-35 2.212769e-48
[1] 7.082021e-23 8.264516e-35 2.851681e-43
[1] 6.951591e-23 8.261509e-35 2.854520e-43
[1] 7.309497e-23 8.272660e-35 7.007237e-47
[1] 7.314551e-23 8.272787e-35 2.894589e-43
[1] 7.304697e-23 8.272399e-35 4.603726e-43
[1] 7.614437e-23 8.280685e-35 4.139511e-49
[1] 7.632177e-23 8.281461e-35 1.971682e-39
[1] 7.324032e-23 8.272017e-35 2.870274e-43
[1] 6.522901e-23 8.248946e-35 2.834677e-43
[1] 6.951538e-23 8.261494e-35 2.854504e-43
[1] 6.014315e-23 8.235195e-35 2.838756e-43
[1] 7.610286e-23 8.280566e-35 7.007842e-47
[1] 7.615847e-23 8.280798e-35 1.970113e-39
[1] 7.615186e-23 8.280788e-35 1.970048e-39
Algorithm did not converge after  200  iterations.
[1] 2.567874e-27 9.024500e-42 2.320157e-47
Algorithm converged after  6  iterations.
[1] 6.085273e-34 3.294575e-52 1.751025e-64
Algorithm converged after  4  iterations.
[1] 5.622460e-45 1.346837e-69 2.640644e-84
Algorithm converged after  4  iterations.
[1]  4.936880e-67 2.327571e-104 7.895087e-119
Algorithm converged after  6  iterations.
[1] 3.546800e-133 1.308837e-208 1.054694e-249
Algorithm converged after  4  iterations.
[1] 0.1638496
Algorithm converged after  2  iterations.
[1] 0.0053747649 0.0003963857 0.0002251480
[1] 0.0057725855 0.0004329789 0.0002321161
Algorithm converged after  12  iterations.
[1] 0.0046093996 0.0003452830 0.0001766526
[1] 0.0051146893 0.0003690605 0.0001774041
Algorithm converged after  12  iterations.
[1] 0.0039328797 0.0003011445 0.0001346887
[1] 0.0045253770 0.0003200461 0.0001350633
Algorithm converged after  13  iterations.
[1] 0.0033373440 0.0002619927 0.0001011765
[1] 0.0039834694 0.0002792271 0.0001023744
Algorithm converged after  14  iterations.
[1] 2.815476e-03 2.268759e-04 7.511692e-05
[1] 3.475228e-03 2.435403e-04 7.714462e-05
Algorithm converged after  14  iterations.
[1] 0.0023604357 0.0001952283 0.0000551733
[1] 0.002993890 0.000211289 0.000057678
Algorithm converged after  14  iterations.
[1] 1.965805e-03 1.666781e-04 4.010063e-05
[1] 0.0025421494 0.0001816963 0.0000427024
Algorithm converged after  13  iterations.
[1] 1.625558e-03 1.409684e-04 2.883781e-05
[1] 2.127179e-03 1.545352e-04 3.126202e-05
Algorithm converged after  12  iterations.
[1] 1.334041e-03 1.179169e-04 2.051468e-05
[1] 1.755748e-03 1.298111e-04 2.260969e-05
Algorithm converged after  12  iterations.
[1] 1.085956e-03 9.739059e-05 1.443331e-05
[1] 0.0014321876 0.0001075725 0.0000161425
Algorithm converged after  12  iterations.
[1] 8.763555e-04 7.928620e-05 1.004196e-05
[1] 1.156956e-03 8.782599e-05 1.136956e-05
Algorithm converged after  11  iterations.
[1] 7.006412e-04 6.351221e-05 6.908810e-06
Algorithm converged after  10  iterations.
[1] 5.545595e-04 4.997249e-05 4.699034e-06
Algorithm converged after  9  iterations.
[1] 4.342007e-04 3.855269e-05 3.156900e-06
Algorithm converged after  8  iterations.
[1] 3.359950e-04 2.911135e-05 2.091558e-06
Algorithm converged after  8  iterations.
[1] 2.567059e-04 2.147715e-05 1.363667e-06
Algorithm converged after  8  iterations.
[1] 1.934215e-04 1.545229e-05 8.727774e-07
Algorithm converged after  7  iterations.
[1] 1.435426e-04 1.082075e-05 5.468674e-07
Algorithm converged after  7  iterations.
[1] 1.047688e-04 7.359403e-06 3.344845e-07
Algorithm converged after  6  iterations.
[1] 7.508313e-05 4.849766e-06 1.990706e-07
Algorithm converged after  7  iterations.
[1] 5.273506e-05 3.088412e-06 1.148847e-07
Algorithm converged after  7  iterations.
[1] 3.622239e-05 1.894825e-06 6.404152e-08
Algorithm converged after  7  iterations.
[1] 2.427261e-05 1.116119e-06 3.433389e-08
Algorithm converged after  7  iterations.
[1] 1.582349e-05 6.286564e-07 1.761643e-08
Algorithm converged after  7  iterations.
[1] 1.000305e-05 3.370148e-07 8.602403e-09
Algorithm converged after  7  iterations.
[1] 6.109165e-06 1.710214e-07 3.972284e-09
Algorithm converged after  7  iterations.
[1] 3.588852e-06 8.162845e-08 1.721675e-09
Algorithm converged after  7  iterations.
[1] 2.017579e-06 3.637042e-08 6.943618e-10
Algorithm converged after  7  iterations.
[1] 1.078900e-06 1.499297e-08 2.579376e-10
Algorithm converged after  7  iterations.
[1] 5.448587e-07 5.657487e-09 8.719375e-11
Algorithm converged after  7  iterations.
[1] 2.576275e-07 1.929212e-09 2.643722e-11
Algorithm converged after  6  iterations.
[1] 1.128686e-07 5.853231e-10 7.065151e-12
Algorithm converged after  6  iterations.
[1] 4.523651e-08 1.550228e-10 1.629119e-12
Algorithm converged after  6  iterations.
[1] 1.632682e-08 3.500642e-11 3.157190e-13
Algorithm converged after  6  iterations.
[1] 5.203138e-09 6.544150e-12 4.976546e-14
Algorithm converged after  6  iterations.
[1] 1.428104e-09 9.756455e-13 6.120961e-15
Algorithm converged after  6  iterations.
[1] 3.269463e-10 1.105613e-13 5.569732e-16
Algorithm converged after  6  iterations.
[1] 5.987287e-11 8.943337e-15 3.497305e-17
Algorithm converged after  6  iterations.
[1] 8.294283e-12 4.748924e-16 1.381093e-18
Algorithm converged after  6  iterations.
[1] 8.055097e-13 1.476621e-17 3.022609e-20
Algorithm converged after  6  iterations.
[1] 4.929910e-14 2.291138e-19 3.071514e-22
Algorithm converged after  5  iterations.
[1] 1.630275e-15 1.407987e-21 1.122411e-24
Algorithm converged after  5  iterations.
[1] 2.312662e-17 2.423277e-24 1.005423e-27
Algorithm converged after  5  iterations.
[1] 9.792855e-20 6.775883e-28 1.209097e-31
Algorithm converged after  5  iterations.
[1] 6.763881e-23 1.242075e-32 7.157447e-37
Algorithm converged after  5  iterations.
[1] 2.567874e-27 2.914349e-39 3.427875e-44
Algorithm converged after  5  iterations.
[1] 6.085273e-34 3.337437e-49 3.589094e-55
Algorithm converged after  5  iterations.
[1] 5.622460e-45 9.131320e-66 1.801288e-73
Algorithm converged after  4  iterations.
[1]  4.936880e-67  7.007257e-99 4.572577e-110
Algorithm converged after  4  iterations.
[1] 3.546800e-133 3.370228e-198 7.705336e-220
Algorithm converged after  4  iterations.
[1] 0.1604531
Algorithm converged after  2  iterations.
[1] 0.0053747649 0.0004108287 0.0001101475
[1] 0.0083999005 0.0006038657 0.0001515160
Algorithm converged after  17  iterations.
[1] 4.609400e-03 3.219589e-04 8.802469e-05
[1] 0.0072371247 0.0004753008 0.0001236419
Algorithm converged after  16  iterations.
[1] 3.932880e-03 2.507501e-04 7.134438e-05
[1] 0.0061961693 0.0003704006 0.0001013058
Algorithm converged after  15  iterations.
[1] 3.337344e-03 1.942988e-04 5.932139e-05
[1] 5.279982e-03 2.870001e-04 8.566654e-05
Algorithm converged after  16  iterations.
[1] 0.0028154765 0.0001501408 0.0000516146
[1] 4.483796e-03 2.243501e-04 8.051714e-05
Algorithm converged after  17  iterations.
[1] 2.360436e-03 1.162763e-04 4.793241e-05
[1] 3.764956e-03 1.761083e-04 7.685011e-05
Algorithm converged after  13  iterations.
[1] 1.965805e-03 9.122140e-05 4.565691e-05
[1] 3.130859e-03 1.403217e-04 6.808782e-05
Algorithm converged after  12  iterations.
[1] 1.625558e-03 7.320457e-05 3.859472e-05
[1] 2.580087e-03 1.151739e-04 5.453561e-05
Algorithm converged after  13  iterations.
[1] 1.334041e-03 5.958027e-05 2.941222e-05
[1] 2.105194e-03 9.569104e-05 4.068374e-05
Algorithm converged after  14  iterations.
[1] 1.085956e-03 4.862570e-05 2.140543e-05
[1] 1.701171e-03 7.917997e-05 2.919960e-05
Algorithm converged after  14  iterations.
[1] 8.763555e-04 3.950167e-05 1.515286e-05
[1] 1.361745e-03 6.473806e-05 2.043617e-05
Algorithm converged after  13  iterations.
[1] 7.006412e-04 3.177548e-05 1.049748e-05
[1] 1.079891e-03 5.208876e-05 1.402079e-05
Algorithm converged after  13  iterations.
[1] 5.545595e-04 2.520958e-05 7.132831e-06
[1] 8.483688e-04 4.114359e-05 9.449323e-06
Algorithm converged after  12  iterations.
[1] 4.342007e-04 1.966280e-05 4.756710e-06
Algorithm converged after  10  iterations.
[1] 3.359950e-04 1.503737e-05 3.112790e-06
Algorithm converged after  10  iterations.
[1] 2.567059e-04 1.124969e-05 1.997588e-06
[1] 3.869370e-04 1.783989e-05 2.604458e-06
Algorithm converged after  11  iterations.
[1] 1.934215e-04 8.215514e-06 1.255823e-06
[1] 2.908680e-04 1.287169e-05 1.632248e-06
Algorithm converged after  11  iterations.
[1] 1.435426e-04 5.844770e-06 7.723559e-07
[1] 2.155635e-04 9.042449e-06 1.001289e-06
Algorithm converged after  11  iterations.
[1] 1.047688e-04 4.042322e-06 2.398142e-14
[1] 1.659849e-04 6.899953e-06 5.978592e-07
Algorithm converged after  12  iterations.
[1] 7.508313e-05 2.711751e-06 2.714715e-07
Algorithm converged after  10  iterations.
[1] 5.273506e-05 1.760115e-06 1.543898e-07
Algorithm converged after  10  iterations.
[1] 3.622239e-05 1.102234e-06 8.505804e-08
[1] 5.135113e-05 1.555478e-06 9.667501e-08
[1] 5.596310e-05 1.724366e-06 1.075267e-07
[1] 5.612240e-05 1.736323e-06 1.074408e-07
[1] 4.996708e-05 1.546908e-06 9.478553e-08
[1] 5.458227e-05 1.687711e-06 1.058793e-07
[1] 5.497787e-05 1.707685e-06 1.060302e-07
[1] 5.442383e-05 1.641786e-06 1.092068e-07
[1] 5.497163e-05 1.677290e-06 1.091506e-07
[1] 5.612533e-05 1.749011e-06 1.084729e-07
Algorithm converged after  91  iterations.
[1] 2.427261e-05 6.637919e-07 4.522944e-08
[1] 3.232413e-05 8.702121e-07 2.756734e-13
[1] 3.601876e-05 9.749790e-07 1.818488e-15
[1] 3.668041e-05 9.800994e-07 5.767703e-08
Algorithm converged after  35  iterations.
[1] 1.582349e-05 3.829773e-07 2.311509e-08
[1] 2.393578e-05 5.553490e-07 2.924519e-08
Algorithm converged after  15  iterations.
[1] 1.000305e-05 2.107568e-07 1.086789e-14
[1] 1.491567e-05 2.950477e-07 1.436914e-08
Algorithm converged after  14  iterations.
[1] 6.109165e-06 1.100563e-07 5.251743e-09
[1] 9.222292e-06 1.557202e-07 6.562231e-09
Algorithm converged after  16  iterations.
[1] 3.588852e-06 5.420458e-08 2.306197e-09
[1] 4.584394e-06 6.596441e-08 3.303455e-17
[1] 5.338962e-06 7.474623e-08 1.599563e-19
[1] 5.005477e-06 7.068998e-08 2.634546e-09
[1] 5.370419e-06 7.479750e-08 2.089244e-15
[1] 5.291601e-06 7.447160e-08 4.202732e-18
[1] 5.401750e-06 7.571507e-08 7.665001e-21
[1] 5.008481e-06 7.115358e-08 2.637422e-09
[1] 4.916973e-06 7.039450e-08 2.614092e-09
[1] 5.380260e-06 7.560414e-08 2.880300e-09
[1] 5.403387e-06 7.642382e-08 2.854851e-09
[1] 5.308797e-06 7.532893e-08 2.066624e-16
[1] 5.299251e-06 7.422794e-08 3.757532e-17
[1] 4.741931e-06 6.861258e-08 2.574599e-09
[1] 4.934995e-06 7.127471e-08 2.620116e-09
[1] 5.402342e-06 7.692647e-08 2.867824e-09
[1] 5.297686e-06 7.499080e-08 8.023871e-15
[1] 5.344008e-06 7.609852e-08 2.890035e-09
[1] 5.237548e-06 7.385256e-08 2.964589e-09
[1] 4.974079e-06 7.235286e-08 1.559980e-15
Algorithm did not converge after  200  iterations.
[1] 2.017579e-06 2.499944e-08 6.070577e-10
[1] 2.798399e-06 3.197878e-08 1.087994e-09
[1] 2.944631e-06 3.296550e-08 3.599611e-17
[1] 2.764508e-06 3.195024e-08 3.052334e-17
[1] 2.953306e-06 3.341674e-08 2.542948e-16
[1] 2.941445e-06 3.308595e-08 1.213467e-09
Algorithm converged after  52  iterations.
[1] 1.078900e-06 1.070534e-08 2.009294e-10
Algorithm converged after  10  iterations.
[1] 5.448587e-07 4.213373e-09 6.423870e-11
Algorithm converged after  9  iterations.
[1] 2.576275e-07 1.505593e-09 1.835217e-11
Algorithm converged after  8  iterations.
[1] 1.128686e-07 4.812757e-10 4.604317e-12
Algorithm converged after  8  iterations.
[1] 4.523651e-08 1.351486e-10 9.928728e-13
Algorithm converged after  8  iterations.
[1] 1.632682e-08 3.260057e-11 1.791838e-13
Algorithm converged after  8  iterations.
[1] 5.203138e-09 6.568443e-12 2.617558e-14
Algorithm converged after  8  iterations.
[1] 1.428104e-09 1.066854e-12 2.967105e-15
Algorithm converged after  7  iterations.
[1] 3.269463e-10 1.334540e-13 2.471794e-16
Algorithm converged after  7  iterations.
[1] 5.987287e-11 1.211228e-14 1.409554e-17
[1] 7.327597e-11 1.317573e-14 1.077050e-32
[1] 8.289772e-11 1.387784e-14 1.704050e-17
[1] 8.289772e-11 1.387798e-14 1.704028e-17
[1] 8.289776e-11 1.387814e-14 1.704032e-17
[1] 8.289781e-11 1.387830e-14 1.704037e-17
[1] 8.289785e-11 1.387846e-14 1.704042e-17
[1] 8.289790e-11 1.387861e-14 1.704047e-17
[1] 8.289794e-11 1.387877e-14 1.704052e-17
[1] 8.289799e-11 1.387893e-14 1.704056e-17
[1] 8.289803e-11 1.387909e-14 1.704061e-17
[1] 8.289808e-11 1.387924e-14 1.704066e-17
[1] 8.289812e-11 1.387940e-14 1.704071e-17
[1] 8.289817e-11 1.387956e-14 1.704076e-17
[1] 8.289822e-11 1.387972e-14 1.704080e-17
[1] 8.289826e-11 1.387988e-14 1.704085e-17
[1] 8.289831e-11 1.388003e-14 1.704090e-17
[1] 8.289835e-11 1.388019e-14 1.704095e-17
[1] 8.289840e-11 1.388035e-14 1.704100e-17
[1] 8.289844e-11 1.388051e-14 1.704104e-17
Algorithm did not converge after  200  iterations.
[1] 8.294283e-12 7.366119e-16 5.005095e-19
Algorithm converged after  7  iterations.
[1] 8.055097e-13 2.693184e-17 1.741499e-19
Algorithm converged after  7  iterations.
[1] 4.929910e-14 5.085944e-19 1.814685e-22
Algorithm converged after  6  iterations.
[1] 1.630275e-15 3.984067e-21 6.770522e-25
Algorithm converged after  6  iterations.
[1] 2.312662e-17 9.317530e-24 6.343364e-28
Algorithm converged after  6  iterations.
[1] 9.792855e-20 3.880273e-27 8.288543e-32
Algorithm converged after  6  iterations.
[1] 6.763881e-23 1.216121e-31 5.677130e-37
Algorithm converged after  5  iterations.
[1] 2.567874e-27 6.087038e-38 3.512031e-44
[1] 2.780195e-27 6.162435e-38 3.148657e-44
[1] 2.846019e-27 6.184810e-38 9.957692e-42
[1] 3.175378e-27 6.295007e-38 2.566463e-45
[1] 2.780207e-27 6.162596e-38 3.148716e-44
[1] 2.846030e-27 6.184973e-38 9.957633e-42
[1] 3.175387e-27 6.295175e-38 2.566465e-45
[1] 2.780218e-27 6.162758e-38 3.148774e-44
[1] 2.846041e-27 6.185135e-38 9.957574e-42
[1] 3.175395e-27 6.295344e-38 2.566466e-45
[1] 2.780230e-27 6.162919e-38 3.148833e-44
[1] 2.846051e-27 6.185297e-38 9.957515e-42
[1] 3.175404e-27 6.295512e-38 2.566468e-45
[1] 2.780241e-27 6.163080e-38 3.148892e-44
[1] 2.846062e-27 6.185459e-38 9.957456e-42
[1] 3.175413e-27 6.295681e-38 2.566469e-45
[1] 2.780253e-27 6.163241e-38 3.148951e-44
[1] 2.846073e-27 6.185622e-38 9.957397e-42
[1] 3.175421e-27 6.295849e-38 2.566471e-45
[1] 2.780265e-27 6.163402e-38 3.149010e-44
Algorithm did not converge after  200  iterations.
[1] 6.085273e-34 2.191351e-47 5.624173e-52
Algorithm converged after  7  iterations.
[1]  5.622460e-45  4.095189e-63 1.015597e-115
Algorithm converged after  9  iterations.
[1]  4.936880e-67  1.494150e-94 3.286451e-103
Algorithm converged after  5  iterations.
[1] 3.546800e-133 8.019326e-189 9.457449e-206
Algorithm converged after  5  iterations.
[1] 0.155785
Algorithm converged after  2  iterations.
[1] 0.0053747649 0.0005072034 0.0003963857
[1] 0.0096165018 0.0006930972 0.0009377661
Algorithm converged after  18  iterations.
[1] 0.0046093996 0.0003898442 0.0003452830
[1] 0.0083530105 0.0005330234 0.0007693448
Algorithm converged after  18  iterations.
[1] 0.0039328797 0.0002981785 0.0003011445
[1] 0.0071852805 0.0004085205 0.0006392861
Algorithm converged after  17  iterations.
[1] 0.0033373440 0.0002266920 0.0002619927
[1] 0.0061169253 0.0003116273 0.0005314023
Algorithm converged after  16  iterations.
[1] 0.0028154765 0.0001710545 0.0002268759
[1] 0.0051542194 0.0002362059 0.0004398326
Algorithm converged after  14  iterations.
[1] 0.0023604357 0.0001279256 0.0001952283
[1] 0.0042973274 0.0001775582 0.0003614025
Algorithm converged after  12  iterations.
[1] 1.965805e-03 9.471275e-05 1.666781e-04
[1] 0.0035427653 0.0001321561 0.0002941271
Algorithm converged after  11  iterations.
