myseed=2391 

Attaching package: ‘pls’

The following object is masked from ‘package:stats’:

    loadings

Loading required package: lattice
Loading required package: ggplot2
Registered S3 methods overwritten by 'ggplot2':
  method         from 
  [.quosures     rlang
  c.quosures     rlang
  print.quosures rlang

Attaching package: ‘caret’

The following object is masked from ‘package:pls’:

    R2

Loading required package: Matrix
Loading required package: foreach
Loaded glmnet 2.0-18

Parsed with column specification:
cols(
  .default = col_double()
)
See spec(...) for full column specifications.
Parsed with column specification:
cols(
  X1 = col_double()
)
Parsed with column specification:
cols(
  X1 = col_double()
)
[1] "Best 2step parameter is:"
   gam  rankJ rankA1 rankA2 rankA3 
    74      2      1      0      0 
[1] 0.00435852
Algorithm converged after  2  iterations.
[1] 0.003727244
Algorithm converged after  2  iterations.
[1] 0.003170958
Algorithm converged after  2  iterations.
[1] 0.002682665
Algorithm converged after  2  iterations.
[1] 0.002255962
Algorithm converged after  2  iterations.
[1] 0.001884937
Algorithm converged after  2  iterations.
[1] 0.001564099
Algorithm converged after  2  iterations.
[1] 0.001288326
Algorithm converged after  2  iterations.
[1] 0.001052838
Algorithm converged after  2  iterations.
[1] 0.0008531719
Algorithm converged after  2  iterations.
[1] 0.000685167
Algorithm converged after  2  iterations.
[1] 0.0005449605
Algorithm converged after  2  iterations.
[1] 0.0004289812
Algorithm converged after  2  iterations.
[1] 0.0003339481
Algorithm converged after  2  iterations.
[1] 0.0002568675
Algorithm converged after  2  iterations.
[1] 0.0001950309
Algorithm converged after  2  iterations.
[1] 0.0001460091
Algorithm converged after  2  iterations.
[1] 0.0001076445
Algorithm converged after  2  iterations.
[1] 7.804e-05
Algorithm converged after  2  iterations.
[1] 5.554536e-05
Algorithm converged after  2  iterations.
[1] 3.874138e-05
Algorithm converged after  2  iterations.
[1] 2.642258e-05
Algorithm converged after  2  iterations.
[1] 1.757881e-05
Algorithm converged after  2  iterations.
[1] 1.137626e-05
Algorithm converged after  2  iterations.
[1] 7.138371e-06
Algorithm converged after  2  iterations.
[1] 4.326699e-06
Algorithm converged after  2  iterations.
[1] 2.522139e-06
Algorithm converged after  2  iterations.
[1] 1.406705e-06
Algorithm converged after  2  iterations.
[1] 7.461417e-07
Algorithm converged after  2  iterations.
[1] 3.736677e-07
Algorithm converged after  2  iterations.
[1] 1.75159e-07
Algorithm converged after  2  iterations.
[1] 7.605178e-08
Algorithm converged after  2  iterations.
[1] 3.019634e-08
Algorithm converged after  2  iterations.
[1] 1.079197e-08
Algorithm converged after  2  iterations.
[1] 3.403833e-09
Algorithm converged after  2  iterations.
[1] 9.240464e-10
Algorithm converged after  2  iterations.
[1] 2.090812e-10
Algorithm converged after  2  iterations.
[1] 3.780759e-11
Algorithm converged after  2  iterations.
[1] 5.166012e-12
Algorithm converged after  2  iterations.
[1] 4.941679e-13
Algorithm converged after  2  iterations.
[1] 2.973779e-14
Algorithm converged after  2  iterations.
[1] 9.647356e-16
Algorithm converged after  2  iterations.
[1] 1.33849e-17
Algorithm converged after  2  iterations.
[1] 5.519898e-20
Algorithm converged after  2  iterations.
[1] 3.690263e-23
Algorithm converged after  2  iterations.
[1] 1.343081e-27
Algorithm converged after  2  iterations.
[1] 3.00162e-34
Algorithm converged after  2  iterations.
[1] 2.532923e-45
Algorithm converged after  2  iterations.
[1] 1.877485e-67
Algorithm converged after  2  iterations.
[1] 8.343353e-134
Algorithm converged after  2  iterations.
[1] 0.1675863
Algorithm converged after  2  iterations.
[1] 0.0043585196 0.0005508846
[1] 0.006707078 0.000842821
Algorithm converged after  11  iterations.
[1] 0.0037272440 0.0004447418
Algorithm converged after  10  iterations.
[1] 0.003170958 0.000357567
Algorithm converged after  9  iterations.
[1] 0.0026826648 0.0002859939
Algorithm converged after  9  iterations.
[1] 0.0022559618 0.0002274189
Algorithm converged after  8  iterations.
[1] 0.0018849371 0.0001797342
Algorithm converged after  8  iterations.
[1] 0.0015640986 0.0001411568
Algorithm converged after  8  iterations.
[1] 0.0012883261 0.0001101314
Algorithm converged after  7  iterations.
[1] 1.052838e-03 8.529679e-05
Algorithm converged after  8  iterations.
[1] 8.531719e-04 6.549149e-05
Algorithm converged after  8  iterations.
[1] 6.851670e-04 4.975924e-05
Algorithm converged after  8  iterations.
[1] 5.449605e-04 3.733075e-05
Algorithm converged after  8  iterations.
[1] 4.289812e-04 2.759009e-05
Algorithm converged after  9  iterations.
[1] 3.339481e-04 2.003929e-05
Algorithm converged after  9  iterations.
[1] 2.568675e-04 1.426885e-05
Algorithm converged after  8  iterations.
[1] 1.950309e-04 9.935778e-06
Algorithm converged after  8  iterations.
[1] 1.460091e-04 6.749049e-06
Algorithm converged after  8  iterations.
[1] 1.076445e-04 4.460779e-06
Algorithm converged after  8  iterations.
[1] 7.80400e-05 2.86127e-06
Algorithm converged after  8  iterations.
[1] 5.554536e-05 1.776078e-06
Algorithm converged after  8  iterations.
[1] 3.874138e-05 1.063610e-06
Algorithm converged after  8  iterations.
[1] 2.642258e-05 6.123946e-07
Algorithm converged after  8  iterations.
[1] 1.757881e-05 3.376999e-07
Algorithm converged after  8  iterations.
[1] 1.137626e-05 1.775694e-07
Algorithm converged after  8  iterations.
[1] 7.138371e-06 8.858188e-08
Algorithm converged after  8  iterations.
[1] 4.326699e-06 4.167905e-08
Algorithm converged after  7  iterations.
[1] 2.522139e-06 1.837064e-08
Algorithm converged after  7  iterations.
[1] 1.406705e-06 7.524719e-09
Algorithm converged after  7  iterations.
[1] 7.461417e-07 2.837357e-09
Algorithm converged after  7  iterations.
[1] 3.736677e-07 9.739011e-10
Algorithm converged after  7  iterations.
[1] 1.751590e-07 3.002192e-10
Algorithm converged after  6  iterations.
[1] 7.605178e-08 8.177102e-11
Algorithm converged after  6  iterations.
[1] 3.019634e-08 1.929025e-11
Algorithm converged after  6  iterations.
[1] 1.079197e-08 3.845525e-12
Algorithm converged after  6  iterations.
[1] 3.403833e-09 6.281703e-13
Algorithm converged after  6  iterations.
[1] 9.240464e-10 8.086449e-14
Algorithm converged after  5  iterations.
[1] 2.090812e-10 7.802001e-15
Algorithm converged after  5  iterations.
[1] 3.780759e-11 5.283500e-16
Algorithm converged after  5  iterations.
[1] 5.166012e-12 2.300921e-17
Algorithm converged after  5  iterations.
[1] 4.941679e-13 5.719028e-19
Algorithm converged after  4  iterations.
[1] 2.973779e-14 6.864920e-21
Algorithm converged after  4  iterations.
[1] 9.647356e-16 3.126540e-23
Algorithm converged after  4  iterations.
[1] 1.338490e-17 3.762461e-26
Algorithm converged after  4  iterations.
[1] 5.519898e-20 6.776271e-30
Algorithm converged after  4  iterations.
[1] 3.690263e-23 7.084014e-35
Algorithm converged after  4  iterations.
[1] 1.343081e-27 7.818446e-42
Algorithm converged after  5  iterations.
[1] 3.001620e-34 3.016136e-52
Algorithm converged after  5  iterations.
[1] 2.532923e-45 1.433997e-69
Algorithm converged after  5  iterations.
[1]  1.877485e-67 3.698499e-104
Algorithm converged after  5  iterations.
[1] 8.343353e-134 8.664917e-208
Algorithm converged after  6  iterations.
[1] 0.1623341
Algorithm converged after  2  iterations.
[1] 0.0043585196 0.0003692284
[1] 0.004586552 0.000546261
Algorithm converged after  12  iterations.
[1] 0.0037272440 0.0002804094
Algorithm converged after  10  iterations.
[1] 0.0031709579 0.0002117223
Algorithm converged after  9  iterations.
[1] 0.0026826648 0.0001591802
Algorithm converged after  8  iterations.
[1] 0.0022559618 0.0001196352
Algorithm converged after  8  iterations.
[1] 1.884937e-03 9.115233e-05
Algorithm converged after  8  iterations.
[1] 1.564099e-03 7.357422e-05
Algorithm converged after  7  iterations.
[1] 1.288326e-03 6.104437e-05
Algorithm converged after  8  iterations.
[1] 1.052838e-03 5.098719e-05
Algorithm converged after  8  iterations.
[1] 8.531719e-04 4.256305e-05
Algorithm converged after  8  iterations.
[1] 6.851670e-04 3.534257e-05
Algorithm converged after  8  iterations.
[1] 5.449605e-04 2.907736e-05
Algorithm converged after  7  iterations.
[1] 4.289812e-04 2.361903e-05
Algorithm converged after  7  iterations.
[1] 3.339481e-04 1.887906e-05
Algorithm converged after  7  iterations.
[1] 0.0002568675 0.0000148034
Algorithm converged after  6  iterations.
[1] 1.950309e-04 1.135398e-05
Algorithm converged after  6  iterations.
[1] 1.460091e-04 8.495026e-06
Algorithm converged after  6  iterations.
[1] 1.076445e-04 6.184395e-06
Algorithm converged after  6  iterations.
[1] 7.80400e-05 4.36976e-06
Algorithm converged after  6  iterations.
[1] 5.554536e-05 2.989095e-06
Algorithm converged after  6  iterations.
[1] 3.874138e-05 1.974109e-06
Algorithm converged after  6  iterations.
[1] 2.642258e-05 1.255056e-06
Algorithm converged after  6  iterations.
[1] 1.757881e-05 7.655290e-07
Algorithm converged after  6  iterations.
[1] 1.137626e-05 4.462676e-07
Algorithm converged after  6  iterations.
[1] 7.138371e-06 2.475264e-07
Algorithm converged after  6  iterations.
[1] 4.326699e-06 1.299464e-07
Algorithm converged after  6  iterations.
[1] 2.522139e-06 6.417150e-08
Algorithm converged after  6  iterations.
[1] 1.406705e-06 2.959231e-08
Algorithm converged after  6  iterations.
[1] 7.461417e-07 1.263260e-08
Algorithm converged after  6  iterations.
[1] 3.736677e-07 4.940316e-09
Algorithm converged after  6  iterations.
[1] 1.75159e-07 1.74785e-09
Algorithm converged after  6  iterations.
[1] 7.605178e-08 5.509438e-10
Algorithm converged after  6  iterations.
[1] 3.019634e-08 1.518568e-10
Algorithm converged after  6  iterations.
[1] 1.079197e-08 3.576205e-11
Algorithm converged after  6  iterations.
[1] 3.403833e-09 6.989973e-12
Algorithm converged after  6  iterations.
[1] 9.240464e-10 1.093006e-12
Algorithm converged after  6  iterations.
[1] 2.090812e-10 1.304113e-13
Algorithm converged after  6  iterations.
[1] 3.780759e-11 1.116015e-14
Algorithm converged after  6  iterations.
[1] 5.166012e-12 6.307153e-16
Algorithm converged after  6  iterations.
[1] 4.941679e-13 2.103321e-17
Algorithm converged after  5  iterations.
[1] 2.973779e-14 3.535281e-19
Algorithm converged after  5  iterations.
[1] 9.647356e-16 2.385046e-21
Algorithm converged after  5  iterations.
[1] 1.338490e-17 4.589788e-24
Algorithm converged after  5  iterations.
[1] 5.519898e-20 1.473108e-27
Algorithm converged after  5  iterations.
[1] 3.690263e-23 3.223962e-32
Algorithm converged after  5  iterations.
[1] 1.343081e-27 9.619159e-39
Algorithm converged after  5  iterations.
[1] 3.001620e-34 1.564364e-48
Algorithm converged after  5  iterations.
[1] 2.532923e-45 7.583752e-65
Algorithm converged after  5  iterations.
[1] 1.877485e-67 1.794532e-97
Algorithm converged after  5  iterations.
[1] 8.343353e-134 2.449240e-195
Algorithm converged after  4  iterations.
[1] 0.160085
Algorithm converged after  2  iterations.
[1] 0.0043585196 0.0004876261
[1] 0.007426214 0.000715100
[1] 0.0067123972 0.0007085363
Algorithm converged after  27  iterations.
[1] 0.0037272440 0.0003838751
[1] 0.0055442058 0.0005664235
Algorithm converged after  20  iterations.
[1] 0.0031709579 0.0002993794
[1] 0.0045387841 0.0004450173
Algorithm converged after  17  iterations.
[1] 0.0026826648 0.0002312087
[1] 0.0037443399 0.0003523552
Algorithm converged after  14  iterations.
[1] 0.002255962 0.000176795
[1] 0.0030894847 0.0002788586
Algorithm converged after  13  iterations.
[1] 0.0018849371 0.0001338748
[1] 0.0025478511 0.0002201555
Algorithm converged after  12  iterations.
[1] 0.0015640986 0.0001004608
Algorithm converged after  10  iterations.
[1] 1.288326e-03 7.482967e-05
Algorithm converged after  10  iterations.
[1] 1.052838e-03 5.552182e-05
Algorithm converged after  9  iterations.
[1] 8.531719e-04 4.134875e-05
Algorithm converged after  9  iterations.
[1] 6.851670e-04 3.128185e-05
Algorithm converged after  9  iterations.
[1] 5.449605e-04 2.411286e-05
Algorithm converged after  9  iterations.
[1] 4.289812e-04 1.875713e-05
Algorithm converged after  8  iterations.
[1] 3.339481e-04 1.457767e-05
Algorithm converged after  8  iterations.
[1] 2.568675e-04 1.123119e-05
Algorithm converged after  9  iterations.
[1] 1.950309e-04 8.525484e-06
Algorithm converged after  9  iterations.
[1] 1.460091e-04 6.344903e-06
Algorithm converged after  9  iterations.
[1] 1.076445e-04 4.610777e-06
Algorithm converged after  9  iterations.
[1] 7.804000e-05 3.260246e-06
Algorithm converged after  9  iterations.
[1] 5.554536e-05 2.236058e-06
Algorithm converged after  9  iterations.
[1] 3.874138e-05 1.483024e-06
Algorithm converged after  9  iterations.
[1] 2.642258e-05 9.481625e-07
Algorithm converged after  9  iterations.
[1] 1.757881e-05 5.823833e-07
Algorithm converged after  8  iterations.
[1] 1.137626e-05 3.423457e-07
Algorithm converged after  8  iterations.
[1] 7.138371e-06 1.917519e-07
Algorithm converged after  8  iterations.
[1] 4.326699e-06 1.018134e-07
Algorithm converged after  8  iterations.
[1] 2.522139e-06 5.093777e-08
Algorithm converged after  8  iterations.
[1] 1.406705e-06 2.384193e-08
Algorithm converged after  8  iterations.
[1] 7.461417e-07 1.035177e-08
Algorithm converged after  8  iterations.
[1] 3.736677e-07 4.126993e-09
Algorithm converged after  8  iterations.
[1] 1.751590e-07 1.492322e-09
Algorithm converged after  8  iterations.
[1] 7.605178e-08 4.821910e-10
Algorithm converged after  8  iterations.
[1] 3.019634e-08 1.366974e-10
Algorithm converged after  8  iterations.
[1] 1.079197e-08 3.323970e-11
Algorithm converged after  8  iterations.
[1] 3.403833e-09 6.739223e-12
Algorithm converged after  7  iterations.
[1] 9.240464e-10 1.099075e-12
Algorithm converged after  7  iterations.
[1] 2.090812e-10 1.376752e-13
Algorithm converged after  7  iterations.
[1] 3.780759e-11 1.247001e-14
Algorithm converged after  7  iterations.
[1] 5.166012e-12 7.535090e-16
Algorithm converged after  7  iterations.
[1] 4.941679e-13 2.721660e-17
Algorithm converged after  7  iterations.
[1] 2.973779e-14 5.039073e-19
Algorithm converged after  7  iterations.
[1] 9.647356e-16 3.830289e-21
Algorithm converged after  6  iterations.
[1] 1.338490e-17 8.568157e-24
Algorithm converged after  6  iterations.
[1] 5.519898e-20 3.343024e-27
Algorithm converged after  6  iterations.
[1] 3.690263e-23 9.514965e-32
Algorithm converged after  6  iterations.
[1] 1.343081e-27 4.114574e-38
Algorithm converged after  6  iterations.
[1] 3.001620e-34 1.172989e-47
Algorithm converged after  6  iterations.
[1] 2.532923e-45 1.459365e-63
Algorithm converged after  5  iterations.
[1] 1.877485e-67 2.301599e-95
Algorithm converged after  5  iterations.
[1] 8.343353e-134 9.552203e-191
Algorithm converged after  5  iterations.
[1] 0.158812
Algorithm converged after  2  iterations.
[1] 0.0043585196 0.0009540974
Algorithm converged after  2  iterations.
[1] 0.003727244 0.000764582
Algorithm converged after  2  iterations.
[1] 0.0031709579 0.0006095135
Algorithm converged after  2  iterations.
[1] 0.0026826648 0.0004842196
Algorithm converged after  2  iterations.
[1] 0.0022559618 0.0003846075
Algorithm converged after  2  iterations.
[1] 0.0018849371 0.0003076196
Algorithm converged after  2  iterations.
[1] 0.0015640986 0.0002521882
Algorithm converged after  2  iterations.
[1] 0.0012883261 0.0002142255
Algorithm converged after  2  iterations.
[1] 0.0010528385 0.0001849596
Algorithm converged after  2  iterations.
[1] 0.0008531719 0.0001602325
Algorithm converged after  2  iterations.
[1] 0.0006851670 0.0001383229
Algorithm converged after  2  iterations.
[1] 0.0005449605 0.0001184191
Algorithm converged after  2  iterations.
[1] 0.0004289812 0.0001001544
Algorithm converged after  2  iterations.
[1] 3.339481e-04 8.341322e-05
Algorithm converged after  2  iterations.
[1] 2.568675e-04 6.822005e-05
Algorithm converged after  2  iterations.
[1] 1.950309e-04 5.465897e-05
Algorithm converged after  2  iterations.
[1] 0.0001460091 0.0000428129
Algorithm converged after  2  iterations.
[1] 1.076445e-04 3.272148e-05
Algorithm converged after  2  iterations.
[1] 7.804000e-05 2.435893e-05
Algorithm converged after  2  iterations.
[1] 5.554536e-05 1.763039e-05
Algorithm converged after  2  iterations.
[1] 3.874138e-05 1.238213e-05
Algorithm converged after  2  iterations.
[1] 2.642258e-05 8.419804e-06
Algorithm converged after  2  iterations.
[1] 1.757881e-05 5.529366e-06
Algorithm converged after  2  iterations.
[1] 1.137626e-05 3.496351e-06
Algorithm converged after  2  iterations.
[1] 7.138371e-06 2.121206e-06
Algorithm converged after  2  iterations.
[1] 4.326699e-06 1.229570e-06
Algorithm converged after  2  iterations.
[1] 2.522139e-06 6.775710e-07
Algorithm converged after  2  iterations.
[1] 1.406705e-06 3.528561e-07
Algorithm converged after  2  iterations.
[1] 7.461417e-07 1.724185e-07
Algorithm converged after  2  iterations.
[1] 3.736677e-07 7.837720e-08
Algorithm converged after  2  iterations.
[1] 1.751590e-07 3.280318e-08
Algorithm converged after  2  iterations.
[1] 7.605178e-08 1.248206e-08
Algorithm converged after  2  iterations.
[1] 3.019634e-08 4.251891e-09
Algorithm converged after  2  iterations.
[1] 1.079197e-08 1.271978e-09
Algorithm converged after  2  iterations.
[1] 3.403833e-09 3.262516e-10
Algorithm converged after  2  iterations.
[1] 9.240464e-10 6.959466e-11
Algorithm converged after  2  iterations.
[1] 2.090812e-10 1.187209e-11
Algorithm converged after  2  iterations.
[1] 3.780759e-11 1.538615e-12
Algorithm converged after  2  iterations.
[1] 5.166012e-12 1.414713e-13
Algorithm converged after  2  iterations.
[1] 4.941679e-13 8.406330e-15
Algorithm converged after  2  iterations.
[1] 2.973779e-14 2.832574e-16
Algorithm converged after  2  iterations.
[1] 9.647356e-16 4.481169e-18
Algorithm converged after  2  iterations.
[1] 1.338490e-17 2.507403e-20
Algorithm converged after  2  iterations.
[1] 5.519898e-20 3.179557e-23
Algorithm converged after  2  iterations.
[1] 3.690263e-23 4.351366e-27
Algorithm converged after  2  iterations.
[1] 1.343081e-27 1.690651e-32
Algorithm converged after  2  iterations.
[1] 3.00162e-34 1.29053e-40
Algorithm converged after  2  iterations.
[1] 2.532923e-45 3.805471e-54
Algorithm converged after  2  iterations.
[1] 1.877485e-67 3.296081e-81
Algorithm converged after  2  iterations.
[1] 8.343353e-134 2.133180e-162
Algorithm converged after  2  iterations.
[1] 0.1457619
Algorithm converged after  2  iterations.
[1] 0.0043585196 0.0005508846 0.0001914928
Algorithm converged after  10  iterations.
[1] 0.0037272440 0.0004447418 0.0001521092
Algorithm converged after  10  iterations.
[1] 0.0031709579 0.0003575670 0.0001192749
Algorithm converged after  10  iterations.
[1] 2.682665e-03 2.859939e-04 9.331236e-05
[1] 0.0027655005 0.0002867386 0.0000892910
Algorithm converged after  11  iterations.
[1] 2.255962e-03 2.274189e-04 7.381714e-05
[1] 0.002544183 0.000235926 0.000068903
Algorithm converged after  16  iterations.
[1] 1.884937e-03 1.797342e-04 6.003344e-05
[1] 2.472811e-03 2.042451e-04 6.376355e-05
Algorithm converged after  14  iterations.
[1] 1.564099e-03 1.411568e-04 5.000661e-05
[1] 2.142465e-03 1.665238e-04 5.634451e-05
Algorithm converged after  12  iterations.
[1] 1.288326e-03 1.101314e-04 4.132253e-05
[1] 1.802235e-03 1.332781e-04 4.770889e-05
Algorithm converged after  11  iterations.
[1] 1.052838e-03 8.529679e-05 3.322158e-05
[1] 1.492899e-03 1.053605e-04 3.850076e-05
Algorithm converged after  11  iterations.
[1] 8.531719e-04 6.549149e-05 2.584071e-05
[1] 1.221700e-03 8.218566e-05 2.971427e-05
Algorithm converged after  11  iterations.
[1] 6.851670e-04 4.975924e-05 1.945860e-05
[1] 9.884995e-04 6.313684e-05 2.210501e-05
Algorithm converged after  11  iterations.
[1] 5.449605e-04 3.733075e-05 1.421640e-05
Algorithm converged after  10  iterations.
[1] 4.289812e-04 2.759009e-05 1.009565e-05
Algorithm converged after  10  iterations.
[1] 3.339481e-04 2.003929e-05 6.975707e-06
Algorithm converged after  10  iterations.
[1] 2.568675e-04 1.426885e-05 4.690887e-06
Algorithm converged after  10  iterations.
[1] 1.950309e-04 9.935778e-06 3.068659e-06
Algorithm converged after  10  iterations.
[1] 1.460091e-04 6.749049e-06 1.950909e-06
Algorithm converged after  10  iterations.
[1] 1.076445e-04 4.460779e-06 1.203554e-06
Algorithm converged after  9  iterations.
[1] 7.804000e-05 2.861270e-06 7.190654e-07
Algorithm converged after  9  iterations.
[1] 5.554536e-05 1.776078e-06 4.150177e-07
Algorithm converged after  9  iterations.
[1] 3.874138e-05 1.063610e-06 2.307064e-07
Algorithm converged after  9  iterations.
[1] 2.642258e-05 6.123946e-07 1.230854e-07
Algorithm converged after  9  iterations.
[1] 1.757881e-05 3.376999e-07 6.276216e-08
Algorithm converged after  8  iterations.
[1] 1.137626e-05 1.775694e-07 3.043825e-08
Algorithm converged after  8  iterations.
[1] 7.138371e-06 8.858188e-08 1.396058e-08
Algorithm converged after  8  iterations.
[1] 4.326699e-06 4.167905e-08 6.015376e-09
Algorithm converged after  8  iterations.
[1] 2.522139e-06 1.837064e-08 2.416095e-09
Algorithm converged after  8  iterations.
[1] 1.406705e-06 7.524719e-09 8.963371e-10
Algorithm converged after  7  iterations.
[1] 7.461417e-07 2.837357e-09 3.038200e-10
Algorithm converged after  7  iterations.
[1] 3.736677e-07 9.739011e-10 9.288024e-11
Algorithm converged after  7  iterations.
[1] 1.751590e-07 3.002192e-10 2.521396e-11
Algorithm converged after  7  iterations.
[1] 7.605178e-08 8.177102e-11 5.964795e-12
Algorithm converged after  7  iterations.
[1] 3.019634e-08 1.929025e-11 1.201704e-12
Algorithm converged after  6  iterations.
[1] 1.079197e-08 3.845525e-12 2.004067e-13
Algorithm converged after  6  iterations.
[1] 3.403833e-09 6.281703e-13 2.670092e-14
Algorithm converged after  6  iterations.
[1] 9.240464e-10 8.086449e-14 2.717213e-15
Algorithm converged after  6  iterations.
[1] 2.090812e-10 7.802001e-15 1.993529e-16
Algorithm converged after  5  iterations.
[1] 3.780759e-11 5.283500e-16 9.777628e-18
Algorithm converged after  5  iterations.
[1] 5.166012e-12 2.300921e-17 2.899010e-19
Algorithm converged after  5  iterations.
[1] 4.941679e-13 5.719028e-19 4.529855e-21
Algorithm converged after  5  iterations.
[1] 2.973779e-14 6.864920e-21 3.078433e-23
Algorithm converged after  4  iterations.
[1] 9.647356e-16 3.126540e-23 6.894842e-26
Algorithm converged after  4  iterations.
[1] 1.338490e-17 3.762461e-26 3.357321e-29
Algorithm converged after  4  iterations.
[1] 5.519898e-20 6.776271e-30 1.848574e-33
Algorithm converged after  5  iterations.
[1] 3.690263e-23 7.084014e-35 3.871820e-39
Algorithm converged after  5  iterations.
[1] 1.343081e-27 7.818446e-42 4.341134e-47
Algorithm converged after  5  iterations.
[1] 3.001620e-34 3.016136e-52 5.160522e-59
Algorithm converged after  5  iterations.
[1] 2.532923e-45 1.433997e-69 6.904037e-79
Algorithm converged after  5  iterations.
[1]  1.877485e-67 3.698499e-104 1.243708e-118
Algorithm converged after  6  iterations.
[1] 8.343353e-134 8.664917e-208 7.401857e-238
Algorithm converged after  6  iterations.
[1] 0.1602825
Algorithm converged after  2  iterations.
[1] 0.0043585196 0.0003692284 0.0001014785
Algorithm converged after  9  iterations.
[1] 3.727244e-03 2.804094e-04 7.788236e-05
Algorithm converged after  9  iterations.
[1] 3.170958e-03 2.117223e-04 6.172159e-05
Algorithm converged after  9  iterations.
[1] 2.682665e-03 1.591802e-04 5.228695e-05
[1] 3.044021e-03 1.622295e-04 5.320158e-05
Algorithm converged after  11  iterations.
[1] 0.0022559618 0.0001196352 0.0000477592
[1] 2.632043e-03 1.219853e-04 4.726797e-05
Algorithm converged after  13  iterations.
[1] 1.884937e-03 9.115233e-05 5.075202e-05
[1] 2.278643e-03 9.274488e-05 4.608810e-05
Algorithm converged after  14  iterations.
[1] 1.564099e-03 7.357422e-05 4.528801e-05
[1] 1.929923e-03 7.340765e-05 4.520093e-05
Algorithm converged after  16  iterations.
[1] 1.288326e-03 6.104437e-05 3.307613e-05
[1] 1.555835e-03 6.061279e-05 3.440749e-05
Algorithm converged after  17  iterations.
[1] 1.052838e-03 5.098719e-05 2.332265e-05
[1] 1.230417e-03 5.115867e-05 2.447966e-05
Algorithm converged after  17  iterations.
[1] 8.531719e-04 4.256305e-05 1.609566e-05
[1] 9.606479e-04 4.317801e-05 1.691831e-05
Algorithm converged after  16  iterations.
[1] 6.851670e-04 3.534257e-05 1.090797e-05
[1] 7.443979e-04 3.616398e-05 1.147020e-05
Algorithm converged after  15  iterations.
[1] 5.449605e-04 2.907736e-05 7.265881e-06
[1] 5.764558e-04 2.996344e-05 7.648036e-06
Algorithm converged after  15  iterations.
[1] 4.289812e-04 2.361903e-05 4.756941e-06
[1] 4.474176e-04 2.448574e-05 5.011983e-06
Algorithm converged after  14  iterations.
[1] 3.339481e-04 1.887906e-05 3.058940e-06
[1] 3.470985e-04 1.966630e-05 3.222748e-06
Algorithm converged after  12  iterations.
[1] 2.568675e-04 1.480340e-05 1.929643e-06
[1] 2.679252e-04 1.547449e-05 2.029907e-06
Algorithm converged after  11  iterations.
[1] 1.950309e-04 1.135398e-05 1.192005e-06
Algorithm converged after  10  iterations.
[1] 1.460091e-04 8.495026e-06 7.194690e-07
Algorithm converged after  9  iterations.
[1] 1.076445e-04 6.184395e-06 4.232084e-07
Algorithm converged after  8  iterations.
[1] 7.804000e-05 4.369760e-06 2.418992e-07
Algorithm converged after  7  iterations.
[1] 5.554536e-05 2.989095e-06 1.339176e-07
Algorithm converged after  7  iterations.
[1] 3.874138e-05 1.974109e-06 7.154690e-08
Algorithm converged after  7  iterations.
[1] 2.642258e-05 1.255056e-06 3.673989e-08
[1] 2.907839e-05 1.307083e-06 8.264390e-13
[1] 3.110235e-05 1.347644e-06 3.342862e-08
Algorithm converged after  23  iterations.
[1] 1.757881e-05 7.655290e-07 1.805114e-08
[1] 2.075318e-05 8.173384e-07 1.650018e-08
[1] 1.975618e-05 7.867127e-07 1.871832e-08
[1] 2.101896e-05 8.217352e-07 5.101404e-13
[1] 2.012949e-05 7.933841e-07 1.807549e-08
Algorithm converged after  47  iterations.
[1] 1.137626e-05 4.462676e-07 8.442173e-09
Algorithm converged after  10  iterations.
[1] 7.138371e-06 2.475264e-07 3.736219e-09
Algorithm converged after  7  iterations.
[1] 4.326699e-06 1.299464e-07 4.758057e-15
[1] 5.172425e-06 1.372249e-07 2.070832e-15
[1] 5.052661e-06 1.360913e-07 1.557405e-09
Algorithm converged after  24  iterations.
[1] 2.522139e-06 6.417150e-08 6.028923e-10
Algorithm converged after  7  iterations.
[1] 1.406705e-06 2.959231e-08 2.161072e-10
[1] 2.005239e-06 3.211825e-08 9.163956e-18
Algorithm converged after  18  iterations.
[1] 7.461417e-07 1.263260e-08 2.304109e-18
[1] 9.363411e-07 1.331394e-08 6.293696e-11
[1] 9.985091e-07 1.348502e-08 6.482841e-11
Algorithm converged after  26  iterations.
[1] 3.736677e-07 4.940316e-09 3.744341e-17
[1] 4.590696e-07 5.178641e-09 1.761749e-19
Algorithm converged after  18  iterations.
[1] 1.751590e-07 1.747850e-09 4.430414e-18
Algorithm converged after  10  iterations.
[1] 7.605178e-08 5.509438e-10 2.735655e-22
[1] 1.096341e-07 5.921135e-10 3.843138e-13
Algorithm converged after  12  iterations.
[1] 3.019634e-08 1.518568e-10 6.310404e-14
[1] 4.411669e-08 1.630677e-10 6.898874e-14
Algorithm converged after  13  iterations.
[1] 1.079197e-08 3.576205e-11 9.186424e-15
[1] 1.491706e-08 3.780148e-11 9.872571e-15
Algorithm converged after  20  iterations.
[1] 3.403833e-09 6.989973e-12 5.177223e-15
[1] 4.733086e-09 7.376374e-12 1.147697e-15
[1] 4.732031e-09 7.375941e-12 1.325912e-15
[1] 4.287777e-09 7.257766e-12 1.119117e-15
[1] 4.870291e-09 7.406382e-12 1.144143e-15
Algorithm converged after  42  iterations.
[1] 9.240464e-10 1.093006e-12 2.208623e-25
Algorithm converged after  8  iterations.
[1] 2.090812e-10 1.304113e-13 3.695197e-17
Algorithm converged after  8  iterations.
[1] 3.780759e-11 1.116015e-14 3.924399e-31
[1] 5.395300e-11 1.168546e-14 2.449578e-19
[1] 5.404153e-11 1.169803e-14 7.102454e-30
[1] 4.874112e-11 1.152939e-14 1.656625e-18
[1] 5.358329e-11 1.168370e-14 1.812331e-30
[1] 5.297481e-11 1.166220e-14 2.416607e-19
Algorithm converged after  56  iterations.
[1] 5.166012e-12 6.307153e-16 5.429270e-21
[1] 7.321498e-12 6.580895e-16 4.707189e-20
[1] 7.293579e-12 6.575842e-16 4.701418e-33
[1] 6.968852e-12 6.539684e-16 5.848554e-21
[1] 6.716643e-12 6.508369e-16 5.766754e-21
[1] 5.592443e-12 6.366007e-16 5.114398e-20
[1] 6.388632e-12 6.471169e-16 5.722666e-21
[1] 7.326090e-12 6.583821e-16 2.946891e-21
[1] 7.321493e-12 6.583984e-16 5.945474e-21
[1] 7.328049e-12 6.584114e-16 5.904034e-21
Algorithm converged after  92  iterations.
[1] 4.941679e-13 2.103321e-17 6.609540e-23
[1] 6.261456e-13 2.158111e-17 1.461676e-22
[1] 6.924811e-13 2.184134e-17 1.967081e-39
[1] 6.953340e-13 2.185817e-17 2.489249e-39
[1] 6.055732e-13 2.150982e-17 1.450239e-22
[1] 5.449035e-13 2.126014e-17 1.409850e-22
[1] 6.940341e-13 2.185724e-17 1.509919e-22
[1] 6.936908e-13 2.185576e-17 7.140835e-23
[1] 6.145704e-13 2.155347e-17 1.462157e-22
[1] 6.938861e-13 2.185823e-17 4.376064e-38
[1] 6.274103e-13 2.159575e-17 7.760218e-22
[1] 6.157437e-13 2.156260e-17 7.012824e-23
[1] 6.916352e-13 2.185098e-17 3.415978e-23
[1] 6.929290e-13 2.186067e-17 7.414380e-22
[1] 6.372074e-13 2.164572e-17 6.991241e-23
[1] 6.949270e-13 2.187000e-17 1.510302e-22
[1] 6.162574e-13 2.157154e-17 1.222533e-35
[1] 6.761623e-13 2.178700e-17 4.788284e-40
[1] 6.941928e-13 2.187522e-17 1.446519e-29
[1] 6.623214e-13 2.175825e-17 7.475149e-22
Algorithm did not converge after  200  iterations.
[1] 2.973779e-14 3.535281e-19 5.590324e-24
[1] 4.536070e-14 3.693993e-19 6.542391e-49
[1] 3.409385e-14 3.583926e-19 5.173948e-47
[1] 3.396939e-14 3.583025e-19 8.527058e-44
[1] 3.557126e-14 3.599777e-19 5.342100e-24
[1] 4.168868e-14 3.662044e-19 3.664211e-25
[1] 3.694260e-14 3.614955e-19 6.648591e-47
[1] 3.963828e-14 3.641977e-19 3.606793e-25
[1] 4.166576e-14 3.662077e-19 5.096541e-24
[1] 3.695759e-14 3.615460e-19 3.560104e-25
[1] 3.826096e-14 3.628112e-19 3.550307e-25
[1] 3.835392e-14 3.629275e-19 7.448174e-29
[1] 3.744951e-14 3.620143e-19 1.104220e-26
[1] 4.153764e-14 3.661119e-19 5.107266e-24
[1] 4.148971e-14 3.661105e-19 9.516305e-25
[1] 3.934756e-14 3.639585e-19 1.165307e-50
[1] 4.149109e-14 3.662068e-19 9.513068e-25
[1] 4.146069e-14 3.661653e-19 5.107071e-24
[1] 4.514296e-14 3.696805e-19 3.660003e-25
[1] 3.678255e-14 3.616511e-19 3.548233e-25
Algorithm did not converge after  200  iterations.
[1] 9.647356e-16 2.385046e-21 6.364717e-43
[1] 1.188748e-15 2.431169e-21 2.562134e-49
[1] 1.192700e-15 2.432000e-21 7.546921e-29
[1] 1.154798e-15 2.425046e-21 1.210696e-26
[1] 1.226188e-15 2.438637e-21 1.210856e-26
Algorithm converged after  46  iterations.
[1] 1.338490e-17 4.589788e-24 1.882229e-32
[1] 1.604984e-17 4.659340e-24 6.991462e-60
[1] 1.659411e-17 4.672875e-24 1.717566e-32
[1] 1.579444e-17 4.654210e-24 1.720840e-32
[1] 1.579323e-17 4.654149e-24 9.379355e-36
[1] 1.656682e-17 4.673293e-24 1.717505e-32
[1] 1.835569e-17 4.716097e-24 1.697895e-32
[1] 1.631777e-17 4.667271e-24 1.810775e-32
[1] 1.406594e-17 4.609352e-24 9.931926e-36
[1] 1.579326e-17 4.654411e-24 9.489897e-36
[1] 1.526533e-17 4.641197e-24 9.565508e-36
[1] 1.604232e-17 4.660740e-24 9.340777e-36
[1] 1.576669e-17 4.653800e-24 1.735876e-32
Algorithm converged after  121  iterations.
[1] 5.519898e-20 1.473108e-27 1.648526e-59
[1] 6.587700e-20 1.492638e-27 5.835056e-36
[1] 6.433967e-20 1.489954e-27 6.049210e-41
[1] 6.155366e-20 1.485013e-27 3.616332e-37
[1] 6.156723e-20 1.485056e-27 6.130144e-41
[1] 6.665224e-20 1.494014e-27 5.647424e-41
[1] 6.713156e-20 1.494785e-27 1.178558e-67
[1] 6.299299e-20 1.487676e-27 4.529371e-35
[1] 6.726140e-20 1.495153e-27 3.695704e-34
[1] 6.963400e-20 1.499111e-27 7.328859e-55
[1] 7.482366e-20 1.507930e-27 3.537773e-37
[1] 6.436424e-20 1.490132e-27 5.687021e-41
[1] 6.147892e-20 1.485032e-27 5.763334e-36
[1] 6.847558e-20 1.497288e-27 4.148771e-37
[1] 6.847596e-20 1.497299e-27 4.148770e-37
[1] 6.438664e-20 1.490222e-27 1.894956e-36
[1] 6.158387e-20 1.485276e-27 1.899356e-36
[1] 6.424861e-20 1.489989e-27 3.719064e-34
[1] 6.432605e-20 1.490165e-27 5.811965e-36
[1] 6.590541e-20 1.492798e-27 4.214986e-37
Algorithm did not converge after  200  iterations.
[1] 3.690263e-23 3.223962e-32 1.044974e-44
Algorithm converged after  5  iterations.
[1] 1.343081e-27 9.619159e-39 1.002588e-53
Algorithm converged after  5  iterations.
[1] 3.001620e-34 1.564364e-48 2.984230e-67
Algorithm converged after  5  iterations.
[1] 2.532923e-45 7.583752e-65 8.741863e-90
[1] 2.799614e-45 7.615579e-65 2.433465e-89
[1] 3.218102e-45 7.662636e-65 1.038961e-95
[1] 2.799615e-45 7.615611e-65 2.433466e-89
[1] 3.218103e-45 7.662668e-65 1.038962e-95
[1] 2.799617e-45 7.615643e-65 2.433466e-89
[1] 3.218104e-45 7.662700e-65 1.038963e-95
[1] 2.799618e-45 7.615675e-65 2.433467e-89
[1] 3.218105e-45 7.662733e-65 1.038964e-95
[1] 2.799619e-45 7.615707e-65 2.433467e-89
[1] 3.218106e-45 7.662765e-65 1.038965e-95
[1] 2.799620e-45 7.615739e-65 2.433467e-89
[1] 3.218107e-45 7.662797e-65 1.038965e-95
[1] 2.799622e-45 7.615771e-65 2.433468e-89
[1] 3.218108e-45 7.662830e-65 1.038966e-95
[1] 2.799623e-45 7.615803e-65 2.433468e-89
[1] 3.218109e-45 7.662862e-65 1.038967e-95
[1] 2.799624e-45 7.615835e-65 2.433469e-89
[1] 3.218110e-45 7.662894e-65 1.038968e-95
[1] 2.799626e-45 7.615867e-65 2.433469e-89
Algorithm did not converge after  200  iterations.
[1]  1.877485e-67  1.794532e-97 7.980275e-135
[1]  2.173569e-67  1.803644e-97 7.929611e-135
[1]  2.174616e-67  1.803676e-97 7.931373e-135
[1]  2.129606e-67  1.802332e-97 1.230713e-176
[1]  2.129407e-67  1.802327e-97 1.745572e-163
[1]  2.173075e-67  1.803633e-97 7.928200e-135
[1]  2.129708e-67  1.802338e-97 7.940712e-135
[1]  2.108274e-67  1.801695e-97 9.087124e-134
[1]  2.197964e-67  1.804372e-97 7.930013e-135
[1]  2.041332e-67  1.799664e-97 1.748111e-163
[1]  2.040134e-67  1.799629e-97 8.954056e-120
[1]  2.173582e-67  1.803654e-97 7.929542e-135
[1]  2.041261e-67  1.799665e-97 2.586236e-125
Algorithm converged after  126  iterations.
[1] 8.343353e-134 2.449240e-195 1.820365e-272
Algorithm converged after  4  iterations.
[1] 0.157706
Algorithm converged after  2  iterations.
[1] 0.0043585196 0.0004876261 0.0001391241
[1] 0.0060767195 0.0006066510 0.0001513746
Algorithm converged after  17  iterations.
[1] 0.0037272440 0.0003838751 0.0001083740
[1] 0.0053804593 0.0004861002 0.0001174402
Algorithm converged after  17  iterations.
[1] 3.170958e-03 2.993794e-04 8.365788e-05
[1] 4.738538e-03 3.858082e-04 9.137265e-05
Algorithm converged after  16  iterations.
[1] 2.682665e-03 2.312087e-04 6.429009e-05
[1] 4.121826e-03 3.016873e-04 7.124522e-05
Algorithm converged after  14  iterations.
[1] 2.255962e-03 1.767950e-04 4.943991e-05
[1] 3.525288e-03 2.317380e-04 5.552505e-05
Algorithm converged after  13  iterations.
[1] 1.884937e-03 1.338748e-04 3.833059e-05
[1] 2.959515e-03 1.748150e-04 4.313913e-05
Algorithm converged after  15  iterations.
[1] 1.564099e-03 1.004608e-04 3.039647e-05
[1] 2.443306e-03 1.299737e-04 3.339741e-05
[1] 2.442359e-03 1.299895e-04 3.334152e-05
[1] 2.442326e-03 1.299901e-04 3.333963e-05
Algorithm converged after  36  iterations.
[1] 1.288326e-03 7.482967e-05 2.552171e-05
[1] 1.995949e-03 9.630530e-05 2.615115e-05
[1] 1.992198e-03 9.631875e-05 2.588438e-05
[1] 1.991146e-03 9.632087e-05 2.581820e-05
[1] 1.990843e-03 9.632133e-05 2.579986e-05
[1] 1.990757e-03 9.632145e-05 2.579466e-05
[1] 1.990732e-03 9.632149e-05 2.579318e-05
[1] 1.990725e-03 9.632149e-05 2.579275e-05
[1] 1.990723e-03 9.632150e-05 2.579263e-05
[1] 1.990722e-03 9.632150e-05 2.579259e-05
Algorithm converged after  93  iterations.
[1] 1.052838e-03 5.552182e-05 2.344926e-05
[1] 1.601847e-03 7.132837e-05 2.025028e-05
[1] 1.601632e-03 7.132610e-05 2.023794e-05
Algorithm converged after  29  iterations.
[1] 8.531719e-04 4.134875e-05 2.191666e-05
[1] 1.253480e-03 5.177862e-05 2.291304e-05
Algorithm converged after  18  iterations.
[1] 6.851670e-04 3.128185e-05 1.867406e-05
[1] 1.007097e-03 4.038294e-05 2.338709e-05
Algorithm converged after  11  iterations.
[1] 5.449605e-04 2.411286e-05 1.410152e-05
Algorithm converged after  9  iterations.
[1] 4.289812e-04 1.875713e-05 9.975210e-06
Algorithm converged after  10  iterations.
[1] 3.339481e-04 1.457767e-05 6.801381e-06
Algorithm converged after  10  iterations.
[1] 2.568675e-04 1.123119e-05 4.511399e-06
Algorithm converged after  10  iterations.
[1] 1.950309e-04 8.525484e-06 2.919474e-06
Algorithm converged after  10  iterations.
[1] 1.460091e-04 6.344903e-06 1.843939e-06
Algorithm converged after  10  iterations.
[1] 1.076445e-04 4.610777e-06 1.135741e-06
Algorithm converged after  10  iterations.
[1] 7.804000e-05 3.260246e-06 6.811043e-07
Algorithm converged after  10  iterations.
[1] 5.554536e-05 2.236058e-06 3.968323e-07
Algorithm converged after  10  iterations.
[1] 3.874138e-05 1.483024e-06 2.240206e-07
Algorithm converged after  9  iterations.
[1] 2.642258e-05 9.481625e-07 1.221402e-07
Algorithm converged after  9  iterations.
[1] 1.757881e-05 5.823833e-07 6.407368e-08
Algorithm converged after  9  iterations.
[1] 1.137626e-05 3.423457e-07 3.219895e-08
Algorithm converged after  9  iterations.
[1] 7.138371e-06 1.917519e-07 1.542148e-08
[1] 1.058360e-05 2.639401e-07 3.742452e-14
[1] 1.029379e-05 2.635311e-07 1.648334e-08
[1] 1.068002e-05 2.693508e-07 1.751451e-08
Algorithm converged after  37  iterations.
[1] 4.326699e-06 1.018134e-07 6.997604e-09
Algorithm converged after  9  iterations.
[1] 2.522139e-06 5.093777e-08 2.987396e-09
Algorithm converged after  9  iterations.
[1] 1.406705e-06 2.384193e-08 1.784041e-12
[1] 1.896133e-06 2.975871e-08 1.365796e-18
Algorithm converged after  19  iterations.
[1] 7.461417e-07 1.035177e-08 4.382393e-10
Algorithm converged after  9  iterations.
[1] 3.736677e-07 4.126993e-09 4.381041e-21
[1] 5.550780e-07 5.434904e-09 1.625000e-10
[1] 5.720880e-07 5.553597e-09 1.065613e-17
[1] 5.383866e-07 5.274535e-09 1.531069e-17
[1] 5.745782e-07 5.591609e-09 1.922340e-17
[1] 5.757388e-07 5.558606e-09 1.621667e-10
[1] 5.746324e-07 5.610907e-09 1.933096e-17
[1] 5.117114e-07 5.141807e-09 1.128577e-17
[1] 5.527826e-07 5.483296e-09 1.627962e-10
[1] 4.968141e-07 5.059865e-09 1.564572e-10
[1] 5.105098e-07 5.188872e-09 8.139641e-22
[1] 5.114316e-07 5.181108e-09 9.682285e-18
[1] 5.645148e-07 5.571376e-09 1.654542e-10
[1] 5.691305e-07 5.697269e-09 4.924170e-11
[1] 5.441658e-07 5.395294e-09 1.311869e-17
[1] 5.666853e-07 5.622791e-09 2.697498e-20
[1] 5.360109e-07 5.405939e-09 1.100025e-17
[1] 5.667554e-07 5.659882e-09 4.614423e-20
[1] 5.579942e-07 5.600949e-09 6.846764e-21
[1] 4.875312e-07 5.007988e-09 1.577902e-10
Algorithm did not converge after  200  iterations.
[1] 1.751590e-07 1.492322e-09 4.470032e-11
Algorithm converged after  8  iterations.
[1] 7.605178e-08 4.821910e-10 2.480192e-17
[1] 9.639368e-08 5.606497e-10 1.250853e-11
[1] 1.076891e-07 6.026179e-10 1.289230e-11
[1] 9.650180e-08 5.632567e-10 1.251285e-11
[1] 1.154695e-07 6.296052e-10 1.337620e-11
[1] 1.156599e-07 6.316191e-10 1.335183e-11
[1] 1.134213e-07 6.258747e-10 1.322119e-11
[1] 1.162737e-07 6.363197e-10 1.331783e-11
[1] 9.983192e-08 5.738662e-10 1.267659e-11
[1] 1.139540e-07 6.265211e-10 2.065173e-23
[1] 1.116067e-07 6.143514e-10 1.985197e-17
[1] 1.054575e-07 6.017436e-10 1.281848e-11
[1] 1.086059e-07 6.099825e-10 1.298800e-11
[1] 9.957775e-08 5.826808e-10 1.263012e-11
[1] 1.111696e-07 6.188897e-10 1.348618e-11
[1] 1.118971e-07 6.286347e-10 6.405392e-23
[1] 1.138134e-07 6.357764e-10 4.170891e-20
[1] 1.145340e-07 6.398485e-10 1.333611e-11
[1] 1.128455e-07 6.286724e-10 3.637781e-20
[1] 9.573401e-08 5.731824e-10 1.639568e-22
Algorithm did not converge after  200  iterations.
[1] 3.019634e-08 1.366974e-10 2.802554e-12
[1] 4.508563e-08 1.735949e-10 1.137386e-25
[1] 4.557476e-08 1.750053e-10 5.642224e-20
[1] 4.292561e-08 1.685340e-10 3.018532e-12
Algorithm converged after  37  iterations.
[1] 1.079197e-08 3.323970e-11 5.537312e-13
