myseed=2125 

Attaching package: ‘pls’

The following object is masked from ‘package:stats’:

    loadings

Loading required package: lattice
Loading required package: ggplot2
Registered S3 methods overwritten by 'ggplot2':
  method         from 
  [.quosures     rlang
  c.quosures     rlang
  print.quosures rlang

Attaching package: ‘caret’

The following object is masked from ‘package:pls’:

    R2

Loading required package: Matrix
Loading required package: foreach
Loaded glmnet 2.0-18

Parsed with column specification:
cols(
  .default = col_double()
)
See spec(...) for full column specifications.
Parsed with column specification:
cols(
  X1 = col_double()
)
Parsed with column specification:
cols(
  X1 = col_double()
)
[1] "Best 2step parameter is:"
     gam    rankJ   rankA1   rankA2   rankA3 
5.818182 2.000000 1.000000 0.000000 0.000000 
[1] 0.004066352
Algorithm converged after  2  iterations.
[1] 0.003468995
Algorithm converged after  2  iterations.
[1] 0.002943476
Algorithm converged after  2  iterations.
[1] 0.002483017
Algorithm converged after  2  iterations.
[1] 0.002081425
Algorithm converged after  2  iterations.
[1] 0.001732986
Algorithm converged after  2  iterations.
[1] 0.001432397
Algorithm converged after  2  iterations.
[1] 0.001174723
Algorithm converged after  2  iterations.
[1] 0.0009553583
Algorithm converged after  2  iterations.
[1] 0.0007700085
Algorithm converged after  2  iterations.
[1] 0.0006146744
Algorithm converged after  2  iterations.
[1] 0.000485643
Algorithm converged after  2  iterations.
[1] 0.0003794818
Algorithm converged after  2  iterations.
[1] 0.0002930351
Algorithm converged after  2  iterations.
[1] 0.0002234214
Algorithm converged after  2  iterations.
[1] 0.0001680308
Algorithm converged after  2  iterations.
[1] 0.0001245223
Algorithm converged after  2  iterations.
[1] 9.081864e-05
Algorithm converged after  2  iterations.
[1] 6.509916e-05
Algorithm converged after  2  iterations.
[1] 4.578927e-05
Algorithm converged after  2  iterations.
[1] 3.154654e-05
Algorithm converged after  2  iterations.
[1] 2.124368e-05
Algorithm converged after  2  iterations.
[1] 1.39491e-05
Algorithm converged after  2  iterations.
[1] 8.906038e-06
Algorithm converged after  2  iterations.
[1] 5.511028e-06
Algorithm converged after  2  iterations.
[1] 3.292661e-06
Algorithm converged after  2  iterations.
[1] 1.891068e-06
Algorithm converged after  2  iterations.
[1] 1.038618e-06
Algorithm converged after  2  iterations.
[1] 5.421592e-07
Algorithm converged after  2  iterations.
[1] 2.670207e-07
Algorithm converged after  2  iterations.
[1] 1.229994e-07
Algorithm converged after  2  iterations.
[1] 5.243188e-08
Algorithm converged after  2  iterations.
[1] 2.041721e-08
Algorithm converged after  2  iterations.
[1] 7.147611e-09
Algorithm converged after  2  iterations.
[1] 2.205027e-09
Algorithm converged after  2  iterations.
[1] 5.844848e-10
Algorithm converged after  2  iterations.
[1] 1.288625e-10
Algorithm converged after  2  iterations.
[1] 2.264796e-11
Algorithm converged after  2  iterations.
[1] 2.998467e-12
Algorithm converged after  2  iterations.
[1] 2.768417e-13
Algorithm converged after  2  iterations.
[1] 1.60006e-14
Algorithm converged after  2  iterations.
[1] 4.953464e-16
Algorithm converged after  2  iterations.
[1] 6.501695e-18
Algorithm converged after  2  iterations.
[1] 2.506113e-20
Algorithm converged after  2  iterations.
[1] 1.538468e-23
Algorithm converged after  2  iterations.
[1] 5.00113e-28
Algorithm converged after  2  iterations.
[1] 9.521195e-35
Algorithm converged after  2  iterations.
[1] 6.238683e-46
Algorithm converged after  2  iterations.
[1] 2.861234e-68
Algorithm converged after  2  iterations.
[1] 3.216876e-135
Algorithm converged after  2  iterations.
[1] 0.1700222
Algorithm converged after  2  iterations.
[1] 0.004066352 0.000758062
Algorithm converged after  10  iterations.
[1] 0.0034689949 0.0006141862
Algorithm converged after  9  iterations.
[1] 0.0029434756 0.0004936813
Algorithm converged after  9  iterations.
[1] 0.0024830174 0.0003935164
Algorithm converged after  9  iterations.
[1] 0.002081425 0.000310995
Algorithm converged after  9  iterations.
[1] 0.0017329858 0.0002436591
Algorithm converged after  8  iterations.
[1] 0.0014323973 0.0001892498
Algorithm converged after  7  iterations.
[1] 0.0011747230 0.0001457003
Algorithm converged after  8  iterations.
[1] 0.0009553583 0.0001111471
Algorithm converged after  8  iterations.
[1] 7.700085e-04 8.395164e-05
Algorithm converged after  9  iterations.
[1] 6.146744e-04 6.271162e-05
Algorithm converged after  9  iterations.
[1] 4.856430e-04 4.625566e-05
Algorithm converged after  9  iterations.
[1] 3.794818e-04 3.362124e-05
Algorithm converged after  9  iterations.
[1] 2.930351e-04 2.402496e-05
Algorithm converged after  9  iterations.
[1] 2.234214e-04 1.683185e-05
Algorithm converged after  9  iterations.
[1] 1.680308e-04 1.152717e-05
Algorithm converged after  9  iterations.
[1] 1.245223e-04 7.692404e-06
Algorithm converged after  9  iterations.
[1] 9.081864e-05 4.985915e-06
Algorithm converged after  9  iterations.
[1] 6.509916e-05 3.128703e-06
Algorithm converged after  9  iterations.
[1] 4.578927e-05 1.894580e-06
Algorithm converged after  9  iterations.
[1] 3.154654e-05 1.103447e-06
Algorithm converged after  9  iterations.
[1] 2.124368e-05 6.159666e-07
Algorithm converged after  9  iterations.
[1] 1.394910e-05 3.282898e-07
Algorithm converged after  9  iterations.
[1] 8.906038e-06 1.663264e-07
Algorithm converged after  9  iterations.
[1] 5.511028e-06 7.970570e-08
Algorithm converged after  8  iterations.
[1] 3.292661e-06 3.591720e-08
Algorithm converged after  8  iterations.
[1] 1.891068e-06 1.511537e-08
Algorithm converged after  8  iterations.
[1] 1.038618e-06 5.892771e-09
Algorithm converged after  8  iterations.
[1] 5.421592e-07 2.107801e-09
Algorithm converged after  8  iterations.
[1] 2.670207e-07 6.838585e-10
Algorithm converged after  8  iterations.
[1] 1.229994e-07 1.984919e-10
Algorithm converged after  7  iterations.
[1] 5.243188e-08 5.068828e-11
Algorithm converged after  7  iterations.
[1] 2.041721e-08 1.115827e-11
Algorithm converged after  7  iterations.
[1] 7.147611e-09 2.064727e-12
Algorithm converged after  7  iterations.
[1] 2.205027e-09 3.111881e-13
Algorithm converged after  6  iterations.
[1] 5.844848e-10 3.670733e-14
Algorithm converged after  6  iterations.
[1] 1.288625e-10 3.219451e-15
Algorithm converged after  6  iterations.
[1] 2.264796e-11 1.963343e-16
Algorithm converged after  6  iterations.
[1] 2.998467e-12 7.613590e-18
Algorithm converged after  5  iterations.
[1] 2.768417e-13 1.662121e-19
Algorithm converged after  5  iterations.
[1] 1.600060e-14 1.722609e-21
Algorithm converged after  5  iterations.
[1] 4.953464e-16 6.626481e-24
Algorithm converged after  5  iterations.
[1] 6.501695e-18 6.542092e-27
Algorithm converged after  4  iterations.
[1] 2.506113e-20 9.286217e-31
Algorithm converged after  4  iterations.
[1] 1.538468e-23 7.219254e-36
Algorithm converged after  4  iterations.
[1] 5.001130e-28 5.415839e-43
Algorithm converged after  4  iterations.
[1] 9.521195e-35 1.219734e-53
Algorithm converged after  4  iterations.
[1] 6.238683e-46 2.522144e-71
Algorithm converged after  5  iterations.
[1]  2.861234e-68 1.386921e-106
Algorithm converged after  5  iterations.
[1] 3.216876e-135 4.342172e-212
Algorithm converged after  5  iterations.
[1] 0.1653871
Algorithm converged after  2  iterations.
[1] 0.0040663516 0.0004074508
[1] 0.0037939202 0.0004588574
[1] 0.0034009956 0.0006539131
[1] 0.003402958 0.000653113
Algorithm converged after  32  iterations.
[1] 0.0034689949 0.0003054776
[1] 0.0031959137 0.0004746609
Algorithm converged after  15  iterations.
[1] 0.0029434756 0.0002267691
[1] 0.0028064957 0.0003801578
Algorithm converged after  13  iterations.
[1] 0.0024830174 0.0001666483
[1] 0.002462948 0.000278568
Algorithm converged after  11  iterations.
[1] 0.0020814253 0.0001212305
Algorithm converged after  9  iterations.
[1] 1.732986e-03 8.732671e-05
Algorithm converged after  7  iterations.
[1] 1.432397e-03 6.235577e-05
Algorithm converged after  7  iterations.
[1] 1.174723e-03 4.427882e-05
Algorithm converged after  7  iterations.
[1] 9.553583e-04 3.171129e-05
Algorithm converged after  8  iterations.
[1] 7.700085e-04 2.507627e-05
Algorithm converged after  9  iterations.
[1] 6.146744e-04 2.063304e-05
Algorithm converged after  10  iterations.
[1] 4.856430e-04 1.718139e-05
Algorithm converged after  10  iterations.
[1] 3.794818e-04 1.434992e-05
Algorithm converged after  10  iterations.
[1] 2.930351e-04 1.194275e-05
Algorithm converged after  9  iterations.
[1] 2.234214e-04 9.846395e-06
Algorithm converged after  9  iterations.
[1] 1.680308e-04 7.996844e-06
Algorithm converged after  8  iterations.
[1] 1.245223e-04 6.363022e-06
Algorithm converged after  8  iterations.
[1] 9.081864e-05 4.935014e-06
Algorithm converged after  7  iterations.
[1] 6.509916e-05 3.713403e-06
Algorithm converged after  7  iterations.
[1] 4.578927e-05 2.699698e-06
Algorithm converged after  6  iterations.
[1] 3.154654e-05 1.889325e-06
Algorithm converged after  6  iterations.
[1] 2.124368e-05 1.268365e-06
Algorithm converged after  6  iterations.
[1] 1.394910e-05 8.140119e-07
Algorithm converged after  6  iterations.
[1] 8.906038e-06 4.975835e-07
Algorithm converged after  6  iterations.
[1] 5.511028e-06 2.884993e-07
Algorithm converged after  6  iterations.
[1] 3.292661e-06 1.578922e-07
Algorithm converged after  6  iterations.
[1] 1.891068e-06 8.109803e-08
Algorithm converged after  6  iterations.
[1] 1.038618e-06 3.882335e-08
Algorithm converged after  6  iterations.
[1] 5.421592e-07 1.717880e-08
Algorithm converged after  6  iterations.
[1] 2.670207e-07 6.955601e-09
Algorithm converged after  6  iterations.
[1] 1.229994e-07 2.545668e-09
Algorithm converged after  6  iterations.
[1] 5.243188e-08 8.296500e-10
Algorithm converged after  6  iterations.
[1] 2.041721e-08 2.363816e-10
Algorithm converged after  6  iterations.
[1] 7.147611e-09 5.754706e-11
Algorithm converged after  6  iterations.
[1] 2.205027e-09 1.163209e-11
Algorithm converged after  6  iterations.
[1] 5.844848e-10 1.882284e-12
Algorithm converged after  6  iterations.
[1] 1.288625e-10 2.326550e-13
Algorithm converged after  6  iterations.
[1] 2.264796e-11 2.065556e-14
Algorithm converged after  6  iterations.
[1] 2.998467e-12 1.213460e-15
Algorithm converged after  6  iterations.
[1] 2.768417e-13 4.217548e-17
Algorithm converged after  6  iterations.
[1] 1.600060e-14 7.413994e-19
Algorithm converged after  6  iterations.
[1] 4.953464e-16 5.255740e-21
Algorithm converged after  6  iterations.
[1] 6.501695e-18 1.069638e-23
Algorithm converged after  5  iterations.
[1] 2.506113e-20 3.664066e-27
Algorithm converged after  5  iterations.
[1] 1.538468e-23 8.676159e-32
Algorithm converged after  5  iterations.
[1] 5.00113e-28 2.86208e-38
Algorithm converged after  5  iterations.
[1] 9.521195e-35 5.343357e-48
Algorithm converged after  5  iterations.
[1] 6.238683e-46 3.204594e-64
Algorithm converged after  5  iterations.
[1] 2.861234e-68 1.130456e-96
Algorithm converged after  5  iterations.
[1] 3.216876e-135 4.854874e-194
Algorithm converged after  5  iterations.
[1] 0.1624033
Algorithm converged after  2  iterations.
[1] 0.0040663516 0.0004572328
[1] 0.004524808 0.001245661
Algorithm converged after  17  iterations.
[1] 0.0034689949 0.0003601462
[1] 0.0037798161 0.0009882627
Algorithm converged after  17  iterations.
[1] 0.0029434756 0.0002808966
[1] 0.0031476365 0.0007771791
Algorithm converged after  17  iterations.
[1] 0.002483017 0.000216790
[1] 0.0026101252 0.0006053991
Algorithm converged after  17  iterations.
[1] 0.0020814253 0.0001654559
[1] 0.0021496151 0.0004719525
Algorithm converged after  18  iterations.
[1] 0.0017329858 0.0001248064
[1] 0.0017682260 0.0003543929
Algorithm converged after  19  iterations.
[1] 1.432397e-03 9.300876e-05
[1] 0.0018020473 0.0001511252
Algorithm converged after  13  iterations.
[1] 1.174723e-03 6.846588e-05
[1] 0.001461132 0.000119662
Algorithm converged after  11  iterations.
[1] 9.553583e-04 4.980102e-05
Algorithm converged after  10  iterations.
[1] 7.700085e-04 3.584692e-05
Algorithm converged after  10  iterations.
[1] 6.146744e-04 2.564394e-05
Algorithm converged after  9  iterations.
[1] 4.856430e-04 1.845844e-05
Algorithm converged after  10  iterations.
[1] 3.794818e-04 1.367616e-05
Algorithm converged after  9  iterations.
[1] 2.930351e-04 1.047581e-05
Algorithm converged after  9  iterations.
[1] 2.234214e-04 8.183605e-06
Algorithm converged after  8  iterations.
[1] 1.680308e-04 6.432606e-06
Algorithm converged after  8  iterations.
[1] 1.245223e-04 5.029178e-06
Algorithm converged after  8  iterations.
[1] 9.081864e-05 3.872372e-06
Algorithm converged after  8  iterations.
[1] 6.509916e-05 2.912432e-06
Algorithm converged after  8  iterations.
[1] 4.578927e-05 2.125531e-06
Algorithm converged after  8  iterations.
[1] 3.154654e-05 1.497415e-06
Algorithm converged after  8  iterations.
[1] 2.124368e-05 1.013976e-06
Algorithm converged after  8  iterations.
[1] 1.394910e-05 6.574874e-07
Algorithm converged after  8  iterations.
[1] 8.906038e-06 4.067399e-07
Algorithm converged after  8  iterations.
[1] 5.511028e-06 2.391023e-07
Algorithm converged after  8  iterations.
[1] 3.292661e-06 1.329535e-07
Algorithm converged after  8  iterations.
[1] 1.891068e-06 6.955144e-08
Algorithm converged after  8  iterations.
[1] 1.038618e-06 3.400683e-08
Algorithm converged after  8  iterations.
[1] 5.421592e-07 1.541865e-08
Algorithm converged after  8  iterations.
[1] 2.670207e-07 6.420624e-09
Algorithm converged after  8  iterations.
[1] 1.229994e-07 2.427050e-09
Algorithm converged after  8  iterations.
[1] 5.243188e-08 8.209770e-10
Algorithm converged after  8  iterations.
[1] 2.041721e-08 2.441575e-10
Algorithm converged after  8  iterations.
[1] 7.147611e-09 6.245620e-11
Algorithm converged after  8  iterations.
[1] 2.205027e-09 1.336909e-11
Algorithm converged after  7  iterations.
[1] 5.844848e-10 2.312493e-12
Algorithm converged after  7  iterations.
[1] 1.288625e-10 3.090142e-13
Algorithm converged after  7  iterations.
[1] 2.264796e-11 3.007671e-14
Algorithm converged after  7  iterations.
[1] 2.998467e-12 1.971205e-15
Algorithm converged after  7  iterations.
[1] 2.768417e-13 7.815703e-17
Algorithm converged after  7  iterations.
[1] 1.600060e-14 1.613677e-18
Algorithm converged after  7  iterations.
[1] 4.953464e-16 1.397074e-20
Algorithm converged after  6  iterations.
[1] 6.501695e-18 3.665254e-23
Algorithm converged after  6  iterations.
[1] 2.506113e-20 1.749119e-26
Algorithm converged after  6  iterations.
[1] 1.538468e-23 6.486438e-31
Algorithm converged after  6  iterations.
[1] 5.001130e-28 4.044871e-37
Algorithm converged after  6  iterations.
[1] 9.521195e-35 1.986866e-46
Algorithm converged after  5  iterations.
[1] 6.238683e-46 6.086371e-62
Algorithm converged after  5  iterations.
[1] 2.861234e-68 5.781912e-93
Algorithm converged after  5  iterations.
[1] 3.216876e-135 5.227214e-186
Algorithm converged after  5  iterations.
[1] 0.1600018
Algorithm converged after  2  iterations.
[1] 0.0040663516 0.0008846631
Algorithm converged after  2  iterations.
[1] 0.003468995 0.000704080
Algorithm converged after  2  iterations.
[1] 0.0029434756 0.0005566307
Algorithm converged after  2  iterations.
[1] 0.0024830174 0.0004376259
Algorithm converged after  2  iterations.
[1] 0.0020814253 0.0003427378
Algorithm converged after  2  iterations.
[1] 0.0017329858 0.0002681508
Algorithm converged after  2  iterations.
[1] 0.0014323973 0.0002107584
Algorithm converged after  2  iterations.
[1] 0.001174723 0.000168604
Algorithm converged after  2  iterations.
[1] 0.0009553583 0.0001397420
Algorithm converged after  2  iterations.
[1] 0.0007700085 0.0001188847
Algorithm converged after  2  iterations.
[1] 0.0006146744 0.0001023039
Algorithm converged after  2  iterations.
[1] 4.85643e-04 8.83187e-05
Algorithm converged after  2  iterations.
[1] 3.794818e-04 7.604861e-05
Algorithm converged after  2  iterations.
[1] 2.930351e-04 6.498929e-05
Algorithm converged after  2  iterations.
[1] 2.234214e-04 5.486075e-05
Algorithm converged after  2  iterations.
[1] 1.680308e-04 4.553976e-05
Algorithm converged after  2  iterations.
[1] 1.245223e-04 3.701599e-05
Algorithm converged after  2  iterations.
[1] 9.081864e-05 2.934954e-05
Algorithm converged after  2  iterations.
[1] 6.509916e-05 2.262524e-05
Algorithm converged after  2  iterations.
[1] 4.578927e-05 1.691011e-05
Algorithm converged after  2  iterations.
[1] 3.154654e-05 1.222359e-05
Algorithm converged after  2  iterations.
[1] 2.124368e-05 8.526187e-06
Algorithm converged after  2  iterations.
[1] 1.39491e-05 5.72514e-06
Algorithm converged after  2  iterations.
[1] 8.906038e-06 3.690947e-06
Algorithm converged after  2  iterations.
[1] 5.511028e-06 2.277434e-06
Algorithm converged after  2  iterations.
[1] 3.292661e-06 1.339871e-06
Algorithm converged after  2  iterations.
[1] 1.891068e-06 7.481480e-07
Algorithm converged after  2  iterations.
[1] 1.038618e-06 3.942615e-07
Algorithm converged after  2  iterations.
[1] 5.421592e-07 1.947575e-07
Algorithm converged after  2  iterations.
[1] 2.670207e-07 8.943714e-08
Algorithm converged after  2  iterations.
[1] 1.229994e-07 3.779800e-08
Algorithm converged after  2  iterations.
[1] 5.243188e-08 1.452030e-08
Algorithm converged after  2  iterations.
[1] 2.041721e-08 4.993678e-09
Algorithm converged after  2  iterations.
[1] 7.147611e-09 1.508624e-09
Algorithm converged after  2  iterations.
[1] 2.205027e-09 3.909649e-10
Algorithm converged after  2  iterations.
[1] 5.844848e-10 8.433024e-11
Algorithm converged after  2  iterations.
[1] 1.288625e-10 1.456240e-11
Algorithm converged after  2  iterations.
[1] 2.264796e-11 1.913278e-12
Algorithm converged after  2  iterations.
[1] 2.998467e-12 1.786958e-13
Algorithm converged after  2  iterations.
[1] 2.768417e-13 1.081400e-14
Algorithm converged after  2  iterations.
[1] 1.600060e-14 3.724061e-16
Algorithm converged after  2  iterations.
[1] 4.953464e-16 6.049965e-18
Algorithm converged after  2  iterations.
[1] 6.501695e-18 3.499462e-20
Algorithm converged after  2  iterations.
[1] 2.506113e-20 4.631629e-23
Algorithm converged after  2  iterations.
[1] 1.538468e-23 6.712727e-27
Algorithm converged after  2  iterations.
[1] 5.001130e-28 2.827563e-32
Algorithm converged after  2  iterations.
[1] 9.521195e-35 2.438594e-40
Algorithm converged after  2  iterations.
[1] 6.238683e-46 8.828146e-54
Algorithm converged after  2  iterations.
[1] 2.861234e-68 1.156864e-80
Algorithm converged after  2  iterations.
[1] 3.216876e-135 2.625232e-161
Algorithm converged after  2  iterations.
[1] 0.1477635
Algorithm converged after  2  iterations.
[1] 0.0040663516 0.0007580620 0.0002590026
[1] 0.0049498103 0.0008441685 0.0002691293
Algorithm converged after  12  iterations.
[1] 0.0034689949 0.0006141862 0.0001973410
[1] 0.004364003 0.000687204 0.000202979
Algorithm converged after  12  iterations.
[1] 0.0029434756 0.0004936813 0.0001502361
[1] 0.0038792577 0.0005569541 0.0001534565
Algorithm converged after  11  iterations.
[1] 0.0024830174 0.0003935164 0.0001153497
[1] 0.0035168521 0.0004540463 0.0001193120
Algorithm converged after  13  iterations.
[1] 2.081425e-03 3.109950e-04 9.080703e-05
[1] 0.0031352823 0.0003707954 0.0001012436
Algorithm converged after  12  iterations.
[1] 1.732986e-03 2.436591e-04 7.438779e-05
[1] 2.656968e-03 2.934599e-04 8.658371e-05
Algorithm converged after  11  iterations.
[1] 1.432397e-03 1.892498e-04 6.178888e-05
Algorithm converged after  10  iterations.
[1] 1.174723e-03 1.457003e-04 5.069667e-05
Algorithm converged after  10  iterations.
[1] 9.553583e-04 1.111471e-04 4.059201e-05
Algorithm converged after  10  iterations.
[1] 7.700085e-04 8.395164e-05 3.155860e-05
Algorithm converged after  10  iterations.
[1] 6.146744e-04 6.271162e-05 2.379642e-05
Algorithm converged after  10  iterations.
[1] 4.856430e-04 4.625566e-05 1.741232e-05
Algorithm converged after  10  iterations.
[1] 3.794818e-04 3.362124e-05 1.237465e-05
Algorithm converged after  10  iterations.
[1] 2.930351e-04 2.402496e-05 8.546692e-06
Algorithm converged after  10  iterations.
[1] 2.234214e-04 1.683185e-05 5.737238e-06
Algorithm converged after  10  iterations.
[1] 1.680308e-04 1.152717e-05 3.741834e-06
Algorithm converged after  10  iterations.
[1] 1.245223e-04 7.692404e-06 2.369066e-06
Algorithm converged after  10  iterations.
[1] 9.081864e-05 4.985915e-06 1.454178e-06
Algorithm converged after  10  iterations.
[1] 6.509916e-05 3.128703e-06 8.638547e-07
Algorithm converged after  10  iterations.
[1] 4.578927e-05 1.894580e-06 4.955245e-07
Algorithm converged after  10  iterations.
[1] 3.154654e-05 1.103447e-06 2.736994e-07
Algorithm converged after  9  iterations.
[1] 2.124368e-05 6.159666e-07 1.450743e-07
Algorithm converged after  9  iterations.
[1] 1.394910e-05 3.282898e-07 7.349385e-08
Algorithm converged after  9  iterations.
[1] 8.906038e-06 1.663264e-07 3.541353e-08
Algorithm converged after  9  iterations.
[1] 5.511028e-06 7.970570e-08 1.613955e-08
Algorithm converged after  9  iterations.
[1] 3.292661e-06 3.591720e-08 6.910934e-09
Algorithm converged after  9  iterations.
[1] 1.891068e-06 1.511537e-08 2.758812e-09
Algorithm converged after  8  iterations.
[1] 1.038618e-06 5.892771e-09 1.017328e-09
Algorithm converged after  8  iterations.
[1] 5.421592e-07 2.107801e-09 3.427950e-10
Algorithm converged after  8  iterations.
[1] 2.670207e-07 6.838585e-10 1.041895e-10
Algorithm converged after  8  iterations.
[1] 1.229994e-07 1.984919e-10 2.812477e-11
Algorithm converged after  8  iterations.
[1] 5.243188e-08 5.068828e-11 6.617252e-12
Algorithm converged after  7  iterations.
[1] 2.041721e-08 1.115827e-11 1.326282e-12
Algorithm converged after  7  iterations.
[1] 7.147611e-09 2.064727e-12 2.201300e-13
Algorithm converged after  7  iterations.
[1] 2.205027e-09 3.111881e-13 2.920556e-14
Algorithm converged after  7  iterations.
[1] 5.844848e-10 3.670733e-14 2.961934e-15
Algorithm converged after  6  iterations.
[1] 1.288625e-10 3.219451e-15 2.167971e-16
Algorithm converged after  6  iterations.
[1] 2.264796e-11 1.963343e-16 1.062383e-17
Algorithm converged after  6  iterations.
[1] 2.998467e-12 7.613590e-18 3.153392e-19
Algorithm converged after  6  iterations.
[1] 2.768417e-13 1.662121e-19 4.946089e-21
Algorithm converged after  5  iterations.
[1] 1.600060e-14 1.722609e-21 3.386473e-23
Algorithm converged after  5  iterations.
[1] 4.953464e-16 6.626481e-24 7.680257e-26
Algorithm converged after  4  iterations.
[1] 6.501695e-18 6.542092e-27 3.813863e-29
Algorithm converged after  5  iterations.
[1] 2.506113e-20 9.286217e-31 2.163774e-33
Algorithm converged after  5  iterations.
[1] 1.538468e-23 7.219254e-36 4.743417e-39
Algorithm converged after  5  iterations.
[1] 5.001130e-28 5.415839e-43 5.708748e-47
Algorithm converged after  5  iterations.
[1] 9.521195e-35 1.219734e-53 7.615139e-59
Algorithm converged after  5  iterations.
[1] 6.238683e-46 2.522144e-71 1.249849e-78
Algorithm converged after  5  iterations.
[1]  2.861234e-68 1.386921e-106 3.454152e-118
Algorithm converged after  5  iterations.
[1] 3.216876e-135 4.342172e-212 7.728338e-237
Algorithm converged after  6  iterations.
[1] 0.1632997
Algorithm converged after  2  iterations.
[1] 4.066352e-03 4.074508e-04 6.586009e-05
Algorithm converged after  10  iterations.
[1] 3.468995e-03 3.054776e-04 5.192886e-05
Algorithm converged after  9  iterations.
[1] 2.943476e-03 2.267691e-04 4.097168e-05
Algorithm converged after  9  iterations.
[1] 2.483017e-03 1.666483e-04 3.257617e-05
Algorithm converged after  8  iterations.
[1] 2.081425e-03 1.212305e-04 2.638836e-05
Algorithm converged after  10  iterations.
[1] 1.732986e-03 8.732671e-05 2.217796e-05
[1] 1.744249e-03 8.592047e-05 1.793488e-05
Algorithm converged after  14  iterations.
[1] 1.432397e-03 6.235577e-05 1.984092e-05
[1] 1.492800e-03 6.078106e-05 1.342011e-05
[1] 1.492878e-03 6.078325e-05 1.342612e-05
Algorithm converged after  28  iterations.
[1] 1.174723e-03 4.427882e-05 1.893247e-05
[1] 1.282840e-03 4.253651e-05 9.882762e-06
[1] 1.282642e-03 4.253523e-05 9.876797e-06
[1] 1.282626e-03 4.253513e-05 9.876349e-06
Algorithm converged after  40  iterations.
[1] 9.553583e-04 3.171129e-05 2.074725e-05
[1] 9.587250e-04 3.073555e-05 1.534545e-05
Algorithm converged after  16  iterations.
[1] 7.700085e-04 2.507627e-05 1.745469e-05
[1] 7.033728e-04 2.376896e-05 1.714491e-05
[1] 7.030149e-04 2.376770e-05 1.714365e-05
Algorithm converged after  22  iterations.
[1] 6.146744e-04 2.063304e-05 1.177647e-05
[1] 5.215755e-04 1.957673e-05 1.205568e-05
[1] 5.200623e-04 1.956793e-05 1.205654e-05
Algorithm converged after  29  iterations.
[1] 4.856430e-04 1.718139e-05 7.721525e-06
[1] 3.930643e-04 1.646995e-05 8.062038e-06
[1] 3.912456e-04 1.645647e-05 8.064829e-06
[1] 3.911723e-04 1.645583e-05 8.064919e-06
Algorithm converged after  36  iterations.
[1] 3.794818e-04 1.434992e-05 4.948219e-06
[1] 3.014970e-04 1.392041e-05 5.243035e-06
[1] 3.013082e-04 1.392353e-05 5.244075e-06
[1] 3.013689e-04 1.392411e-05 5.243945e-06
Algorithm converged after  37  iterations.
[1] 2.930351e-04 1.194275e-05 3.101384e-06
[1] 2.349729e-04 1.174126e-05 3.324135e-06
[1] 2.375612e-04 1.178055e-05 3.321243e-06
[1] 2.376221e-04 1.178129e-05 3.321140e-06
Algorithm converged after  33  iterations.
[1] 2.234214e-04 9.846395e-06 1.900164e-06
[1] 1.843797e-04 9.811790e-06 2.055274e-06
[1] 1.873759e-04 9.858198e-06 2.051828e-06
Algorithm converged after  27  iterations.
[1] 1.680308e-04 7.996844e-06 1.136777e-06
[1] 1.512853e-04 8.032099e-06 1.218479e-06
[1] 1.639796e-04 8.208244e-06 1.218152e-06
[1] 1.640459e-04 8.209130e-06 1.218135e-06
Algorithm converged after  31  iterations.
[1] 1.245223e-04 6.363022e-06 6.631109e-07
[1] 1.260514e-04 6.605242e-06 7.166270e-07
Algorithm converged after  19  iterations.
[1] 9.081864e-05 4.935014e-06 3.772544e-07
[1] 9.494109e-05 5.171602e-06 4.095025e-07
Algorithm converged after  14  iterations.
[1] 6.509916e-05 3.713403e-06 1.401340e-10
[1] 5.932863e-05 3.752085e-06 2.477831e-07
[1] 6.683449e-05 3.875398e-06 2.483003e-07
Algorithm converged after  23  iterations.
[1] 4.578927e-05 2.699698e-06 1.100180e-07
[1] 5.394959e-05 3.038469e-06 1.008514e-07
[1] 4.865808e-05 2.980198e-06 9.694529e-08
[1] 4.781947e-05 2.966344e-06 1.036846e-07
Algorithm converged after  38  iterations.
[1] 3.154654e-05 1.889325e-06 5.636169e-08
[1] 3.422012e-05 1.948855e-06 6.073027e-08
[1] 3.502126e-05 2.092427e-06 4.425432e-08
[1] 3.964727e-05 2.192040e-06 4.835406e-08
Algorithm converged after  32  iterations.
[1] 2.124368e-05 1.268365e-06 4.126810e-09
[1] 2.515409e-05 1.361993e-06 2.258904e-08
[1] 2.681412e-05 1.433379e-06 1.880799e-08
[1] 2.687677e-05 1.434220e-06 1.881070e-08
Algorithm converged after  33  iterations.
[1] 1.394910e-05 8.140119e-07 5.970478e-13
[1] 1.612553e-05 8.731300e-07 9.464471e-09
Algorithm converged after  19  iterations.
[1] 8.906038e-06 4.975835e-07 5.760891e-09
[1] 9.567266e-06 5.175349e-07 4.711146e-09
[1] 9.315004e-06 5.138926e-07 4.969310e-09
[1] 1.089177e-05 5.451159e-07 3.587568e-09
[1] 1.150401e-05 5.537441e-07 4.147830e-09
[1] 1.100277e-05 5.475332e-07 3.529922e-09
[1] 1.018157e-05 5.334557e-07 4.767124e-09
[1] 1.010568e-05 5.327001e-07 4.318568e-09
[1] 1.079929e-05 5.400834e-07 4.153939e-09
[1] 1.131834e-05 5.555798e-07 3.653869e-09
[1] 9.334927e-06 5.206054e-07 4.989255e-09
[1] 9.331036e-06 5.221781e-07 5.020703e-09
[1] 1.072778e-05 5.382687e-07 4.647754e-09
[1] 9.446954e-06 5.251777e-07 6.821592e-17
[1] 9.522109e-06 5.271032e-07 4.807178e-09
[1] 9.525872e-06 5.271563e-07 4.806937e-09
Algorithm converged after  157  iterations.
[1] 5.511028e-06 2.884993e-07 2.411604e-09
[1] 6.620491e-06 3.095298e-07 1.574934e-09
[1] 6.707825e-06 3.013270e-07 2.504891e-09
[1] 6.506002e-06 3.034479e-07 1.793760e-15
[1] 5.974875e-06 3.007767e-07 1.961994e-09
[1] 5.976418e-06 3.008575e-07 1.962334e-09
[1] 6.042119e-06 3.020596e-07 1.892519e-09
[1] 6.117576e-06 3.030250e-07 1.890774e-09
[1] 6.032150e-06 3.026373e-07 1.902331e-09
[1] 6.100898e-06 3.035200e-07 1.900636e-09
[1] 6.014996e-06 2.955735e-07 2.692094e-09
[1] 5.956836e-06 3.026378e-07 1.929129e-09
[1] 6.072771e-06 3.040171e-07 1.916620e-09
[1] 6.085963e-06 3.041816e-07 1.916178e-09
[1] 6.086542e-06 3.041888e-07 1.916158e-09
Algorithm converged after  143  iterations.
[1] 3.292661e-06 1.578922e-07 9.442525e-10
[1] 3.469614e-06 1.615172e-07 8.429443e-10
[1] 3.475138e-06 1.615670e-07 8.427673e-10
[1] 3.475875e-06 1.615738e-07 8.427423e-10
Algorithm converged after  40  iterations.
[1] 1.891068e-06 8.109803e-08 1.269874e-10
[1] 2.042740e-06 8.315734e-08 3.076789e-10
[1] 2.107367e-06 8.386084e-08 2.912577e-10
[1] 2.047467e-06 8.325843e-08 3.075858e-10
[1] 2.218351e-06 8.509501e-08 2.552781e-10
[1] 2.334495e-06 8.541858e-08 2.827147e-10
[1] 2.060758e-06 8.339520e-08 3.002924e-10
[1] 2.050614e-06 8.330137e-08 3.029023e-10
[1] 1.833657e-06 8.104424e-08 4.214994e-10
[1] 2.006780e-06 8.287115e-08 5.605450e-20
[1] 2.121673e-06 8.412952e-08 2.789688e-10
[1] 1.883202e-06 8.163069e-08 3.866902e-10
[1] 2.102366e-06 8.405034e-08 2.805722e-10
[1] 2.109403e-06 8.405763e-08 2.919058e-10
[1] 2.062734e-06 8.357543e-08 3.005283e-10
[1] 2.217923e-06 8.524833e-08 2.556968e-10
[1] 2.072996e-06 8.371259e-08 3.009547e-10
[1] 2.043108e-06 8.339067e-08 3.079251e-10
[1] 2.367863e-06 8.586934e-08 2.854405e-10
[1] 2.277845e-06 8.505883e-08 3.894970e-10
Algorithm did not converge after  200  iterations.
[1] 1.038618e-06 3.882335e-08 5.429768e-11
[1] 1.129187e-06 3.973664e-08 1.077842e-10
[1] 1.185322e-06 4.021576e-08 9.730587e-11
[1] 1.003376e-06 3.842786e-08 1.041771e-16
[1] 1.173354e-06 3.968776e-08 1.013641e-17
[1] 1.193146e-06 4.029418e-08 1.236995e-17
[1] 1.163417e-06 4.003363e-08 9.960790e-11
Algorithm converged after  66  iterations.
[1] 5.421592e-07 1.717880e-08 3.472410e-11
[1] 6.808784e-07 1.799652e-08 2.002291e-17
[1] 5.907912e-07 1.753672e-08 1.604654e-18
[1] 6.761097e-07 1.812043e-08 2.391295e-11
[1] 6.456165e-07 1.789738e-08 1.667217e-22
[1] 6.089273e-07 1.765872e-08 4.496599e-11
[1] 6.126720e-07 1.768436e-08 3.163185e-11
[1] 6.216256e-07 1.779008e-08 2.563539e-11
[1] 6.181940e-07 1.771672e-08 3.130988e-11
[1] 5.732680e-07 1.731487e-08 1.474849e-11
[1] 6.060901e-07 1.763539e-08 1.805963e-18
[1] 6.097983e-07 1.766001e-08 3.178288e-11
Algorithm converged after  115  iterations.
[1] 2.670207e-07 6.955601e-09 4.129751e-19
[1] 3.027869e-07 7.160366e-09 3.187937e-17
[1] 3.070905e-07 7.172249e-09 8.172477e-12
[1] 3.080615e-07 7.170685e-09 8.552904e-12
[1] 3.634216e-07 7.387688e-09 1.771336e-16
[1] 2.988924e-07 7.133933e-09 1.802464e-17
[1] 3.090026e-07 7.193525e-09 1.451897e-16
[1] 3.322612e-07 7.251059e-09 4.766298e-17
[1] 3.026698e-07 7.158618e-09 7.634303e-12
[1] 3.437245e-07 7.300654e-09 5.041655e-17
[1] 3.065068e-07 7.161422e-09 8.723981e-12
[1] 3.054259e-07 7.161920e-09 1.454181e-11
[1] 2.819659e-07 7.038537e-09 1.095746e-11
[1] 3.254414e-07 7.222414e-09 8.420619e-12
[1] 2.969777e-07 7.111774e-09 9.460449e-12
[1] 2.966835e-07 7.109014e-09 9.516996e-12
[1] 2.978373e-07 7.113967e-09 9.510423e-12
Algorithm converged after  161  iterations.
[1] 1.229994e-07 2.545668e-09 2.274065e-12
[1] 1.306390e-07 2.566430e-09 2.494114e-12
[1] 1.446645e-07 2.629194e-09 1.955791e-12
[1] 1.532175e-07 2.648847e-09 2.030303e-12
[1] 1.395950e-07 2.613317e-09 1.912068e-12
[1] 1.386239e-07 2.609084e-09 2.006951e-12
[1] 1.339580e-07 2.578535e-09 2.404078e-12
[1] 1.368011e-07 2.602637e-09 1.719431e-21
[1] 1.438250e-07 2.630387e-09 1.651867e-12
[1] 1.437397e-07 2.630392e-09 3.083192e-12
[1] 1.546050e-07 2.652914e-09 1.914517e-12
[1] 1.396992e-07 2.613369e-09 3.842058e-24
[1] 1.361209e-07 2.595417e-09 2.462948e-12
[1] 1.407019e-07 2.612072e-09 2.244056e-12
[1] 1.403765e-07 2.610541e-09 2.281726e-12
[1] 1.481189e-07 2.626225e-09 1.813388e-17
[1] 1.468141e-07 2.636375e-09 9.278745e-21
[1] 1.439106e-07 2.626295e-09 1.953987e-12
[1] 1.383405e-07 2.607171e-09 4.769180e-15
[1] 1.421771e-07 2.623412e-09 1.702577e-12
Algorithm did not converge after  200  iterations.
[1] 5.243188e-08 8.296500e-10 3.324226e-19
[1] 7.106725e-08 8.721254e-10 4.663195e-13
[1] 5.951276e-08 8.497462e-10 2.087763e-19
[1] 5.946127e-08 8.496230e-10 1.119739e-22
[1] 6.792809e-08 8.668985e-10 3.959090e-13
[1] 6.095326e-08 8.538095e-10 1.593005e-19
[1] 6.263977e-08 8.571524e-10 4.140163e-13
[1] 6.292902e-08 8.574595e-10 4.361037e-13
[1] 6.154298e-08 8.546587e-10 4.171036e-13
[1] 6.345014e-08 8.592331e-10 1.061621e-22
[1] 5.945241e-08 8.497656e-10 4.115582e-13
[1] 5.972750e-08 8.505905e-10 3.924222e-13
[1] 5.923934e-08 8.491693e-10 3.534092e-19
[1] 5.985181e-08 8.483974e-10 4.130418e-13
[1] 6.020107e-08 8.514939e-10 4.173565e-13
[1] 7.094267e-08 8.765868e-10 1.725562e-18
[1] 6.914754e-08 8.700961e-10 3.904147e-13
[1] 7.064327e-08 8.752510e-10 3.894537e-13
[1] 6.949773e-08 8.709293e-10 2.716637e-24
[1] 6.236371e-08 8.562362e-10 4.412879e-13
Algorithm did not converge after  200  iterations.
[1] 2.041721e-08 2.363816e-10 9.946881e-21
[1] 2.339576e-08 2.420634e-10 3.094496e-20
[1] 2.436200e-08 2.429001e-10 7.304025e-14
[1] 2.339144e-08 2.420429e-10 7.084430e-14
[1] 2.634894e-08 2.462168e-10 2.475799e-25
[1] 2.685671e-08 2.470345e-10 6.903220e-14
[1] 2.423373e-08 2.436650e-10 4.047419e-20
[1] 2.791833e-08 2.485921e-10 1.357583e-24
[1] 2.355027e-08 2.424112e-10 7.275305e-14
[1] 2.587803e-08 2.454061e-10 2.615681e-20
[1] 2.687407e-08 2.470990e-10 2.303542e-20
[1] 2.562327e-08 2.459156e-10 4.001049e-20
[1] 2.988790e-08 2.523757e-10 1.045010e-20
[1] 2.336775e-08 2.421201e-10 1.541236e-13
[1] 2.333053e-08 2.420742e-10 7.440413e-14
[1] 2.762712e-08 2.483845e-10 6.662421e-14
[1] 2.490923e-08 2.446590e-10 6.809092e-14
[1] 2.749797e-08 2.482153e-10 6.895016e-14
[1] 2.445019e-08 2.439574e-10 6.360451e-14
[1] 2.340898e-08 2.423156e-10 7.070950e-14
Algorithm did not converge after  200  iterations.
[1] 7.147611e-09 5.754706e-11 1.085909e-14
[1] 9.043297e-09 5.970063e-11 8.101545e-22
[1] 9.786807e-09 6.037976e-11 9.601652e-15
[1] 1.006425e-08 6.057731e-11 4.925026e-26
[1] 9.902120e-09 6.050723e-11 1.015310e-16
[1] 8.189683e-09 5.881675e-11 4.942331e-16
[1] 9.852568e-09 6.045523e-11 8.499824e-22
[1] 8.945299e-09 5.964498e-11 5.279480e-16
[1] 1.017279e-08 6.082621e-11 5.338077e-16
[1] 9.787015e-09 6.040364e-11 1.068173e-14
[1] 8.315285e-09 5.898439e-11 5.185477e-16
[1] 9.929749e-09 6.057150e-11 4.548552e-16
[1] 1.031991e-08 6.098195e-11 5.467747e-15
[1] 8.296593e-09 5.896939e-11 9.525707e-15
Algorithm converged after  136  iterations.
[1] 2.205027e-09 1.163209e-11 1.197417e-15
[1] 3.104405e-09 1.222448e-11 9.513687e-16
[1] 3.065939e-09 1.219525e-11 2.192519e-22
[1] 2.933180e-09 1.211389e-11 5.209341e-17
[1] 2.606641e-09 1.192632e-11 5.031542e-17
[1] 2.635483e-09 1.194798e-11 5.583640e-16
[1] 3.142637e-09 1.225985e-11 5.640610e-16
[1] 3.219014e-09 1.229408e-11 5.885542e-16
[1] 2.870534e-09 1.207649e-11 5.867214e-16
[1] 3.276868e-09 1.234328e-11 5.653907e-16
[1] 3.116758e-09 1.223715e-11 5.926654e-16
[1] 3.259877e-09 1.232759e-11 1.018954e-25
[1] 3.064890e-09 1.220694e-11 5.835190e-16
[1] 3.310840e-09 1.236960e-11 6.992861e-24
[1] 3.053140e-09 1.219516e-11 4.645918e-23
[1] 3.327079e-09 1.238154e-11 5.471012e-23
[1] 2.822226e-09 1.207243e-11 9.198664e-24
[1] 3.072700e-09 1.222997e-11 2.949286e-15
[1] 2.936526e-09 1.211560e-11 6.947363e-27
[1] 2.915201e-09 1.211630e-11 5.845743e-16
Algorithm did not converge after  200  iterations.
[1] 5.844848e-10 1.882284e-12 9.876639e-17
[1] 8.149756e-10 1.967597e-12 4.861009e-17
[1] 8.260857e-10 1.973552e-12 2.582171e-25
[1] 7.948376e-10 1.960834e-12 3.522186e-25
[1] 7.780713e-10 1.955061e-12 4.716744e-17
[1] 6.864813e-10 1.925096e-12 4.420111e-17
[1] 8.197823e-10 1.970443e-12 8.102024e-17
[1] 6.817518e-10 1.923908e-12 9.085896e-32
[1] 8.200881e-10 1.972013e-12 8.036323e-17
[1] 8.391977e-10 1.977437e-12 1.196638e-24
[1] 8.316594e-10 1.975180e-12 1.472643e-24
[1] 6.960584e-10 1.927273e-12 4.666743e-17
[1] 8.224287e-10 1.974102e-12 4.569745e-17
[1] 7.657447e-10 1.955459e-12 4.469270e-17
[1] 7.185284e-10 1.936529e-12 9.147438e-17
[1] 8.229308e-10 1.975397e-12 2.247682e-25
[1] 8.280277e-10 1.975955e-12 8.553513e-17
[1] 8.857762e-10 1.995416e-12 4.637911e-17
[1] 8.223639e-10 1.975515e-12 9.206227e-17
[1] 8.211627e-10 1.975590e-12 4.613136e-17
Algorithm did not converge after  200  iterations.
[1] 1.288625e-10 2.326550e-13 5.728717e-18
[1] 1.559967e-10 2.383292e-13 2.413625e-18
[1] 1.801644e-10 2.426570e-13 2.510869e-18
Algorithm converged after  24  iterations.
[1] 2.264796e-11 2.065556e-14 8.776271e-28
[1] 3.403645e-11 2.165983e-14 1.831286e-19
[1] 3.159762e-11 2.146398e-14 3.333930e-31
[1] 3.138130e-11 2.144498e-14 9.916882e-20
[1] 3.145056e-11 2.146098e-14 9.016873e-20
[1] 3.438618e-11 2.170624e-14 1.004977e-27
[1] 3.149561e-11 2.147227e-14 1.786280e-19
[1] 3.401600e-11 2.167701e-14 2.839398e-29
[1] 3.091115e-11 2.143400e-14 1.204715e-35
[1] 2.812950e-11 2.118005e-14 8.852372e-28
[1] 3.366584e-11 2.164433e-14 9.043022e-20
[1] 3.197584e-11 2.152937e-14 1.130532e-32
[1] 3.092914e-11 2.142935e-14 2.282756e-19
[1] 2.627942e-11 2.101546e-14 7.116079e-29
[1] 2.733969e-11 2.113908e-14 3.137138e-28
[1] 3.020489e-11 2.137369e-14 9.854035e-20
[1] 2.743672e-11 2.115256e-14 8.590580e-20
[1] 3.153541e-11 2.150194e-14 9.891539e-20
[1] 2.512000e-11 2.091701e-14 9.197557e-20
[1] 3.434991e-11 2.173586e-14 1.928913e-33
Algorithm did not converge after  200  iterations.
[1] 2.998467e-12 1.213460e-15 2.139596e-34
[1] 4.192482e-12 1.258139e-15 1.763861e-21
[1] 4.171279e-12 1.257300e-15 4.703352e-30
[1] 4.160256e-12 1.256877e-15 2.149020e-21
[1] 4.161632e-12 1.257082e-15 2.145921e-21
[1] 4.165560e-12 1.257356e-15 1.818142e-21
[1] 3.970510e-12 1.250215e-15 1.822039e-21
[1] 4.183879e-12 1.258040e-15 4.065596e-21
[1] 4.601324e-12 1.272416e-15 1.141434e-25
[1] 4.164800e-12 1.257708e-15 1.815380e-21
[1] 3.645009e-12 1.239836e-15 2.074311e-21
[1] 4.206396e-12 1.260175e-15 3.466319e-24
[1] 4.183974e-12 1.259573e-15 7.295096e-32
[1] 4.559566e-12 1.272075e-15 3.094379e-20
[1] 4.169635e-12 1.259250e-15 2.663181e-31
[1] 4.608231e-12 1.274415e-15 4.676876e-34
[1] 3.635066e-12 1.240856e-15 2.071210e-21
[1] 3.989374e-12 1.252827e-15 1.948758e-29
[1] 3.985071e-12 1.253650e-15 3.942148e-21
[1] 4.184648e-12 1.259891e-15 1.813253e-21
Algorithm did not converge after  200  iterations.
[1] 2.768417e-13 4.217548e-17 5.032299e-33
[1] 3.399146e-13 4.303086e-17 1.779928e-23
[1] 3.835343e-13 4.355674e-17 5.939778e-33
[1] 3.413218e-13 4.305323e-17 3.985636e-35
[1] 3.862515e-13 4.360142e-17 1.267921e-45
[1] 3.861870e-13 4.360219e-17 4.320285e-23
[1] 3.498639e-13 4.313892e-17 1.848628e-23
[1] 3.425800e-13 4.308026e-17 2.244551e-34
[1] 3.861193e-13 4.361170e-17 2.337012e-23
[1] 3.133575e-13 4.267055e-17 7.270861e-33
[1] 4.257501e-13 4.408058e-17 3.301119e-35
Algorithm converged after  107  iterations.
[1] 1.600060e-14 7.413994e-19 2.673435e-26
Algorithm converged after  10  iterations.
[1] 4.953464e-16 5.255740e-21 8.911337e-29
[1] 6.691033e-16 5.387214e-21 8.670990e-29
[1] 7.218025e-16 5.422502e-21 7.916249e-27
[1] 6.874625e-16 5.400350e-21 1.596851e-26
[1] 6.887463e-16 5.401463e-21 2.727249e-29
Algorithm converged after  43  iterations.
[1] 6.501695e-18 1.069638e-23 2.012805e-32
[1] 9.087966e-18 1.096705e-23 5.415022e-33
[1] 8.728415e-18 1.093304e-23 1.963057e-32
[1] 8.245465e-18 1.088342e-23 4.934396e-33
Algorithm converged after  38  iterations.
[1] 2.506113e-20 3.664066e-27 5.988421e-51
[1] 3.484905e-20 3.745648e-27 7.804036e-38
[1] 3.474429e-20 3.745343e-27 1.294877e-40
[1] 3.453577e-20 3.743799e-27 3.745605e-40
[1] 3.159383e-20 3.720520e-27 2.303335e-40
[1] 3.466892e-20 3.744680e-27 1.958838e-36
[1] 3.329963e-20 3.734201e-27 7.856017e-36
[1] 3.847254e-20 3.773855e-27 1.864108e-36
