myseed=6648 

Attaching package: ‘pls’

The following object is masked from ‘package:stats’:

    loadings

Loading required package: lattice
Loading required package: ggplot2
Registered S3 methods overwritten by 'ggplot2':
  method         from 
  [.quosures     rlang
  c.quosures     rlang
  print.quosures rlang

Attaching package: ‘caret’

The following object is masked from ‘package:pls’:

    R2

Loading required package: Matrix
Loading required package: foreach
Loaded glmnet 2.0-18

Parsed with column specification:
cols(
  .default = col_double()
)
See spec(...) for full column specifications.
Parsed with column specification:
cols(
  X1 = col_double()
)
Parsed with column specification:
cols(
  X1 = col_double()
)
[1] "Best 2step parameter is:"
   gam  rankJ rankA1 rankA2 rankA3 
    14      3      0      0      0 
[1] 0.004170207
Algorithm converged after  2  iterations.
[1] 0.003558391
Algorithm converged after  2  iterations.
[1] 0.003019456
Algorithm converged after  2  iterations.
[1] 0.002546707
Algorithm converged after  2  iterations.
[1] 0.00213399
Algorithm converged after  2  iterations.
[1] 0.001775601
Algorithm converged after  2  iterations.
[1] 0.001466225
Algorithm converged after  2  iterations.
[1] 0.001200894
Algorithm converged after  2  iterations.
[1] 0.0009749548
Algorithm converged after  2  iterations.
[1] 0.0007840549
Algorithm converged after  2  iterations.
[1] 0.0006241263
Algorithm converged after  2  iterations.
[1] 0.00049138
Algorithm converged after  2  iterations.
[1] 0.0003823025
Algorithm converged after  2  iterations.
[1] 0.0002936532
Algorithm converged after  2  iterations.
[1] 0.0002224638
Algorithm converged after  2  iterations.
[1] 0.0001660365
Algorithm converged after  2  iterations.
[1] 0.0001219418
Algorithm converged after  2  iterations.
[1] 8.801405e-05
Algorithm converged after  2  iterations.
[1] 6.234549e-05
Algorithm converged after  2  iterations.
[1] 4.327759e-05
Algorithm converged after  2  iterations.
[1] 2.939048e-05
Algorithm converged after  2  iterations.
[1] 1.949015e-05
Algorithm converged after  2  iterations.
[1] 1.259296e-05
Algorithm converged after  2  iterations.
[1] 7.906868e-06
Algorithm converged after  2  iterations.
[1] 4.809375e-06
Algorithm converged after  2  iterations.
[1] 2.823386e-06
Algorithm converged after  2  iterations.
[1] 1.592732e-06
Algorithm converged after  2  iterations.
[1] 8.589113e-07
Algorithm converged after  2  iterations.
[1] 4.400552e-07
Algorithm converged after  2  iterations.
[1] 1.072493e-14
Algorithm converged after  2  iterations.
[1] 5.403886e-08
Algorithm converged after  2  iterations.
[1] 2.12171e-08
Algorithm converged after  2  iterations.
[1] 7.613915e-09
Algorithm converged after  2  iterations.
[1] 2.452483e-09
Algorithm converged after  2  iterations.
[1] 6.941469e-10
Algorithm converged after  2  iterations.
[1] 1.681402e-10
Algorithm converged after  2  iterations.
[1] 3.370094e-11
Algorithm converged after  2  iterations.
[1] 5.349747e-12
Algorithm converged after  2  iterations.
[1] 2.52601e-13
Algorithm converged after  2  iterations.
[1] 1.732288e-13
Algorithm converged after  2  iterations.
[1] 9.676934e-15
Algorithm converged after  2  iterations.
[1] 2.885023e-16
Algorithm converged after  2  iterations.
[1] 3.629932e-18
Algorithm converged after  2  iterations.
[1] 1.333136e-20
Algorithm converged after  2  iterations.
[1] 7.733857e-24
Algorithm converged after  2  iterations.
[1] 2.348147e-28
Algorithm converged after  2  iterations.
[1] 4.101416e-35
Algorithm converged after  2  iterations.
[1] 2.391732e-46
Algorithm converged after  2  iterations.
[1] 9.170612e-69
Algorithm converged after  2  iterations.
[1] 7.079128e-136
Algorithm converged after  2  iterations.
[1] 0.1683545
Algorithm converged after  2  iterations.
[1] 0.004170207 0.000471839
[1] 0.0059969290 0.0008177132
Algorithm converged after  11  iterations.
[1] 0.0035583912 0.0003753088
Algorithm converged after  10  iterations.
[1] 0.0030194558 0.0002980496
Algorithm converged after  10  iterations.
[1] 0.0025467069 0.0002358181
Algorithm converged after  9  iterations.
[1] 0.0021339899 0.0001857135
Algorithm converged after  8  iterations.
[1] 0.0017756009 0.0001455664
Algorithm converged after  8  iterations.
[1] 0.0014662251 0.0001136056
Algorithm converged after  8  iterations.
[1] 1.200894e-03 8.830078e-05
Algorithm converged after  8  iterations.
[1] 9.749548e-04 6.833223e-05
Algorithm converged after  8  iterations.
[1] 7.840549e-04 5.260877e-05
Algorithm converged after  8  iterations.
[1] 0.0006241263 0.0000402582
Algorithm converged after  8  iterations.
[1] 4.913800e-04 3.059022e-05
Algorithm converged after  8  iterations.
[1] 3.823025e-04 2.305636e-05
Algorithm converged after  8  iterations.
[1] 2.936532e-04 1.721776e-05
Algorithm converged after  8  iterations.
[1] 2.224638e-04 1.272131e-05
Algorithm converged after  8  iterations.
[1] 1.660365e-04 9.282119e-06
Algorithm converged after  8  iterations.
[1] 1.219418e-04 6.670796e-06
Algorithm converged after  8  iterations.
[1] 8.801405e-05 4.704025e-06
Algorithm converged after  8  iterations.
[1] 6.234549e-05 3.237510e-06
Algorithm converged after  8  iterations.
[1] 4.327759e-05 2.159916e-06
Algorithm converged after  8  iterations.
[1] 2.939048e-05 1.386161e-06
Algorithm converged after  8  iterations.
[1] 1.949015e-05 8.494522e-07
Algorithm converged after  8  iterations.
[1] 1.259296e-05 4.940049e-07
Algorithm converged after  8  iterations.
[1] 7.906868e-06 2.713026e-07
Algorithm converged after  8  iterations.
[1] 4.809375e-06 1.400969e-07
Algorithm converged after  8  iterations.
[1] 2.823386e-06 6.771310e-08
Algorithm converged after  8  iterations.
[1] 1.592732e-06 3.046554e-08
Algorithm converged after  8  iterations.
[1] 8.589113e-07 1.267258e-08
Algorithm converged after  8  iterations.
[1] 4.400552e-07 4.831944e-09
Algorithm converged after  8  iterations.
[1] 1.072493e-14 7.587563e-10
Algorithm converged after  7  iterations.
[1] 5.403886e-08 8.800584e-10
Algorithm converged after  5  iterations.
[1] 2.121710e-08 4.106687e-10
Algorithm converged after  5  iterations.
[1] 7.613915e-09 1.402814e-10
Algorithm converged after  5  iterations.
[1] 2.452483e-09 3.868798e-11
Algorithm converged after  6  iterations.
[1] 6.941469e-10 8.608662e-12
Algorithm converged after  6  iterations.
[1] 1.681402e-10 1.507992e-12
Algorithm converged after  6  iterations.
[1] 3.370094e-11 1.996408e-13
Algorithm converged after  6  iterations.
[1] 5.349747e-12 1.884961e-14
Algorithm converged after  6  iterations.
[1] 2.526010e-13 4.165268e-17
Algorithm converged after  7  iterations.
[1] 1.732288e-13 8.754509e-19
Algorithm converged after  6  iterations.
[1] 9.676934e-15 1.013856e-20
Algorithm converged after  5  iterations.
[1] 2.885023e-16 4.427480e-23
Algorithm converged after  5  iterations.
[1] 3.629932e-18 5.075057e-26
Algorithm converged after  5  iterations.
[1] 1.333136e-20 8.646879e-30
Algorithm converged after  5  iterations.
[1] 7.733857e-24 8.496983e-35
Algorithm converged after  4  iterations.
[1] 2.348147e-28 8.779806e-42
Algorithm converged after  4  iterations.
[1] 4.101416e-35 3.184751e-52
Algorithm converged after  4  iterations.
[1] 2.391732e-46 1.471359e-69
Algorithm converged after  4  iterations.
[1]  9.170612e-69 4.281516e-104
Algorithm converged after  5  iterations.
[1] 7.079128e-136 2.802791e-207
Algorithm converged after  5  iterations.
[1] 0.1628434
Algorithm converged after  2  iterations.
[1] 0.0041702065 0.0003657863
[1] 0.0046494426 0.0004048516
[1] 0.0046381533 0.0004048669
[1] 0.004633963 0.000404882
[1] 0.0046324850 0.0004048884
[1] 0.0046319676 0.0004048907
[1] 0.0046317870 0.0004048916
Algorithm converged after  69  iterations.
[1] 0.0035583912 0.0002746901
[1] 0.0039246105 0.0003035078
[1] 0.0038386125 0.0003069877
[1] 0.0037685710 0.0003107343
[1] 0.0037207892 0.0003136635
[1] 0.0036922145 0.0003155436
[1] 0.0036765861 0.0003166099
[1] 0.003668485 0.000317173
[1] 0.0036644069 0.0003174589
[1] 0.0036623856 0.0003176013
[1] 0.0036613914 0.0003176715
[1] 0.003660904 0.000317706
[1] 0.0036606660 0.0003177228
[1] 0.0036605496 0.0003177311
[1] 0.0036604927 0.0003177351
Algorithm converged after  143  iterations.
[1] 0.0030194558 0.0002043527
[1] 0.0032376270 0.0002343826
[1] 0.0029569742 0.0002638431
[1] 0.0029510413 0.0002639655
Algorithm converged after  31  iterations.
[1] 0.0025467069 0.0001505139
[1] 0.0025226232 0.0001932008
[1] 0.0023656768 0.0002213994
[1] 0.0023516550 0.0002246186
[1] 0.0023507843 0.0002248943
[1] 0.0023507082 0.0002249195
[1] 0.0023507014 0.0002249218
Algorithm converged after  65  iterations.
[1] 0.0021339899 0.0001096904
[1] 0.0021356192 0.0001504146
[1] 0.0021301077 0.0001486809
[1] 0.002129828 0.000148525
[1] 0.0021298054 0.0001485116
[1] 0.0021298034 0.0001485104
Algorithm converged after  54  iterations.
[1] 1.775601e-03 7.905041e-05
[1] 0.0017784728 0.0001151158
Algorithm converged after  14  iterations.
[1] 1.466225e-03 5.630689e-05
Algorithm converged after  10  iterations.
[1] 1.200894e-03 3.962719e-05
Algorithm converged after  9  iterations.
[1] 9.749548e-04 2.755681e-05
Algorithm converged after  8  iterations.
[1] 7.840549e-04 1.895694e-05
Algorithm converged after  7  iterations.
[1] 6.241263e-04 1.296228e-05
Algorithm converged after  7  iterations.
[1] 4.913800e-04 8.996609e-06
Algorithm converged after  7  iterations.
[1] 3.823025e-04 6.551163e-06
Algorithm converged after  7  iterations.
[1] 2.936532e-04 4.939885e-06
Algorithm converged after  9  iterations.
[1] 2.224638e-04 3.810086e-06
Algorithm converged after  9  iterations.
[1] 1.660365e-04 2.988692e-06
Algorithm converged after  9  iterations.
[1] 1.219418e-04 2.373196e-06
Algorithm converged after  9  iterations.
[1] 8.801405e-05 1.896216e-06
Algorithm converged after  8  iterations.
[1] 6.234549e-05 1.511263e-06
Algorithm converged after  8  iterations.
[1] 4.327759e-05 1.187216e-06
Algorithm converged after  7  iterations.
[1] 2.939048e-05 9.066825e-07
Algorithm converged after  6  iterations.
[1] 1.949015e-05 6.642472e-07
Algorithm converged after  6  iterations.
[1] 1.259296e-05 4.618862e-07
Algorithm converged after  6  iterations.
[1] 7.906868e-06 3.026095e-07
Algorithm converged after  6  iterations.
[1] 4.809375e-06 1.858730e-07
Algorithm converged after  6  iterations.
[1] 2.823386e-06 1.066092e-07
Algorithm converged after  6  iterations.
[1] 1.592732e-06 5.685493e-08
Algorithm converged after  6  iterations.
[1] 8.589113e-07 2.804325e-08
Algorithm converged after  6  iterations.
[1] 4.400552e-07 1.270508e-08
Algorithm converged after  6  iterations.
[1] 1.072493e-14 4.053521e-09
Algorithm converged after  6  iterations.
[1] 5.403886e-08 1.856554e-09
Algorithm converged after  6  iterations.
[1] 2.121710e-08 7.152203e-10
Algorithm converged after  6  iterations.
[1] 7.613915e-09 2.199679e-10
Algorithm converged after  6  iterations.
[1] 2.452483e-09 5.616322e-11
Algorithm converged after  6  iterations.
[1] 6.941469e-10 1.173456e-11
Algorithm converged after  6  iterations.
[1] 1.681402e-10 1.946125e-12
Algorithm converged after  6  iterations.
[1] 3.370094e-11 2.451900e-13
Algorithm converged after  6  iterations.
[1] 5.349747e-12 2.210618e-14
Algorithm converged after  6  iterations.
[1] 2.526010e-13 4.849499e-16
Algorithm converged after  4  iterations.
[1] 1.732288e-13 3.221406e-17
Algorithm converged after  6  iterations.
[1] 9.676934e-15 5.572640e-19
Algorithm converged after  6  iterations.
[1] 2.885023e-16 3.865121e-21
Algorithm converged after  6  iterations.
[1] 3.629932e-18 7.636846e-24
Algorithm converged after  6  iterations.
[1] 1.333136e-20 2.512059e-27
Algorithm converged after  5  iterations.
[1] 7.733857e-24 5.619471e-32
Algorithm converged after  5  iterations.
[1] 2.348147e-28 1.706334e-38
Algorithm converged after  5  iterations.
[1] 4.101416e-35 2.802411e-48
Algorithm converged after  5  iterations.
[1] 2.391732e-46 1.350911e-64
Algorithm converged after  5  iterations.
[1] 9.170612e-69 3.061134e-97
Algorithm converged after  5  iterations.
[1] 7.079128e-136 3.477733e-195
Algorithm converged after  5  iterations.
[1] 0.1609254
Algorithm converged after  2  iterations.
[1] 0.0041702065 0.0004592487
[1] 0.005587455 0.001144406
Algorithm converged after  18  iterations.
[1] 0.0035583912 0.0003680841
[1] 0.0046417619 0.0009220438
Algorithm converged after  16  iterations.
[1] 0.0030194558 0.0002921428
[1] 0.0038438449 0.0007392116
Algorithm converged after  15  iterations.
[1] 0.0025467069 0.0002293732
[1] 0.0031710133 0.0005894066
Algorithm converged after  15  iterations.
[1] 0.0021339899 0.0001779832
[1] 0.0026057157 0.0004662376
Algorithm converged after  14  iterations.
[1] 0.0017756009 0.0001363671
[1] 0.0021314513 0.0003647254
Algorithm converged after  13  iterations.
[1] 0.0014662251 0.0001030719
[1] 0.0017322795 0.0002827501
Algorithm converged after  12  iterations.
[1] 1.200894e-03 7.678273e-05
[1] 0.0013970563 0.0002180415
Algorithm converged after  13  iterations.
[1] 9.749548e-04 5.631868e-05
[1] 0.0011176391 0.0001672798
Algorithm converged after  13  iterations.
[1] 7.840549e-04 4.063088e-05
[1] 0.0008866345 0.0001271422
Algorithm converged after  13  iterations.
[1] 6.241263e-04 2.880129e-05
[1] 6.969516e-04 9.528896e-05
Algorithm converged after  12  iterations.
[1] 4.913800e-04 2.004019e-05
[1] 5.423050e-04 6.973597e-05
Algorithm converged after  12  iterations.
[1] 3.823025e-04 1.368397e-05
[1] 4.171132e-04 4.985897e-05
Algorithm converged after  13  iterations.
[1] 2.936532e-04 9.209316e-06
Algorithm converged after  8  iterations.
[1] 2.224638e-04 6.295169e-06
Algorithm converged after  9  iterations.
[1] 1.660365e-04 4.495304e-06
Algorithm converged after  8  iterations.
[1] 1.219418e-04 3.341667e-06
Algorithm converged after  8  iterations.
[1] 8.801405e-05 2.571110e-06
Algorithm converged after  8  iterations.
[1] 6.234549e-05 2.028808e-06
Algorithm converged after  8  iterations.
[1] 4.327759e-05 1.616799e-06
Algorithm converged after  7  iterations.
[1] 2.939048e-05 1.275096e-06
Algorithm converged after  7  iterations.
[1] 1.949015e-05 9.748089e-07
Algorithm converged after  7  iterations.
[1] 1.259296e-05 7.106062e-07
Algorithm converged after  7  iterations.
[1] 7.906868e-06 4.886839e-07
Algorithm converged after  7  iterations.
[1] 4.809375e-06 3.150835e-07
Algorithm converged after  7  iterations.
[1] 2.823386e-06 1.897183e-07
Algorithm converged after  7  iterations.
[1] 1.592732e-06 1.062998e-07
Algorithm converged after  7  iterations.
[1] 8.589113e-07 5.518213e-08
Algorithm converged after  7  iterations.
[1] 4.400552e-07 2.638485e-08
Algorithm converged after  7  iterations.
[1] 1.072493e-14 8.469802e-09
Algorithm converged after  9  iterations.
[1] 5.403886e-08 9.331015e-09
Algorithm converged after  8  iterations.
[1] 2.121710e-08 3.275423e-09
Algorithm converged after  8  iterations.
[1] 7.613915e-09 9.751600e-10
Algorithm converged after  8  iterations.
[1] 2.452483e-09 2.468794e-10
Algorithm converged after  8  iterations.
[1] 6.941469e-10 5.201209e-11
Algorithm converged after  8  iterations.
[1] 1.681402e-10 8.826398e-12
Algorithm converged after  8  iterations.
[1] 3.370094e-11 1.154590e-12
Algorithm converged after  8  iterations.
[1] 5.349747e-12 1.098026e-13
Algorithm converged after  8  iterations.
[1] 2.526010e-13 1.885488e-14
Algorithm converged after  5  iterations.
[1] 1.732288e-13 2.168675e-16
Algorithm converged after  7  iterations.
[1] 9.676934e-15 4.726129e-18
Algorithm converged after  7  iterations.
[1] 2.885023e-16 4.337532e-20
Algorithm converged after  7  iterations.
[1] 3.629932e-18 1.212403e-22
Algorithm converged after  7  iterations.
[1] 1.333136e-20 6.200409e-26
Algorithm converged after  7  iterations.
[1] 7.733857e-24 2.480806e-30
Algorithm converged after  7  iterations.
[1] 2.348147e-28 1.681913e-36
Algorithm converged after  6  iterations.
[1] 4.101416e-35 9.056298e-46
Algorithm converged after  6  iterations.
[1] 2.391732e-46 3.061587e-61
Algorithm converged after  6  iterations.
[1] 9.170612e-69 3.191828e-92
Algorithm converged after  6  iterations.
[1] 7.079128e-136 2.850146e-185
Algorithm converged after  6  iterations.
[1] 0.1583048
Algorithm converged after  2  iterations.
[1] 0.0041702065 0.0007689595
Algorithm converged after  2  iterations.
[1] 0.0035583912 0.0006227019
Algorithm converged after  2  iterations.
[1] 0.0030194558 0.0004995374
Algorithm converged after  2  iterations.
[1] 0.0025467069 0.0003969836
Algorithm converged after  2  iterations.
[1] 0.0021339899 0.0003125285
Algorithm converged after  2  iterations.
[1] 0.0017756009 0.0002437506
Algorithm converged after  2  iterations.
[1] 0.001466225 0.000188395
Algorithm converged after  2  iterations.
[1] 0.0012008936 0.0001444242
Algorithm converged after  2  iterations.
[1] 0.0009749548 0.0001100717
Algorithm converged after  2  iterations.
[1] 7.840549e-04 8.396452e-05
Algorithm converged after  2  iterations.
[1] 6.241263e-04 6.536935e-05
Algorithm converged after  2  iterations.
[1] 4.91380e-04 5.27669e-05
Algorithm converged after  2  iterations.
[1] 3.823025e-04 4.368596e-05
Algorithm converged after  2  iterations.
[1] 2.936532e-04 3.678056e-05
Algorithm converged after  2  iterations.
[1] 0.0002224638 0.0000313420
Algorithm converged after  2  iterations.
[1] 1.660365e-04 2.692285e-05
Algorithm converged after  2  iterations.
[1] 0.0001219418 0.0000232005
Algorithm converged after  2  iterations.
[1] 8.801405e-05 1.992263e-05
Algorithm converged after  2  iterations.
[1] 6.234549e-05 1.689363e-05
Algorithm converged after  2  iterations.
[1] 4.327759e-05 1.398984e-05
Algorithm converged after  2  iterations.
[1] 2.939048e-05 1.118499e-05
Algorithm converged after  2  iterations.
[1] 1.949015e-05 8.550741e-06
Algorithm converged after  2  iterations.
[1] 1.259296e-05 6.210469e-06
Algorithm converged after  2  iterations.
[1] 7.906868e-06 4.270639e-06
Algorithm converged after  2  iterations.
[1] 4.809375e-06 2.775313e-06
Algorithm converged after  2  iterations.
[1] 2.823386e-06 1.701703e-06
Algorithm converged after  2  iterations.
[1] 1.592732e-06 9.821820e-07
Algorithm converged after  2  iterations.
[1] 8.589113e-07 5.317013e-07
Algorithm converged after  2  iterations.
[1] 4.400552e-07 2.685693e-07
Algorithm converged after  2  iterations.
[1] 1.072493e-14 5.008087e-19
Algorithm converged after  2  iterations.
[1] 5.403886e-08 9.566205e-08
Algorithm converged after  2  iterations.
[1] 2.121710e-08 3.891898e-08
Algorithm converged after  2  iterations.
[1] 7.613915e-09 1.365946e-08
Algorithm converged after  2  iterations.
[1] 2.452483e-09 4.172335e-09
Algorithm converged after  2  iterations.
[1] 6.941469e-10 1.090084e-09
Algorithm converged after  2  iterations.
[1] 1.681402e-10 2.370118e-10
Algorithm converged after  2  iterations.
[1] 3.370094e-11 4.131625e-11
Algorithm converged after  2  iterations.
[1] 5.349747e-12 5.494377e-12
Algorithm converged after  2  iterations.
[1] 2.526010e-13 5.761644e-16
Algorithm converged after  2  iterations.
[1] 1.732288e-13 1.787818e-14
Algorithm converged after  2  iterations.
[1] 9.676934e-15 6.320548e-16
Algorithm converged after  2  iterations.
[1] 2.885023e-16 1.059899e-17
Algorithm converged after  2  iterations.
[1] 3.629932e-18 6.376714e-20
Algorithm converged after  2  iterations.
[1] 1.333136e-20 8.875289e-23
Algorithm converged after  2  iterations.
[1] 7.733857e-24 1.375280e-26
Algorithm converged after  2  iterations.
[1] 2.348147e-28 6.360467e-32
Algorithm converged after  2  iterations.
[1] 4.101416e-35 6.310288e-40
Algorithm converged after  2  iterations.
[1] 2.391732e-46 2.885505e-53
Algorithm converged after  2  iterations.
[1] 9.170612e-69 6.039839e-80
Algorithm converged after  2  iterations.
[1] 7.079128e-136 5.635823e-160
Algorithm converged after  2  iterations.
[1] 0.1448905
Algorithm converged after  2  iterations.
[1] 0.0041702065 0.0004718390 0.0001831894
[1] 0.0044344001 0.0005048621 0.0002119334
Algorithm converged after  13  iterations.
[1] 0.0035583912 0.0003753088 0.0001511112
[1] 0.0038630365 0.0003986730 0.0001645591
Algorithm converged after  13  iterations.
[1] 0.0030194558 0.0002980496 0.0001202863
[1] 0.0033778825 0.0003154531 0.0001252261
Algorithm converged after  12  iterations.
[1] 2.546707e-03 2.358181e-04 9.436993e-05
[1] 0.0029695030 0.0002490334 0.0000940491
Algorithm converged after  12  iterations.
[1] 2.133990e-03 1.857135e-04 7.429534e-05
[1] 2.655207e-03 1.975505e-04 7.093896e-05
Algorithm converged after  13  iterations.
[1] 1.775601e-03 1.455664e-04 5.965009e-05
[1] 2.435699e-03 1.641346e-04 6.093595e-05
Algorithm converged after  14  iterations.
[1] 1.466225e-03 1.136056e-04 4.868486e-05
Algorithm converged after  10  iterations.
[1] 1.200894e-03 8.830078e-05 3.919720e-05
Algorithm converged after  10  iterations.
[1] 9.749548e-04 6.833223e-05 3.062111e-05
Algorithm converged after  9  iterations.
[1] 7.840549e-04 5.260877e-05 2.317446e-05
Algorithm converged after  9  iterations.
[1] 6.241263e-04 4.025820e-05 1.703097e-05
Algorithm converged after  9  iterations.
[1] 4.913800e-04 3.059022e-05 1.217880e-05
Algorithm converged after  9  iterations.
[1] 3.823025e-04 2.305636e-05 8.483096e-06
Algorithm converged after  9  iterations.
[1] 2.936532e-04 1.721776e-05 5.756375e-06
Algorithm converged after  9  iterations.
[1] 2.224638e-04 1.272131e-05 3.803194e-06
Algorithm converged after  9  iterations.
[1] 1.660365e-04 9.282119e-06 2.443863e-06
Algorithm converged after  9  iterations.
[1] 1.219418e-04 6.670796e-06 1.524973e-06
Algorithm converged after  9  iterations.
[1] 8.801405e-05 4.704025e-06 9.222811e-07
Algorithm converged after  9  iterations.
[1] 6.234549e-05 3.237510e-06 5.393793e-07
Algorithm converged after  9  iterations.
[1] 4.327759e-05 2.159916e-06 3.042614e-07
Algorithm converged after  9  iterations.
[1] 2.939048e-05 1.386161e-06 1.650813e-07
Algorithm converged after  9  iterations.
[1] 1.949015e-05 8.494522e-07 8.587708e-08
Algorithm converged after  9  iterations.
[1] 1.259296e-05 4.940049e-07 4.267667e-08
Algorithm converged after  9  iterations.
[1] 7.906868e-06 2.713026e-07 2.017080e-08
Algorithm converged after  9  iterations.
[1] 4.809375e-06 1.400969e-07 9.018929e-09
Algorithm converged after  9  iterations.
[1] 2.823386e-06 6.771310e-08 3.790446e-09
Algorithm converged after  9  iterations.
[1] 1.592732e-06 3.046554e-08 1.485890e-09
Algorithm converged after  9  iterations.
[1] 8.589113e-07 1.267258e-08 5.383511e-10
Algorithm converged after  9  iterations.
[1] 4.400552e-07 4.831944e-09 1.783168e-10
Algorithm converged after  8  iterations.
[1] 1.072493e-14 7.587563e-10 1.044471e-10
[1] 2.137918e-07 1.141023e-09 6.010595e-11
Algorithm converged after  17  iterations.
[1] 5.403886e-08 8.800584e-10 1.496772e-11
Algorithm converged after  5  iterations.
[1] 2.121710e-08 4.106687e-10 3.360330e-12
Algorithm converged after  6  iterations.
[1] 7.613915e-09 1.402814e-10 6.506786e-13
Algorithm converged after  6  iterations.
[1] 2.452483e-09 3.868798e-11 1.047199e-13
Algorithm converged after  6  iterations.
[1] 6.941469e-10 8.608662e-12 1.349317e-14
Algorithm converged after  6  iterations.
[1] 1.681402e-10 1.507992e-12 9.843911e-29
[1] 2.295320e-10 1.636091e-12 1.347278e-15
[1] 2.021623e-10 1.577179e-12 1.339292e-15
Algorithm converged after  29  iterations.
[1] 3.370094e-11 1.996408e-13 4.229244e-30
[1] 4.720531e-11 2.169296e-13 9.668275e-17
[1] 4.448234e-11 2.140394e-13 9.473073e-17
[1] 3.561638e-11 2.018896e-13 9.597601e-17
Algorithm converged after  40  iterations.
[1] 5.349747e-12 1.884961e-14 5.778112e-34
[1] 7.877961e-12 2.068416e-14 4.578101e-18
[1] 7.955888e-12 2.076008e-14 4.557303e-18
Algorithm converged after  24  iterations.
[1] 2.526010e-13 4.165268e-17 1.735035e-19
[1] 2.635014e-13 1.671770e-16 1.563359e-19
Algorithm converged after  13  iterations.
[1] 1.732288e-13 8.754509e-19 2.058408e-21
Algorithm converged after  6  iterations.
[1] 9.676934e-15 1.013856e-20 1.355294e-23
Algorithm converged after  6  iterations.
[1] 2.885023e-16 4.427480e-23 2.927770e-26
Algorithm converged after  5  iterations.
[1] 3.629932e-18 5.075057e-26 1.366428e-29
Algorithm converged after  5  iterations.
[1] 1.333136e-20 8.646879e-30 7.146479e-34
Algorithm converged after  5  iterations.
[1] 7.733857e-24 8.496983e-35 1.402726e-39
Algorithm converged after  5  iterations.
[1] 2.348147e-28 8.779806e-42 1.110153e-68
[1] 2.705971e-28 8.781281e-42 4.337527e-52
Algorithm converged after  17  iterations.
[1] 4.101416e-35 3.184751e-52 2.670858e-70
Algorithm converged after  9  iterations.
[1] 2.391732e-46 1.471359e-69 7.821230e-99
[1] 1.829543e-46 1.480315e-69 1.090794e-98
[1] 2.030848e-46 1.477001e-69 6.842159e-85
[1] 1.935442e-46 1.478598e-69 2.809664e-87
[1] 2.047577e-46 1.476760e-69 1.660943e-79
[1] 2.122926e-46 1.475584e-69 4.124843e-85
[1] 2.297972e-46 1.472941e-69 1.089706e-98
[1] 1.935985e-46 1.478695e-69 2.371708e-86
[1] 2.124588e-46 1.475674e-69 1.089462e-98
[1] 2.119092e-46 1.475761e-69 5.402840e-93
[1] 2.077529e-46 1.476454e-69 8.168919e-99
[1] 2.047641e-46 1.476926e-69 1.660692e-79
[1]  2.295933e-46  1.473083e-69 6.030695e-109
[1]  2.042412e-46  1.477145e-69 9.692995e-174
[1] 2.073762e-46 1.476879e-69 5.924628e-93
[1] 2.047685e-46 1.477304e-69 1.099516e-98
[1]  2.034052e-46  1.477559e-69 5.162148e-118
[1] 2.042782e-46 1.477438e-69 8.210691e-99
[1] 2.290506e-46 1.473560e-69 1.588537e-90
[1] 1.936628e-46 1.479237e-69 2.809770e-87
Algorithm did not converge after  200  iterations.
[1]  9.170612e-69 4.281516e-104 4.691139e-148
Algorithm converged after  6  iterations.
[1] 7.079128e-136 2.802791e-207 1.861369e-257
Algorithm converged after  6  iterations.
[1] 0.160854
Algorithm converged after  2  iterations.
[1] 0.0041702065 0.0003657863 0.0000780750
Algorithm converged after  9  iterations.
[1] 3.558391e-03 2.746901e-04 5.982089e-05
Algorithm converged after  8  iterations.
[1] 3.019456e-03 2.043527e-04 4.561989e-05
Algorithm converged after  7  iterations.
[1] 2.546707e-03 1.505139e-04 3.468814e-05
Algorithm converged after  7  iterations.
[1] 2.133990e-03 1.096904e-04 2.635385e-05
Algorithm converged after  9  iterations.
[1] 1.775601e-03 7.905041e-05 2.005628e-05
[1] 1.936284e-03 7.920545e-05 1.898859e-05
Algorithm converged after  20  iterations.
[1] 1.466225e-03 5.630689e-05 1.534557e-05
[1] 1.606251e-03 5.684302e-05 1.446684e-05
[1] 1.615537e-03 5.715875e-05 1.441429e-05
[1] 1.621506e-03 5.736671e-05 1.436069e-05
[1] 0.0016249915 0.0000574926 0.0000143179
[1] 1.626906e-03 5.756528e-05 1.428672e-05
[1] 1.627906e-03 5.760603e-05 1.426476e-05
[1] 1.628401e-03 5.762841e-05 1.424940e-05
[1] 1.628627e-03 5.764048e-05 1.423862e-05
[1] 1.628715e-03 5.764686e-05 1.423099e-05
[1] 1.628735e-03 5.765013e-05 1.422555e-05
[1] 1.628725e-03 5.765175e-05 1.422163e-05
[1] 1.628703e-03 5.765249e-05 1.421878e-05
[1] 1.628679e-03 5.765278e-05 1.421671e-05
[1] 1.628657e-03 5.765286e-05 1.421518e-05
[1] 1.628637e-03 5.765283e-05 1.421406e-05
[1] 1.628622e-03 5.765277e-05 1.421323e-05
[1] 1.628609e-03 5.765270e-05 1.421262e-05
[1] 1.628600e-03 5.765263e-05 1.421216e-05
[1] 1.628592e-03 5.765257e-05 1.421182e-05
Algorithm did not converge after  200  iterations.
[1] 1.200894e-03 3.962719e-05 1.188837e-05
[1] 1.436014e-03 4.343957e-05 1.256857e-05
[1] 1.489785e-03 4.521318e-05 1.220644e-05
[1] 1.509934e-03 4.603772e-05 1.183097e-05
[1] 1.516440e-03 4.642359e-05 1.160523e-05
[1] 1.517747e-03 4.660075e-05 1.147100e-05
[1] 1.517253e-03 4.668048e-05 1.138956e-05
[1] 1.516288e-03 4.671529e-05 1.133907e-05
[1] 1.515340e-03 4.672974e-05 1.130706e-05
[1] 1.514558e-03 4.673522e-05 1.128635e-05
[1] 1.513960e-03 4.673688e-05 1.127274e-05
[1] 1.513522e-03 4.673703e-05 1.126368e-05
[1] 1.513208e-03 4.673667e-05 1.125759e-05
[1] 1.512986e-03 4.673620e-05 1.125348e-05
[1] 1.512831e-03 4.673578e-05 1.125069e-05
[1] 1.512723e-03 4.673544e-05 1.124879e-05
[1] 1.512649e-03 4.673519e-05 1.124749e-05
[1] 0.0015125971 0.0000467350 0.0000112466
[1] 1.512562e-03 4.673487e-05 1.124600e-05
[1] 1.512537e-03 4.673477e-05 1.124558e-05
Algorithm did not converge after  200  iterations.
[1] 9.749548e-04 2.755681e-05 9.513996e-06
[1] 1.252233e-03 3.187809e-05 1.231385e-05
[1] 1.140042e-03 3.212537e-05 9.709144e-06
[1] 1.271902e-03 3.258566e-05 8.159381e-06
[1] 1.259008e-03 3.297059e-05 8.481702e-06
[1] 1.261722e-03 3.328505e-05 8.759099e-06
[1] 1.254831e-03 3.347226e-05 8.686224e-06
[1] 1.250099e-03 3.359856e-05 8.646341e-06
[1] 1.246150e-03 3.367972e-05 8.612588e-06
[1] 1.242930e-03 3.373081e-05 8.584555e-06
[1] 1.240338e-03 3.376238e-05 8.561577e-06
[1] 1.238264e-03 3.378151e-05 8.542906e-06
[1] 1.236613e-03 3.379285e-05 8.527824e-06
[1] 1.235295e-03 3.379934e-05 8.515578e-06
[1] 1.234250e-03 3.380289e-05 8.505769e-06
[1] 1.233423e-03 3.380470e-05 8.497970e-06
[1] 1.232780e-03 3.380555e-05 8.491917e-06
[1] 1.232267e-03 3.380584e-05 8.487081e-06
[1] 1.231858e-03 3.380580e-05 8.483189e-06
[1] 1.231530e-03 3.380561e-05 8.480061e-06
Algorithm did not converge after  200  iterations.
[1] 7.840549e-04 1.895694e-05 8.318772e-06
[1] 8.399766e-04 2.373345e-05 1.567710e-05
[1] 8.395032e-04 2.372829e-05 1.567020e-05
Algorithm converged after  21  iterations.
[1] 6.241263e-04 1.296228e-05 7.804433e-06
[1] 6.844123e-04 1.432910e-05 9.054581e-06
[1] 6.840651e-04 1.432780e-05 9.050408e-06
Algorithm converged after  21  iterations.
[1] 4.913800e-04 8.996609e-06 6.858571e-06
[1] 5.514107e-04 9.020830e-06 5.954999e-06
Algorithm converged after  16  iterations.
[1] 3.823025e-04 6.551163e-06 4.815906e-06
[1] 4.224838e-04 6.655922e-06 4.997051e-06
Algorithm converged after  15  iterations.
[1] 2.936532e-04 4.939885e-06 3.119808e-06
[1] 3.208659e-04 5.159874e-06 3.261754e-06
Algorithm converged after  12  iterations.
[1] 2.224638e-04 3.810086e-06 1.952359e-06
[1] 2.406362e-04 4.065394e-06 2.039073e-06
Algorithm converged after  16  iterations.
[1] 1.660365e-04 2.988692e-06 1.187490e-06
[1] 1.778593e-04 3.228632e-06 1.238170e-06
Algorithm converged after  17  iterations.
[1] 1.219418e-04 2.373196e-06 7.022013e-07
[1] 1.294081e-04 2.575369e-06 7.311878e-07
Algorithm converged after  18  iterations.
[1] 8.801405e-05 1.896216e-06 4.031484e-07
[1] 9.266748e-05 2.055102e-06 4.194515e-07
Algorithm converged after  17  iterations.
[1] 6.234549e-05 1.511263e-06 2.242574e-07
[1] 6.534788e-05 1.629966e-06 2.332382e-07
Algorithm converged after  16  iterations.
[1] 4.327759e-05 1.187216e-06 1.205714e-07
[1] 4.538177e-05 1.272487e-06 1.253544e-07
Algorithm converged after  14  iterations.
[1] 2.939048e-05 9.066825e-07 6.248004e-08
[1] 3.099205e-05 9.660298e-07 6.490246e-08
Algorithm converged after  12  iterations.
[1] 1.949015e-05 6.642472e-07 3.110186e-08
[1] 2.075956e-05 7.044185e-07 3.225330e-08
Algorithm converged after  11  iterations.
[1] 1.259296e-05 4.618862e-07 1.481107e-08
[1] 1.503066e-05 5.224433e-07 1.330605e-08
Algorithm converged after  14  iterations.
[1] 7.906868e-06 3.026095e-07 6.713550e-09
[1] 8.716050e-06 3.212942e-07 6.869399e-09
[1] 8.707407e-06 3.215822e-07 6.118109e-09
[1] 8.527153e-06 3.198452e-07 7.243700e-09
[1] 8.423795e-06 3.189152e-07 7.382102e-09
Algorithm converged after  47  iterations.
[1] 4.809375e-06 1.858730e-07 2.879290e-09
[1] 5.536618e-06 1.979598e-07 2.585293e-09
[1] 6.099172e-06 2.020186e-07 2.780779e-09
[1] 5.623071e-06 2.011890e-07 2.689263e-09
Algorithm converged after  32  iterations.
[1] 2.823386e-06 1.066092e-07 1.160269e-09
[1] 3.626686e-06 1.170720e-07 1.008707e-09
[1] 3.626295e-06 1.170721e-07 1.008673e-09
Algorithm converged after  23  iterations.
[1] 1.592732e-06 5.685493e-08 4.357742e-10
[1] 2.042100e-06 6.170952e-08 3.788202e-10
Algorithm converged after  16  iterations.
[1] 8.589113e-07 2.804325e-08 7.042739e-18
[1] 1.101057e-06 3.020855e-08 3.406881e-18
[1] 1.107667e-06 3.034466e-08 1.232425e-10
[1] 1.105255e-06 3.023527e-08 2.542573e-20
[1] 9.105636e-07 2.857813e-08 1.697764e-17
[1] 1.043584e-06 2.960871e-08 1.404244e-10
Algorithm converged after  57  iterations.
[1] 4.400552e-07 1.270508e-08 4.785380e-11
[1] 5.180187e-07 1.326693e-08 3.904821e-11
Algorithm converged after  18  iterations.
[1] 1.072493e-14 4.053521e-09 3.086635e-09
[1] 2.845055e-07 5.668118e-09 1.096186e-11
Algorithm converged after  17  iterations.
[1] 5.403886e-08 1.856554e-09 2.018746e-20
[1] 6.091860e-08 1.942484e-09 2.929448e-12
[1] 6.135889e-08 1.938452e-09 3.847811e-12
[1] 6.459343e-08 1.972194e-09 3.016770e-12
[1] 6.378520e-08 1.961227e-09 3.064854e-12
Algorithm converged after  45  iterations.
[1] 2.121710e-08 7.152203e-10 4.124845e-22
Algorithm converged after  9  iterations.
[1] 7.613915e-09 2.199679e-10 1.177838e-13
[1] 9.828601e-09 2.339878e-10 5.062402e-25
Algorithm converged after  18  iterations.
[1] 2.452483e-09 5.616322e-11 1.742269e-14
Algorithm converged after  8  iterations.
[1] 6.941469e-10 1.173456e-11 2.039061e-15
Algorithm converged after  8  iterations.
[1] 1.681402e-10 1.946125e-12 9.890355e-24
Algorithm converged after  8  iterations.
[1] 3.370094e-11 2.451900e-13 1.327716e-35
[1] 4.861678e-11 2.597721e-13 1.107798e-17
[1] 5.083796e-11 2.619214e-13 3.246748e-35
[1] 4.919747e-11 2.604677e-13 1.084326e-17
[1] 5.041101e-11 2.614404e-13 2.767427e-20
[1] 4.000329e-11 2.511985e-13 1.246022e-17
[1] 4.923766e-11 2.607228e-13 1.081336e-17
[1] 4.923204e-11 2.607596e-13 1.668045e-17
[1] 4.878561e-11 2.602682e-13 2.373201e-17
[1] 5.125338e-11 2.618605e-13 1.023449e-25
[1] 4.692955e-11 2.588492e-13 1.071487e-17
[1] 4.869189e-11 2.603226e-13 9.989314e-26
[1] 4.879651e-11 2.604189e-13 1.012776e-28
[1] 4.869458e-11 2.603384e-13 1.101588e-17
Algorithm converged after  136  iterations.
[1] 5.349747e-12 2.210618e-14 3.698596e-36
[1] 7.590774e-12 2.323246e-14 4.469443e-19
[1] 7.836574e-12 2.333231e-14 4.620486e-19
[1] 7.981582e-12 2.339391e-14 4.546097e-19
[1] 7.907099e-12 2.337088e-14 1.581421e-30
[1] 7.931426e-12 2.338635e-14 4.556481e-19
[1] 6.900677e-12 2.289562e-14 4.616135e-19
[1] 7.858349e-12 2.335540e-14 2.068828e-36
[1] 7.638414e-12 2.325061e-14 4.807990e-19
[1] 7.941995e-12 2.340186e-14 1.368821e-38
Algorithm converged after  98  iterations.
[1] 2.526010e-13 4.849499e-16 7.566838e-30
[1] 2.549335e-13 4.926286e-16 1.101413e-20
[1] 2.621057e-13 4.934263e-16 6.932811e-30
[1] 2.549667e-13 4.929668e-16 1.099575e-20
Algorithm converged after  32  iterations.
[1] 1.732288e-13 3.221406e-17 4.522888e-40
[1] 2.287457e-13 3.324021e-17 1.177604e-22
[1] 2.396313e-13 3.342733e-17 1.600879e-24
Algorithm converged after  24  iterations.
[1] 9.676934e-15 5.572640e-19 5.942911e-25
[1] 1.375432e-14 5.778228e-19 1.035361e-38
[1] 1.330875e-14 5.758457e-19 6.186717e-25
[1] 1.324922e-14 5.755771e-19 1.128005e-26
[1] 1.305460e-14 5.746349e-19 1.109015e-26
[1] 1.542692e-14 5.855987e-19 6.316880e-25
[1] 1.314922e-14 5.750662e-19 2.308657e-42
[1] 1.394695e-14 5.788658e-19 6.220984e-25
[1] 1.324262e-14 5.756349e-19 6.182506e-25
[1] 1.489654e-14 5.832172e-19 9.560552e-27
[1] 1.305602e-14 5.747807e-19 1.358376e-46
[1] 1.526738e-14 5.849309e-19 1.108710e-26
[1] 1.325461e-14 5.757765e-19 9.983227e-27
[1] 1.331413e-14 5.761024e-19 3.097422e-42
[1] 1.412809e-14 5.800064e-19 6.245143e-25
[1] 1.551452e-14 5.862091e-19 2.589054e-34
[1] 1.323388e-14 5.757691e-19 3.314959e-44
[1] 1.551152e-14 5.862368e-19 1.012182e-50
[1] 1.329364e-14 5.760779e-19 1.204915e-26
Algorithm converged after  186  iterations.
[1] 2.885023e-16 3.865121e-21 9.708360e-28
[1] 4.113710e-16 3.993808e-21 1.091137e-47
[1] 4.660758e-16 4.046573e-21 1.518972e-29
[1] 3.831357e-16 3.967261e-21 1.613923e-29
[1] 4.434384e-16 4.024788e-21 1.481679e-29
[1] 3.835433e-16 3.968179e-21 5.612583e-30
[1] 4.215704e-16 4.004998e-21 4.422834e-30
[1] 4.492063e-16 4.031322e-21 2.450709e-31
[1] 3.803279e-16 3.965244e-21 5.505401e-51
[1] 4.346628e-16 4.017470e-21 4.639073e-30
[1] 4.108749e-16 3.995340e-21 1.016433e-27
[1] 4.142341e-16 3.998931e-21 4.483564e-30
[1] 4.449891e-16 4.028280e-21 1.081674e-39
[1] 4.002923e-16 3.984835e-21 1.006776e-27
[1] 4.113046e-16 3.996696e-21 1.016232e-27
[1] 4.654826e-16 4.048264e-21 1.505821e-29
[1] 3.834379e-16 3.970033e-21 1.610939e-29
[1] 4.027837e-16 3.989345e-21 1.607831e-29
[1] 4.672488e-16 4.050699e-21 4.418269e-48
[1] 4.140896e-16 4.000396e-21 3.350593e-51
Algorithm did not converge after  200  iterations.
[1] 3.629932e-18 7.636846e-24 1.204987e-34
[1] 5.935088e-18 7.961017e-24 3.447614e-31
Algorithm converged after  15  iterations.
[1] 1.333136e-20 2.512059e-27 1.094172e-35
[1] 2.193001e-20 2.606555e-27 1.098936e-34
[1] 2.133881e-20 2.600617e-27 2.496602e-39
[1] 2.192512e-20 2.606791e-27 2.223348e-65
[1] 2.039809e-20 2.591424e-27 1.147890e-35
[1] 2.047896e-20 2.592364e-27 1.150556e-35
[1] 2.193098e-20 2.607051e-27 2.475323e-54
[1] 1.783082e-20 2.564819e-27 1.099282e-42
[1] 2.192538e-20 2.607191e-27 1.351167e-40
Algorithm converged after  87  iterations.
[1] 7.733857e-24 5.619471e-32 1.221973e-41
[1] 1.279545e-23 5.803130e-32 1.302447e-41
[1] 1.094648e-23 5.740896e-32 2.536039e-43
[1] 1.111970e-23 5.746917e-32 2.599154e-45
[1] 1.279973e-23 5.803846e-32 1.825740e-67
[1] 1.258512e-23 5.796966e-32 2.523134e-43
[1] 1.160058e-23 5.764084e-32 1.803881e-67
[1] 1.279818e-23 5.804368e-32 2.485437e-43
[1] 1.195547e-23 5.776569e-32 4.970848e-63
[1] 1.279125e-23 5.804488e-32 4.015252e-54
[1] 1.115425e-23 5.749939e-32 2.479602e-45
[1] 1.185510e-23 5.773476e-32 2.578066e-43
[1] 1.115851e-23 5.750359e-32 4.183861e-64
[1] 1.281551e-23 5.805800e-32 3.504052e-73
[1] 1.171255e-23 5.769176e-32 1.025666e-75
[1] 1.174177e-23 5.770202e-32 2.521076e-43
[1] 1.275886e-23 5.804282e-32 5.092990e-45
[1] 1.115738e-23 5.751060e-32 9.103875e-63
[1] 1.266642e-23 5.801729e-32 6.723247e-74
[1] 1.135336e-23 5.758622e-32 2.594104e-43
Algorithm did not converge after  200  iterations.
[1] 2.348147e-28 1.706334e-38 5.594243e-50
[1] 3.877025e-28 1.752867e-38 6.109512e-52
[1] 3.433635e-28 1.740545e-38 2.193771e-55
[1] 3.244771e-28 1.735096e-38 2.194688e-55
[1] 3.877006e-28 1.753032e-38 6.109601e-52
[1] 3.861576e-28 1.752711e-38 5.875675e-50
[1] 3.877231e-28 1.753141e-38 6.108908e-52
[1] 3.361336e-28 1.738713e-38 2.193677e-55
[1] 3.861569e-28 1.752859e-38 5.875612e-50
[1] 3.877229e-28 1.753289e-38 6.108998e-52
[1] 3.361339e-28 1.738859e-38 2.193642e-55
[1] 3.861556e-28 1.753006e-38 5.875552e-50
[1] 3.877209e-28 1.753437e-38 6.109075e-52
[1] 3.361343e-28 1.739005e-38 2.193609e-55
[1] 3.861543e-28 1.753154e-38 5.875491e-50
[1] 3.877200e-28 1.753584e-38 6.109159e-52
[1] 3.361347e-28 1.739151e-38 2.193574e-55
[1] 3.861529e-28 1.753301e-38 5.875431e-50
[1] 3.877196e-28 1.753732e-38 6.109247e-52
[1] 3.361349e-28 1.739296e-38 2.193539e-55
Algorithm did not converge after  200  iterations.
[1] 4.101416e-35 2.802411e-48 7.162318e-69
[1] 6.093264e-35 2.850029e-48 1.558104e-71
[1]  6.232895e-35  2.853080e-48 3.161078e-104
[1] 6.322704e-35 2.855095e-48 1.460920e-67
[1] 5.935440e-35 2.846713e-48 3.728802e-70
Algorithm converged after  45  iterations.
[1] 2.391732e-46 1.350911e-64 3.821198e-86
Algorithm converged after  8  iterations.
[1]  9.170612e-69  3.061134e-97 9.880035e-130
Algorithm converged after  6  iterations.
[1] 7.079128e-136 3.477733e-195 4.583205e-272
Algorithm converged after  5  iterations.
[1] 0.158613
Algorithm converged after  2  iterations.
[1] 0.0041702065 0.0004592487 0.0001389412
[1] 0.0059940155 0.0006240597 0.0001541122
Algorithm converged after  20  iterations.
[1] 0.0035583912 0.0003680841 0.0001065586
[1] 0.0052775284 0.0005047463 0.0001176351
Algorithm converged after  19  iterations.
[1] 3.019456e-03 2.921428e-04 8.081552e-05
[1] 4.599027e-03 4.020317e-04 8.943098e-05
Algorithm converged after  17  iterations.
[1] 2.546707e-03 2.293732e-04 6.080925e-05
[1] 0.0039563223 0.0003147501 0.0000675589
Algorithm converged after  16  iterations.
[1] 2.133990e-03 1.779832e-04 4.550419e-05
[1] 3.361878e-03 2.425518e-04 5.063615e-05
Algorithm converged after  15  iterations.
[1] 1.775601e-03 1.363671e-04 3.392179e-05
[1] 2.828658e-03 1.846017e-04 3.761071e-05
