myseed=1 

Attaching package: ‘pls’

The following object is masked from ‘package:stats’:

    loadings

Loading required package: lattice
Loading required package: ggplot2
Registered S3 methods overwritten by 'ggplot2':
  method         from 
  [.quosures     rlang
  c.quosures     rlang
  print.quosures rlang

Attaching package: ‘caret’

The following object is masked from ‘package:pls’:

    R2

Loading required package: Matrix
Loading required package: foreach
Loaded glmnet 2.0-18

Parsed with column specification:
cols(
  .default = col_double()
)
See spec(...) for full column specifications.
Parsed with column specification:
cols(
  X1 = col_double()
)
Parsed with column specification:
cols(
  X1 = col_double()
)
[1] "Best 2step parameter is:"
   gam  rankJ rankA1 rankA2 rankA3 
 8.375  2.000  1.000  0.000  0.000 
[1] 0.006248634
Algorithm converged after  2  iterations.
[1] 0.005400113
Algorithm converged after  2  iterations.
[1] 0.004642316
Algorithm converged after  2  iterations.
[1] 0.003968565
Algorithm converged after  2  iterations.
[1] 0.00337242
Algorithm converged after  2  iterations.
[1] 0.002847666
Algorithm converged after  2  iterations.
[1] 0.002388313
Algorithm converged after  2  iterations.
[1] 0.001988599
Algorithm converged after  2  iterations.
[1] 0.001642996
Algorithm converged after  2  iterations.
[1] 0.001346225
Algorithm converged after  2  iterations.
[1] 0.00109326
Algorithm converged after  2  iterations.
[1] 0.000879344
Algorithm converged after  2  iterations.
[1] 0.0006999968
Algorithm converged after  2  iterations.
[1] 0.0005510242
Algorithm converged after  2  iterations.
[1] 0.0004285251
Algorithm converged after  2  iterations.
[1] 0.0003288961
Algorithm converged after  2  iterations.
[1] 0.0002488336
Algorithm converged after  2  iterations.
[1] 0.000185334
Algorithm converged after  2  iterations.
[1] 0.0001356915
Algorithm converged after  2  iterations.
[1] 9.749305e-05
Algorithm converged after  2  iterations.
[1] 6.861067e-05
Algorithm converged after  2  iterations.
[1] 4.719178e-05
Algorithm converged after  2  iterations.
[1] 3.164628e-05
Algorithm converged after  2  iterations.
[1] 2.063129e-05
Algorithm converged after  2  iterations.
[1] 1.303326e-05
Algorithm converged after  2  iterations.
[1] 7.947877e-06
Algorithm converged after  2  iterations.
[1] 4.657939e-06
Algorithm converged after  2  iterations.
[1] 2.609875e-06
Algorithm converged after  2  iterations.
[1] 1.389495e-06
Algorithm converged after  2  iterations.
[1] 6.97791e-07
Algorithm converged after  2  iterations.
[1] 3.276497e-07
Algorithm converged after  2  iterations.
[1] 1.423287e-07
Algorithm converged after  2  iterations.
[1] 5.645868e-08
Algorithm converged after  2  iterations.
[1] 2.012589e-08
Algorithm converged after  2  iterations.
[1] 6.319103e-09
Algorithm converged after  2  iterations.
[1] 1.703726e-09
Algorithm converged after  2  iterations.
[1] 3.817739e-10
Algorithm converged after  2  iterations.
[1] 6.812876e-11
Algorithm converged after  2  iterations.
[1] 9.146381e-12
Algorithm converged after  2  iterations.
[1] 8.54774e-13
Algorithm converged after  2  iterations.
[1] 4.988196e-14
Algorithm converged after  2  iterations.
[1] 1.553679e-15
Algorithm converged after  2  iterations.
[1] 2.04109e-17
Algorithm converged after  2  iterations.
[1] 7.812392e-20
Algorithm converged after  2  iterations.
[1] 4.702878e-23
Algorithm converged after  2  iterations.
[1] 1.467697e-27
Algorithm converged after  2  iterations.
[1] 2.580388e-34
Algorithm converged after  2  iterations.
[1] 1.440092e-45
Algorithm converged after  2  iterations.
[1] 4.564869e-68
Algorithm converged after  2  iterations.
[1] 1.507526e-135
Algorithm converged after  2  iterations.
[1] 0.169879
Algorithm converged after  2  iterations.
[1] 0.0062486335 0.0005489393
[1] 0.0100910344 0.0008235457
Algorithm converged after  11  iterations.
[1] 0.0054001126 0.0004350495
Algorithm converged after  10  iterations.
[1] 0.0046423157 0.0003435401
Algorithm converged after  10  iterations.
[1] 0.0039685653 0.0002699896
Algorithm converged after  8  iterations.
[1] 0.0033724204 0.0002109902
Algorithm converged after  8  iterations.
[1] 0.0028476663 0.0001638178
Algorithm converged after  8  iterations.
[1] 0.0023883131 0.0001262473
Algorithm converged after  8  iterations.
[1] 1.988599e-03 9.645449e-05
Algorithm converged after  8  iterations.
[1] 1.642996e-03 7.295295e-05
Algorithm converged after  8  iterations.
[1] 1.346225e-03 5.453845e-05
Algorithm converged after  8  iterations.
[1] 1.09326e-03 4.02337e-05
Algorithm converged after  8  iterations.
[1] 8.793440e-04 2.923993e-05
Algorithm converged after  9  iterations.
[1] 6.999968e-04 2.089875e-05
Algorithm converged after  8  iterations.
[1] 5.510242e-04 1.466428e-05
Algorithm converged after  8  iterations.
[1] 4.285251e-04 1.008343e-05
Algorithm converged after  8  iterations.
[1] 3.288961e-04 6.781587e-06
Algorithm converged after  8  iterations.
[1] 2.488336e-04 4.451868e-06
Algorithm converged after  8  iterations.
[1] 1.85334e-04 2.84630e-06
Algorithm converged after  8  iterations.
[1] 1.356915e-04 1.768053e-06
Algorithm converged after  8  iterations.
[1] 9.749305e-05 1.064196e-06
Algorithm converged after  8  iterations.
[1] 6.861067e-05 6.188141e-07
Algorithm converged after  8  iterations.
[1] 4.719178e-05 3.464537e-07
Algorithm converged after  7  iterations.
[1] 3.164628e-05 1.860429e-07
Algorithm converged after  7  iterations.
[1] 2.063129e-05 9.540293e-08
Algorithm converged after  7  iterations.
[1] 1.303326e-05 4.648373e-08
Algorithm converged after  7  iterations.
[1] 7.947877e-06 2.139404e-08
Algorithm converged after  7  iterations.
[1] 4.657939e-06 9.237973e-09
Algorithm converged after  6  iterations.
[1] 2.609875e-06 3.712571e-09
Algorithm converged after  6  iterations.
[1] 1.389495e-06 1.375541e-09
Algorithm converged after  6  iterations.
[1] 6.977910e-07 4.645904e-10
Algorithm converged after  6  iterations.
[1] 3.276497e-07 1.411156e-10
Algorithm converged after  6  iterations.
[1] 1.423287e-07 3.791838e-11
Algorithm converged after  6  iterations.
[1] 5.645868e-08 8.834068e-12
Algorithm converged after  5  iterations.
[1] 2.012589e-08 1.740640e-12
Algorithm converged after  5  iterations.
[1] 6.319103e-09 2.811805e-13
Algorithm converged after  5  iterations.
[1] 1.703726e-09 3.579861e-14
Algorithm converged after  5  iterations.
[1] 3.817739e-10 3.414484e-15
Algorithm converged after  5  iterations.
[1] 6.812876e-11 2.283214e-16
Algorithm converged after  5  iterations.
[1] 9.146381e-12 9.797148e-18
Algorithm converged after  4  iterations.
[1] 8.547740e-13 2.390939e-19
Algorithm converged after  4  iterations.
[1] 4.988196e-14 2.802614e-21
Algorithm converged after  4  iterations.
[1] 1.553679e-15 1.236151e-23
Algorithm converged after  4  iterations.
[1] 2.041090e-17 1.422569e-26
Algorithm converged after  4  iterations.
[1] 7.812392e-20 2.402618e-30
Algorithm converged after  4  iterations.
[1] 4.702878e-23 2.282692e-35
Algorithm converged after  4  iterations.
[1] 1.467697e-27 2.171531e-42
Algorithm converged after  5  iterations.
[1] 2.580388e-34 6.554038e-53
Algorithm converged after  5  iterations.
[1] 1.440092e-45 1.994395e-70
Algorithm converged after  5  iterations.
[1]  4.564869e-68 1.964761e-105
Algorithm converged after  5  iterations.
[1] 1.507526e-135 2.142022e-210
Algorithm converged after  5  iterations.
[1] 0.1651283
Algorithm converged after  2  iterations.
[1] 0.0062486335 0.0002933927
[1] 0.0067257266 0.0005141172
Algorithm converged after  13  iterations.
[1] 0.0054001126 0.0002233085
[1] 0.0058972194 0.0004019395
Algorithm converged after  11  iterations.
[1] 0.0046423157 0.0001694112
Algorithm converged after  10  iterations.
[1] 0.0039685653 0.0001285119
Algorithm converged after  9  iterations.
[1] 3.372420e-03 9.837201e-05
Algorithm converged after  8  iterations.
[1] 2.847666e-03 8.022227e-05
Algorithm converged after  9  iterations.
[1] 2.388313e-03 6.848154e-05
Algorithm converged after  9  iterations.
[1] 1.988599e-03 5.873069e-05
Algorithm converged after  9  iterations.
[1] 1.642996e-03 5.015625e-05
Algorithm converged after  9  iterations.
[1] 0.0013462249 0.0000424522
Algorithm converged after  9  iterations.
[1] 1.093260e-03 3.549513e-05
Algorithm converged after  8  iterations.
[1] 8.793440e-04 2.924251e-05
Algorithm converged after  8  iterations.
[1] 6.999968e-04 2.368586e-05
Algorithm converged after  8  iterations.
[1] 5.510242e-04 1.882513e-05
Algorithm converged after  7  iterations.
[1] 4.285251e-04 1.465387e-05
Algorithm converged after  7  iterations.
[1] 3.288961e-04 1.115152e-05
Algorithm converged after  7  iterations.
[1] 2.488336e-04 8.280663e-06
Algorithm converged after  6  iterations.
[1] 1.853340e-04 5.987993e-06
Algorithm converged after  6  iterations.
[1] 1.356915e-04 4.207710e-06
Algorithm converged after  6  iterations.
[1] 9.749305e-05 2.866314e-06
Algorithm converged after  6  iterations.
[1] 6.861067e-05 1.887794e-06
Algorithm converged after  6  iterations.
[1] 4.719178e-05 1.198456e-06
Algorithm converged after  6  iterations.
[1] 3.164628e-05 7.308374e-07
Algorithm converged after  6  iterations.
[1] 2.063129e-05 4.263994e-07
Algorithm converged after  6  iterations.
[1] 1.303326e-05 2.369193e-07
Algorithm converged after  6  iterations.
[1] 7.947877e-06 1.246898e-07
Algorithm converged after  6  iterations.
[1] 4.657939e-06 6.176812e-08
Algorithm converged after  6  iterations.
[1] 2.609875e-06 2.858695e-08
Algorithm converged after  6  iterations.
[1] 1.389495e-06 1.225200e-08
Algorithm converged after  6  iterations.
[1] 6.977910e-07 4.811765e-09
Algorithm converged after  6  iterations.
[1] 3.276497e-07 1.709835e-09
Algorithm converged after  6  iterations.
[1] 1.423287e-07 5.413506e-10
Algorithm converged after  6  iterations.
[1] 5.645868e-08 1.498662e-10
Algorithm converged after  6  iterations.
[1] 2.012589e-08 3.544215e-11
Algorithm converged after  6  iterations.
[1] 6.319103e-09 6.954732e-12
Algorithm converged after  6  iterations.
[1] 1.703726e-09 1.091323e-12
Algorithm converged after  6  iterations.
[1] 3.817739e-10 1.305923e-13
Algorithm converged after  6  iterations.
[1] 6.812876e-11 1.119945e-14
Algorithm converged after  6  iterations.
[1] 9.146381e-12 6.335973e-16
Algorithm converged after  6  iterations.
[1] 8.547740e-13 2.112028e-17
Algorithm converged after  6  iterations.
[1] 4.988196e-14 3.541224e-19
Algorithm converged after  5  iterations.
[1] 1.553679e-15 2.376470e-21
Algorithm converged after  5  iterations.
[1] 2.041090e-17 4.530734e-24
Algorithm converged after  5  iterations.
[1] 7.812392e-20 1.431940e-27
Algorithm converged after  5  iterations.
[1] 4.702878e-23 3.057085e-32
Algorithm converged after  5  iterations.
[1] 1.467697e-27 8.760194e-39
Algorithm converged after  5  iterations.
[1] 2.580388e-34 1.330316e-48
Algorithm converged after  5  iterations.
[1] 1.440092e-45 5.683602e-65
Algorithm converged after  5  iterations.
[1] 4.564869e-68 1.022288e-97
Algorithm converged after  5  iterations.
[1] 1.507526e-135 5.811422e-196
Algorithm converged after  5  iterations.
[1] 0.162665
Algorithm converged after  2  iterations.
[1] 0.006248634 0.000399679
[1] 0.0081630658 0.0005544327
Algorithm converged after  14  iterations.
[1] 0.0054001126 0.0003062355
[1] 0.0068269978 0.0004328436
Algorithm converged after  12  iterations.
[1] 0.0046423157 0.0002330547
[1] 0.0057604028 0.0003423829
Algorithm converged after  11  iterations.
[1] 0.0039685653 0.0001764129
Algorithm converged after  9  iterations.
[1] 0.0033724204 0.0001332233
Algorithm converged after  9  iterations.
[1] 0.0028476663 0.0001010324
Algorithm converged after  9  iterations.
[1] 2.388313e-03 7.791448e-05
Algorithm converged after  9  iterations.
[1] 1.988599e-03 6.152976e-05
Algorithm converged after  8  iterations.
[1] 1.642996e-03 4.921117e-05
Algorithm converged after  7  iterations.
[1] 1.346225e-03 3.942937e-05
Algorithm converged after  8  iterations.
[1] 1.093260e-03 3.144265e-05
Algorithm converged after  8  iterations.
[1] 8.793440e-04 2.484652e-05
Algorithm converged after  8  iterations.
[1] 6.999968e-04 1.939211e-05
Algorithm converged after  8  iterations.
[1] 0.0005510242 0.0000149078
Algorithm converged after  8  iterations.
[1] 4.285251e-04 1.126124e-05
Algorithm converged after  8  iterations.
[1] 3.288961e-04 8.340088e-06
Algorithm converged after  8  iterations.
[1] 2.488336e-04 6.042512e-06
Algorithm converged after  8  iterations.
[1] 1.853340e-04 4.273306e-06
Algorithm converged after  8  iterations.
[1] 1.356915e-04 2.943062e-06
Algorithm converged after  8  iterations.
[1] 9.749305e-05 1.968953e-06
Algorithm converged after  8  iterations.
[1] 6.861067e-05 1.276068e-06
Algorithm converged after  8  iterations.
[1] 4.719178e-05 7.986882e-07
Algorithm converged after  8  iterations.
[1] 3.164628e-05 4.810957e-07
Algorithm converged after  8  iterations.
[1] 2.063129e-05 2.777841e-07
Algorithm converged after  7  iterations.
[1] 1.303326e-05 1.530432e-07
Algorithm converged after  7  iterations.
[1] 7.947877e-06 8.002808e-08
Algorithm converged after  7  iterations.
[1] 4.657939e-06 3.947277e-08
Algorithm converged after  7  iterations.
[1] 2.609875e-06 1.823108e-08
Algorithm converged after  7  iterations.
[1] 1.389495e-06 7.816988e-09
Algorithm converged after  7  iterations.
[1] 6.977910e-07 3.079735e-09
Algorithm converged after  7  iterations.
[1] 3.276497e-07 1.101210e-09
Algorithm converged after  7  iterations.
[1] 1.423287e-07 3.520561e-10
Algorithm converged after  7  iterations.
[1] 5.645868e-08 9.880786e-11
Algorithm converged after  7  iterations.
[1] 2.012589e-08 2.380058e-11
Algorithm converged after  6  iterations.
[1] 6.319103e-09 4.783199e-12
Algorithm converged after  6  iterations.
[1] 1.703726e-09 7.737915e-13
Algorithm converged after  6  iterations.
[1] 3.817739e-10 9.622628e-14
Algorithm converged after  6  iterations.
[1] 6.812876e-11 8.660779e-15
Algorithm converged after  6  iterations.
[1] 9.146381e-12 5.206146e-16
Algorithm converged after  6  iterations.
[1] 8.547740e-13 1.873187e-17
Algorithm converged after  6  iterations.
[1] 4.988196e-14 3.460363e-19
Algorithm converged after  6  iterations.
[1] 1.553679e-15 2.629616e-21
Algorithm converged after  5  iterations.
[1] 2.041090e-17 5.895518e-24
Algorithm converged after  5  iterations.
[1] 7.812392e-20 2.312809e-27
Algorithm converged after  5  iterations.
[1] 4.702878e-23 6.646996e-32
Algorithm converged after  5  iterations.
[1] 1.467697e-27 2.919866e-38
Algorithm converged after  5  iterations.
[1] 2.580388e-34 8.533414e-48
Algorithm converged after  5  iterations.
[1] 1.440092e-45 1.105896e-63
Algorithm converged after  5  iterations.
[1] 4.564869e-68 1.881907e-95
Algorithm converged after  4  iterations.
[1] 1.507526e-135 9.576109e-191
Algorithm converged after  4  iterations.
[1] 0.1611864
Algorithm converged after  2  iterations.
[1] 0.0062486335 0.0007146663
Algorithm converged after  2  iterations.
[1] 0.005400113 0.000586083
Algorithm converged after  2  iterations.
[1] 0.0046423157 0.0004899118
Algorithm converged after  2  iterations.
[1] 0.0039685653 0.0004251358
Algorithm converged after  2  iterations.
[1] 0.0033724204 0.0003752772
Algorithm converged after  2  iterations.
[1] 0.0028476663 0.0003322531
Algorithm converged after  2  iterations.
[1] 0.0023883131 0.0002933127
Algorithm converged after  2  iterations.
[1] 0.0019885985 0.0002572992
Algorithm converged after  2  iterations.
[1] 0.0016429962 0.0002237308
Algorithm converged after  2  iterations.
[1] 0.0013462249 0.0001924638
Algorithm converged after  2  iterations.
[1] 0.0010932601 0.0001635283
Algorithm converged after  2  iterations.
[1] 0.0008793440 0.0001370315
Algorithm converged after  2  iterations.
[1] 0.0006999968 0.0001130945
Algorithm converged after  2  iterations.
[1] 5.510242e-04 9.180982e-05
Algorithm converged after  2  iterations.
[1] 4.285251e-04 7.321484e-05
Algorithm converged after  2  iterations.
[1] 3.288961e-04 5.727848e-05
Algorithm converged after  2  iterations.
[1] 2.488336e-04 4.389877e-05
Algorithm converged after  2  iterations.
[1] 1.853340e-04 3.290912e-05
Algorithm converged after  2  iterations.
[1] 1.356915e-04 2.409059e-05
Algorithm converged after  2  iterations.
[1] 9.749305e-05 1.718780e-05
Algorithm converged after  2  iterations.
[1] 6.861067e-05 1.192610e-05
Algorithm converged after  2  iterations.
[1] 4.719178e-05 8.028054e-06
Algorithm converged after  2  iterations.
[1] 3.164628e-05 5.227853e-06
Algorithm converged after  2  iterations.
[1] 2.063129e-05 3.282549e-06
Algorithm converged after  2  iterations.
[1] 1.303326e-05 1.979773e-06
Algorithm converged after  2  iterations.
[1] 7.947877e-06 1.141823e-06
Algorithm converged after  2  iterations.
[1] 4.657939e-06 6.264532e-07
Algorithm converged after  2  iterations.
[1] 2.609875e-06 3.249391e-07
Algorithm converged after  2  iterations.
[1] 1.389495e-06 1.581813e-07
Algorithm converged after  2  iterations.
[1] 6.977910e-07 7.163826e-08
Algorithm converged after  2  iterations.
[1] 3.276497e-07 2.986721e-08
Algorithm converged after  2  iterations.
[1] 1.423287e-07 1.131752e-08
Algorithm converged after  2  iterations.
[1] 5.645868e-08 3.837220e-09
Algorithm converged after  2  iterations.
[1] 2.012589e-08 1.141777e-09
Algorithm converged after  2  iterations.
[1] 6.319103e-09 2.910195e-10
Algorithm converged after  2  iterations.
[1] 1.703726e-09 6.161695e-11
Algorithm converged after  2  iterations.
[1] 3.817739e-10 1.041728e-11
Algorithm converged after  2  iterations.
[1] 6.812876e-11 1.335471e-12
Algorithm converged after  2  iterations.
[1] 9.146381e-12 1.211703e-13
Algorithm converged after  2  iterations.
[1] 8.547740e-13 7.082681e-15
Algorithm converged after  2  iterations.
[1] 4.988196e-14 2.338036e-16
Algorithm converged after  2  iterations.
[1] 1.553679e-15 3.603651e-18
Algorithm converged after  2  iterations.
[1] 2.041090e-17 1.949588e-20
Algorithm converged after  2  iterations.
[1] 7.812392e-20 2.364259e-23
Algorithm converged after  2  iterations.
[1] 4.702878e-23 3.043666e-27
Algorithm converged after  2  iterations.
[1] 1.467697e-27 1.083313e-32
Algorithm converged after  2  iterations.
[1] 2.580388e-34 7.230476e-41
Algorithm converged after  2  iterations.
[1] 1.440092e-45 1.697830e-54
Algorithm converged after  2  iterations.
[1] 4.564869e-68 9.261917e-82
Algorithm converged after  2  iterations.
[1] 1.507526e-135 1.473681e-163
Algorithm converged after  2  iterations.
[1] 0.149242
Algorithm converged after  2  iterations.
[1] 0.0062486335 0.0005489393 0.0001923685
[1] 0.0081141539 0.0006487726 0.0002314855
Algorithm converged after  16  iterations.
[1] 0.0054001126 0.0004350495 0.0001583318
[1] 0.0072766835 0.0005302413 0.0001857802
Algorithm converged after  16  iterations.
[1] 0.0046423157 0.0003435401 0.0001273833
[1] 0.0065353707 0.0004339892 0.0001491120
Algorithm converged after  16  iterations.
[1] 0.0039685653 0.0002699896 0.0001011355
[1] 0.0058174027 0.0003527002 0.0001206986
Algorithm converged after  15  iterations.
[1] 3.372420e-03 2.109902e-04 7.975165e-05
[1] 5.058634e-03 2.813491e-04 9.791152e-05
Algorithm converged after  13  iterations.
[1] 2.847666e-03 1.638178e-04 6.264648e-05
[1] 0.0043058876 0.0002204992 0.0000786313
Algorithm converged after  11  iterations.
[1] 2.388313e-03 1.262473e-04 4.894541e-05
[1] 3.620941e-03 1.710301e-04 6.202916e-05
Algorithm converged after  11  iterations.
[1] 1.988599e-03 9.645449e-05 3.781068e-05
Algorithm converged after  10  iterations.
[1] 1.642996e-03 7.295295e-05 2.870403e-05
Algorithm converged after  10  iterations.
[1] 1.346225e-03 5.453845e-05 2.134514e-05
Algorithm converged after  10  iterations.
[1] 1.093260e-03 4.023370e-05 1.553131e-05
Algorithm converged after  10  iterations.
[1] 8.793440e-04 2.923993e-05 1.105372e-05
Algorithm converged after  10  iterations.
[1] 6.999968e-04 2.089875e-05 7.691916e-06
Algorithm converged after  10  iterations.
[1] 5.510242e-04 1.466428e-05 5.230001e-06
Algorithm converged after  10  iterations.
[1] 4.285251e-04 1.008343e-05 3.471149e-06
Algorithm converged after  9  iterations.
[1] 3.288961e-04 6.781587e-06 2.245715e-06
Algorithm converged after  9  iterations.
[1] 2.488336e-04 4.451868e-06 1.413824e-06
Algorithm converged after  9  iterations.
[1] 1.853340e-04 2.846300e-06 8.643447e-07
Algorithm converged after  9  iterations.
[1] 1.356915e-04 1.768053e-06 5.118673e-07
Algorithm converged after  9  iterations.
[1] 9.749305e-05 1.064196e-06 2.927933e-07
Algorithm converged after  9  iterations.
[1] 6.861067e-05 6.188141e-07 1.612361e-07
Algorithm converged after  8  iterations.
[1] 4.719178e-05 3.464537e-07 8.515536e-08
Algorithm converged after  8  iterations.
[1] 3.164628e-05 1.860429e-07 4.294555e-08
Algorithm converged after  8  iterations.
[1] 2.063129e-05 9.540293e-08 2.057816e-08
Algorithm converged after  8  iterations.
[1] 1.303326e-05 4.648373e-08 9.314734e-09
Algorithm converged after  7  iterations.
[1] 7.947877e-06 2.139404e-08 3.956474e-09
Algorithm converged after  7  iterations.
[1] 4.657939e-06 9.237973e-09 1.564739e-09
Algorithm converged after  7  iterations.
[1] 2.609875e-06 3.712571e-09 5.709708e-10
Algorithm converged after  7  iterations.
[1] 1.389495e-06 1.375541e-09 1.901758e-10
Algorithm converged after  7  iterations.
[1] 6.977910e-07 4.645904e-10 5.708398e-11
Algorithm converged after  6  iterations.
[1] 3.276497e-07 1.411156e-10 1.520667e-11
Algorithm converged after  6  iterations.
[1] 1.423287e-07 3.791838e-11 3.529064e-12
Algorithm converged after  6  iterations.
[1] 5.645868e-08 8.834068e-12 6.974943e-13
Algorithm converged after  6  iterations.
[1] 2.012589e-08 1.740640e-12 1.141588e-13
Algorithm converged after  5  iterations.
[1] 6.319103e-09 2.811805e-13 1.493982e-14
Algorithm converged after  5  iterations.
[1] 1.703726e-09 3.579861e-14 1.495403e-15
Algorithm converged after  5  iterations.
[1] 3.817739e-10 3.414484e-15 1.081259e-16
Algorithm converged after  5  iterations.
[1] 6.812876e-11 2.283214e-16 5.240685e-18
Algorithm converged after  5  iterations.
[1] 9.146381e-12 9.797148e-18 1.541051e-19
Algorithm converged after  5  iterations.
[1] 8.547740e-13 2.390939e-19 2.399537e-21
Algorithm converged after  5  iterations.
[1] 4.988196e-14 2.802614e-21 1.635208e-23
Algorithm converged after  5  iterations.
[1] 1.553679e-15 1.236151e-23 3.703472e-26
Algorithm converged after  5  iterations.
[1] 2.041090e-17 1.422569e-26 1.844592e-29
Algorithm converged after  6  iterations.
[1] 7.812392e-20 2.402618e-30 1.055890e-33
Algorithm converged after  6  iterations.
[1] 4.702878e-23 2.282692e-35 2.355281e-39
Algorithm converged after  6  iterations.
[1] 1.467697e-27 2.171531e-42 2.921986e-47
Algorithm converged after  6  iterations.
[1] 2.580388e-34 6.554038e-53 4.107349e-59
Algorithm converged after  6  iterations.
[1]  1.440092e-45  1.994395e-70 2.372626e-103
Algorithm converged after  7  iterations.
[1]  4.564869e-68 1.964761e-105 1.226593e-136
[1]  4.011819e-68 2.008343e-105 4.284225e-166
[1]  4.042558e-68 2.005813e-105 3.239282e-156
[1]  3.959069e-68 2.012700e-105 6.877314e-137
[1]  3.955021e-68 2.013055e-105 1.883677e-144
[1]  4.019148e-68 2.007778e-105 5.111380e-150
[1]  4.011967e-68 2.008367e-105 1.631323e-161
[1]  4.036408e-68 2.006369e-105 3.280673e-159
[1]  4.071996e-68 2.003483e-105 5.449679e-125
[1]  3.870148e-68 2.020116e-105 1.200671e-136
[1]  4.043471e-68 2.005779e-105 6.569785e-175
[1]  4.036985e-68 2.006327e-105 6.899531e-153
[1]  4.072155e-68 2.003484e-105 1.840861e-144
[1]  3.954142e-68 2.013157e-105 3.274488e-159
[1]  3.996561e-68 2.009655e-105 1.126522e-175
[1]  3.962297e-68 2.012500e-105 1.561080e-162
[1]  4.036698e-68 2.006382e-105 6.491473e-150
[1]  4.011398e-68 2.008459e-105 7.645138e-149
[1]  4.116169e-68 1.999920e-105 5.169333e-168
[1]  3.972166e-68 2.011663e-105 9.073961e-150
Algorithm did not converge after  200  iterations.
[1] 1.507526e-135 2.142022e-210 7.928360e-259
[1] 1.298578e-135 2.201947e-210 7.774026e-270
[1] 1.298514e-135 2.201984e-210 7.773901e-270
[1] 1.307709e-135 2.199232e-210 1.934891e-247
[1] 1.298639e-135 2.201948e-210 7.774143e-270
[1] 1.307709e-135 2.199233e-210 1.934891e-247
[1] 1.298639e-135 2.201949e-210 7.774143e-270
[1] 1.307709e-135 2.199233e-210 1.934891e-247
[1] 1.298639e-135 2.201949e-210 7.774143e-270
[1] 1.307709e-135 2.199234e-210 1.934891e-247
[1] 1.298639e-135 2.201950e-210 7.774143e-270
[1] 1.307709e-135 2.199235e-210 1.934891e-247
[1] 1.298639e-135 2.201951e-210 7.774143e-270
[1] 1.307709e-135 2.199236e-210 1.934891e-247
[1] 1.298638e-135 2.201952e-210 7.774143e-270
[1] 1.307709e-135 2.199236e-210 1.934891e-247
[1] 1.298638e-135 2.201953e-210 7.774142e-270
[1] 1.307709e-135 2.199237e-210 1.934892e-247
[1] 1.298638e-135 2.201953e-210 7.774143e-270
[1] 1.307709e-135 2.199238e-210 1.934892e-247
Algorithm did not converge after  200  iterations.
[1] 0.163002
Algorithm converged after  2  iterations.
[1] 6.248634e-03 2.933927e-04 6.457238e-05
[1] 5.761480e-03 3.026408e-04 7.763152e-05
Algorithm converged after  11  iterations.
[1] 5.400113e-03 2.233085e-04 5.498054e-05
[1] 5.057121e-03 2.292084e-04 6.445205e-05
Algorithm converged after  11  iterations.
[1] 4.642316e-03 1.694112e-04 4.827033e-05
[1] 4.416749e-03 1.731497e-04 5.537921e-05
Algorithm converged after  11  iterations.
[1] 3.968565e-03 1.285119e-04 4.443102e-05
[1] 3.839013e-03 1.309495e-04 5.047791e-05
Algorithm converged after  12  iterations.
[1] 3.372420e-03 9.837201e-05 4.575143e-05
Algorithm converged after  9  iterations.
[1] 2.847666e-03 8.022227e-05 5.091881e-05
[1] 2.900331e-03 7.860168e-05 4.835621e-05
Algorithm converged after  12  iterations.
[1] 2.388313e-03 6.848154e-05 3.802757e-05
Algorithm converged after  8  iterations.
[1] 1.988599e-03 5.873069e-05 2.734312e-05
[1] 2.035405e-03 5.638896e-05 2.710994e-05
Algorithm converged after  11  iterations.
[1] 1.642996e-03 5.015625e-05 1.929347e-05
[1] 1.682632e-03 4.853562e-05 1.942098e-05
Algorithm converged after  12  iterations.
[1] 1.346225e-03 4.245220e-05 1.341817e-05
[1] 1.387867e-03 4.194029e-05 1.380407e-05
Algorithm converged after  11  iterations.
[1] 1.093260e-03 3.549513e-05 9.218413e-06
Algorithm converged after  9  iterations.
[1] 8.793440e-04 2.924251e-05 6.268082e-06
Algorithm converged after  8  iterations.
[1] 6.999968e-04 2.368586e-05 4.223123e-06
Algorithm converged after  8  iterations.
[1] 5.510242e-04 1.882513e-05 2.816705e-06
Algorithm converged after  8  iterations.
[1] 4.285251e-04 1.465387e-05 1.854804e-06
Algorithm converged after  8  iterations.
[1] 3.288961e-04 1.115152e-05 1.202088e-06
Algorithm converged after  8  iterations.
[1] 2.488336e-04 8.280663e-06 7.643760e-07
Algorithm converged after  8  iterations.
[1] 1.853340e-04 5.987993e-06 4.754338e-07
Algorithm converged after  7  iterations.
[1] 1.356915e-04 4.207710e-06 2.883722e-07
Algorithm converged after  7  iterations.
[1] 9.749305e-05 2.866314e-06 1.700232e-07
Algorithm converged after  7  iterations.
[1] 6.861067e-05 1.887794e-06 9.711035e-08
Algorithm converged after  7  iterations.
[1] 4.719178e-05 1.198456e-06 1.306369e-14
Algorithm converged after  8  iterations.
[1] 3.164628e-05 7.308374e-07 2.101701e-13
Algorithm converged after  8  iterations.
[1] 2.063129e-05 4.263994e-07 2.366039e-14
Algorithm converged after  8  iterations.
[1] 1.303326e-05 2.369193e-07 6.929427e-09
Algorithm converged after  6  iterations.
[1] 7.947877e-06 1.246898e-07 7.184689e-10
Algorithm converged after  6  iterations.
[1] 4.657939e-06 6.176812e-08 2.718850e-10
Algorithm converged after  6  iterations.
[1] 2.609875e-06 2.858695e-08 9.567677e-11
Algorithm converged after  6  iterations.
[1] 1.389495e-06 1.225200e-08 3.095080e-11
Algorithm converged after  6  iterations.
[1] 6.977910e-07 4.811765e-09 9.085520e-12
Algorithm converged after  6  iterations.
[1] 3.276497e-07 1.709835e-09 2.383615e-12
Algorithm converged after  6  iterations.
[1] 1.423287e-07 5.413506e-10 5.488223e-13
Algorithm converged after  6  iterations.
[1] 5.645868e-08 1.498662e-10 1.084812e-13
Algorithm converged after  6  iterations.
[1] 2.012589e-08 3.544215e-11 1.791529e-14
Algorithm converged after  6  iterations.
[1] 6.319103e-09 6.954732e-12 2.389829e-15
Algorithm converged after  6  iterations.
[1] 1.703726e-09 1.091323e-12 2.467449e-16
Algorithm converged after  6  iterations.
[1] 3.817739e-10 1.305923e-13 1.866763e-17
Algorithm converged after  6  iterations.
[1] 6.812876e-11 1.119945e-14 9.635031e-19
Algorithm converged after  6  iterations.
[1] 9.146381e-12 6.335973e-16 3.084788e-20
Algorithm converged after  6  iterations.
[1] 8.547740e-13 2.112028e-17 5.382122e-22
Algorithm converged after  6  iterations.
[1] 4.988196e-14 3.541224e-19 4.269682e-24
Algorithm converged after  6  iterations.
[1] 1.553679e-15 2.376470e-21 1.186074e-26
Algorithm converged after  6  iterations.
[1] 2.041090e-17 4.530734e-24 7.801331e-30
Algorithm converged after  5  iterations.
[1] 7.812392e-20 1.431940e-27 6.574686e-34
Algorithm converged after  5  iterations.
[1] 4.702878e-23 3.057085e-32 2.554607e-39
Algorithm converged after  5  iterations.
[1] 1.467697e-27 8.760194e-39 7.286599e-47
Algorithm converged after  5  iterations.
[1] 2.580388e-34 1.330316e-48 3.886828e-58
Algorithm converged after  5  iterations.
[1] 1.440092e-45 5.683602e-65 2.316002e-72
[1]  1.663438e-45  5.752077e-65 1.491915e-132
[1]  1.682044e-45  5.757585e-65 1.242450e-122
[1]  1.682045e-45  5.757589e-65 8.203661e-106
[1]  1.674758e-45  5.755437e-65 8.204929e-106
[1]  1.674757e-45  5.755436e-65 8.204930e-106
[1]  1.674756e-45  5.755436e-65 8.204930e-106
[1]  1.674756e-45  5.755436e-65 8.204930e-106
Algorithm converged after  72  iterations.
[1]  4.564869e-68  1.022288e-97 7.370791e-149
[1]  5.467568e-68  1.036184e-97 7.586936e-130
[1]  5.155498e-68  1.031511e-97 5.933672e-127
[1]  5.344966e-68  1.034364e-97 7.633130e-130
[1]  5.467566e-68  1.036185e-97 7.586642e-130
[1]  5.467570e-68  1.036186e-97 2.918751e-169
[1]  5.467316e-68  1.036182e-97 7.586803e-130
[1]  5.467985e-68  1.036192e-97 7.587659e-130
[1]  5.467317e-68  1.036182e-97 1.392040e-126
[1]  5.358935e-68  1.034573e-97 7.628563e-130
[1]  5.467579e-68  1.036187e-97 6.100821e-127
[1]  5.295758e-68  1.033629e-97 6.008182e-127
[1]  5.351932e-68  1.034469e-97 7.630315e-130
[1]  5.191583e-68  1.032060e-97 5.952666e-127
[1]  5.467302e-68  1.036183e-97 7.587454e-130
[1]  5.467324e-68  1.036184e-97 3.467955e-135
[1]  5.468605e-68  1.036203e-97 7.586802e-130
[1]  5.193696e-68  1.032093e-97 5.956255e-127
[1]  5.467560e-68  1.036188e-97 6.281931e-136
[1]  5.351481e-68  1.034464e-97 7.630247e-130
Algorithm did not converge after  200  iterations.
[1] 1.507526e-135 5.811422e-196 5.318326e-295
[1] 1.747689e-135 5.867931e-196 6.152433e-272
[1] 1.747689e-135 5.867931e-196 6.152433e-272
[1] 1.747689e-135 5.867931e-196 6.152433e-272
[1] 1.747689e-135 5.867932e-196 6.152433e-272
[1] 1.747689e-135 5.867932e-196 6.152433e-272
[1] 1.747689e-135 5.867932e-196 6.152433e-272
[1] 1.747689e-135 5.867932e-196 6.152433e-272
[1] 1.747689e-135 5.867932e-196 6.152433e-272
[1] 1.747689e-135 5.867933e-196 6.152433e-272
[1] 1.747689e-135 5.867933e-196 6.152433e-272
[1] 1.747689e-135 5.867933e-196 6.152433e-272
[1] 1.747689e-135 5.867933e-196 6.152433e-272
[1] 1.747689e-135 5.867933e-196 6.152433e-272
[1] 1.747689e-135 5.867934e-196 6.152433e-272
[1] 1.747689e-135 5.867934e-196 6.152433e-272
[1] 1.747689e-135 5.867934e-196 6.152433e-272
[1] 1.747689e-135 5.867934e-196 6.152433e-272
[1] 1.747689e-135 5.867934e-196 6.152433e-272
[1] 1.747689e-135 5.867935e-196 6.152433e-272
Algorithm did not converge after  200  iterations.
[1] 0.158344
Algorithm converged after  2  iterations.
[1] 6.248634e-03 3.996790e-04 7.943349e-05
[1] 8.199090e-03 4.520914e-04 9.734432e-05
Algorithm converged after  14  iterations.
[1] 5.400113e-03 3.062355e-04 6.760661e-05
[1] 7.224933e-03 3.499317e-04 8.609586e-05
Algorithm converged after  15  iterations.
[1] 4.642316e-03 2.330547e-04 5.925602e-05
[1] 6.308356e-03 2.690136e-04 7.841032e-05
Algorithm converged after  15  iterations.
[1] 3.968565e-03 1.764129e-04 5.342836e-05
[1] 5.442311e-03 2.052751e-04 7.237641e-05
Algorithm converged after  14  iterations.
[1] 3.372420e-03 1.332233e-04 4.935655e-05
[1] 4.630513e-03 1.554497e-04 6.598548e-05
Algorithm converged after  14  iterations.
[1] 0.0028476663 0.0001010324 0.0000463562
[1] 0.0038764733 0.0001170238 0.0000577373
Algorithm converged after  14  iterations.
[1] 2.388313e-03 7.791448e-05 4.225457e-05
[1] 3.191174e-03 8.880064e-05 4.838649e-05
Algorithm converged after  14  iterations.
[1] 1.988599e-03 6.152976e-05 3.418480e-05
[1] 2.588033e-03 6.958555e-05 3.861305e-05
Algorithm converged after  14  iterations.
[1] 1.642996e-03 4.921117e-05 2.546211e-05
[1] 2.080711e-03 5.610233e-05 2.887647e-05
Algorithm converged after  15  iterations.
[1] 1.346225e-03 3.942937e-05 1.829404e-05
[1] 1.666573e-03 4.564114e-05 2.070322e-05
Algorithm converged after  16  iterations.
[1] 1.093260e-03 3.144265e-05 1.286889e-05
[1] 1.330631e-03 3.690102e-05 1.446971e-05
Algorithm converged after  16  iterations.
[1] 8.793440e-04 2.484652e-05 8.901158e-06
[1] 1.057133e-03 2.941212e-05 9.924033e-06
Algorithm converged after  17  iterations.
[1] 6.999968e-04 1.939211e-05 6.057904e-06
[1] 8.338210e-04 2.303337e-05 6.692498e-06
Algorithm converged after  17  iterations.
[1] 5.510242e-04 1.490780e-05 4.053728e-06
[1] 6.516564e-04 1.769508e-05 4.437396e-06
Algorithm converged after  18  iterations.
[1] 4.285251e-04 1.126124e-05 2.663493e-06
[1] 5.037077e-04 1.331897e-05 2.889697e-06
Algorithm converged after  18  iterations.
[1] 3.288961e-04 8.340088e-06 1.715392e-06
[1] 3.844060e-04 9.808535e-06 1.845384e-06
Algorithm converged after  18  iterations.
[1] 2.488336e-04 6.042512e-06 1.080743e-06
[1] 2.891385e-04 7.055918e-06 1.153529e-06
Algorithm converged after  18  iterations.
[1] 1.853340e-04 4.273306e-06 6.645939e-07
[1] 2.140254e-04 4.949716e-06 7.043233e-07
Algorithm converged after  16  iterations.
[1] 1.356915e-04 2.943062e-06 3.979083e-07
[1] 1.557460e-04 3.380399e-06 4.190513e-07
Algorithm converged after  14  iterations.
[1] 9.749305e-05 1.968953e-06 2.313130e-07
[1] 1.216965e-04 2.437525e-06 2.317891e-07
[1] 1.217463e-04 2.438211e-06 2.318051e-07
[1] 1.217537e-04 2.438312e-06 2.318075e-07
Algorithm converged after  36  iterations.
[1] 6.861067e-05 1.276068e-06 1.301555e-07
[1] 8.428909e-05 1.543976e-06 1.290319e-07
[1] 8.658195e-05 1.571876e-06 1.296611e-07
[1] 8.733697e-05 1.581399e-06 1.299524e-07
[1] 8.736000e-05 1.581692e-06 1.299617e-07
Algorithm converged after  44  iterations.
[1] 4.719178e-05 7.986882e-07 7.064000e-08
[1] 5.355254e-05 8.973782e-07 7.321045e-08
Algorithm converged after  11  iterations.
[1] 3.164628e-05 4.810957e-07 3.683194e-08
Algorithm converged after  10  iterations.
[1] 2.063129e-05 2.777841e-07 1.836434e-08
Algorithm converged after  8  iterations.
[1] 1.303326e-05 1.530432e-07 8.709089e-09
Algorithm converged after  10  iterations.
[1] 7.947877e-06 8.002808e-08 3.903973e-09
[1] 9.652842e-06 9.075466e-08 3.789155e-09
[1] 9.566995e-06 9.053845e-08 3.767765e-09
[1] 9.547500e-06 9.044767e-08 3.767389e-09
[1] 9.545044e-06 9.043576e-08 3.767384e-09
[1] 9.544743e-06 9.043430e-08 3.767384e-09
[1] 9.544706e-06 9.043412e-08 3.767384e-09
Algorithm converged after  62  iterations.
[1] 4.657939e-06 3.947277e-08 5.173992e-14
[1] 5.474344e-06 4.442680e-08 1.471420e-09
[1] 5.856251e-06 4.562057e-08 1.498365e-09
[1] 5.657740e-06 4.523180e-08 1.474949e-09
[1] 5.454916e-06 4.411394e-08 1.506173e-09
[1] 5.481318e-06 4.448332e-08 1.485445e-09
[1] 6.083824e-06 4.688446e-08 1.692411e-09
[1] 5.445076e-06 4.418491e-08 1.488587e-09
[1] 6.147580e-06 4.777939e-08 1.668104e-09
[1] 5.431195e-06 4.402909e-08 1.503991e-09
[1] 5.483276e-06 4.451146e-08 1.563367e-09
[1] 5.472419e-06 4.441987e-08 1.472886e-09
[1] 6.158211e-06 4.787222e-08 1.667898e-09
Algorithm converged after  124  iterations.
[1] 2.609875e-06 1.823108e-08 6.077589e-10
Algorithm converged after  8  iterations.
[1] 1.389495e-06 7.816988e-09 2.113047e-10
[1] 1.808664e-06 9.074326e-09 2.448077e-10
[1] 1.585157e-06 8.493079e-09 2.081529e-10
Algorithm converged after  28  iterations.
[1] 6.977910e-07 3.079735e-09 6.829086e-11
[1] 8.289738e-07 3.389775e-09 6.739164e-11
Algorithm converged after  11  iterations.
[1] 3.276497e-07 1.101210e-09 1.974790e-11
Algorithm converged after  9  iterations.
[1] 1.423287e-07 3.520561e-10 5.020892e-12
Algorithm converged after  8  iterations.
[1] 5.645868e-08 9.880786e-11 2.887952e-23
[1] 6.625137e-08 1.064650e-10 1.383608e-26
Algorithm converged after  19  iterations.
[1] 2.012589e-08 2.380058e-11 6.455695e-25
Algorithm converged after  8  iterations.
[1] 6.319103e-09 4.783199e-12 2.994247e-14
Algorithm converged after  7  iterations.
[1] 1.703726e-09 7.737915e-13 9.589677e-26
[1] 1.974640e-09 8.190899e-13 7.154483e-15
[1] 1.977714e-09 8.197656e-13 7.167214e-15
[1] 1.961464e-09 8.155239e-13 3.421634e-15
Algorithm converged after  32  iterations.
[1] 3.817739e-10 9.622628e-14 4.563511e-23
Algorithm converged after  10  iterations.
[1] 6.812876e-11 8.660779e-15 1.719380e-17
Algorithm converged after  6  iterations.
[1] 9.146381e-12 5.206146e-16 9.907587e-19
Algorithm converged after  6  iterations.
[1] 8.547740e-13 1.873187e-17 1.256496e-20
Algorithm converged after  6  iterations.
[1] 4.988196e-14 3.460363e-19 1.155401e-22
Algorithm converged after  6  iterations.
[1] 1.553679e-15 2.629616e-21 3.761110e-25
Algorithm converged after  5  iterations.
[1] 2.041090e-17 5.895518e-24 2.936165e-28
Algorithm converged after  5  iterations.
[1] 7.812392e-20 2.312809e-27 2.980899e-32
Algorithm converged after  5  iterations.
[1] 4.702878e-23 6.646996e-32 1.419217e-37
Algorithm converged after  5  iterations.
[1] 1.467697e-27 2.919866e-38 5.052808e-45
Algorithm converged after  5  iterations.
[1] 2.580388e-34 8.533414e-48 3.420505e-56
Algorithm converged after  5  iterations.
[1] 1.440092e-45 1.105896e-63 8.370183e-75
Algorithm converged after  5  iterations.
[1]  4.564869e-68  1.881907e-95 5.087919e-112
[1]  4.689524e-68  1.885447e-95 5.066243e-112
Algorithm converged after  13  iterations.
[1] 1.507526e-135 9.576109e-191 4.768311e-252
[1] 1.570416e-135 9.595936e-191  0.000000e+00
[1] 1.592128e-135 9.602683e-191 7.969826e-305
[1] 1.619675e-135 9.611188e-191 3.006184e-271
[1] 1.550168e-135 9.589595e-191 1.538081e-279
[1] 1.561577e-135 9.593167e-191 1.358691e-303
[1] 1.605920e-135 9.606930e-191 6.711288e-288
[1] 1.584097e-135 9.600168e-191 1.291488e-320
[1] 1.507148e-135 9.575992e-191 4.767988e-252
[1] 1.604769e-135 9.606583e-191 1.385974e-289
[1] 1.583317e-135 9.599922e-191 1.657779e-317
[1] 1.570362e-135 9.595902e-191  0.000000e+00
[1] 1.599728e-135 9.605020e-191 3.346554e-301
[1] 1.572178e-135 9.596461e-191  0.000000e+00
[1] 1.641642e-135 9.617740e-191 1.584794e-250
[1] 1.550434e-135 9.589659e-191 1.788120e-278
[1] 1.583317e-135 9.599915e-191 1.499379e-317
[1] 1.572087e-135 9.596423e-191  0.000000e+00
[1] 1.611069e-135 9.608517e-191 1.541396e-279
[1] 1.572234e-135 9.596474e-191  0.000000e+00
Algorithm did not converge after  200  iterations.
[1] 0.156016
Algorithm converged after  2  iterations.
[1] 0.0062486335 0.0005489393 0.0002933927
[1] 0.0116463705 0.0009764596 0.0007903732
Algorithm converged after  12  iterations.
[1] 0.0054001126 0.0004350495 0.0002233085
Algorithm converged after  9  iterations.
[1] 0.0046423157 0.0003435401 0.0001694112
Algorithm converged after  10  iterations.
[1] 0.0039685653 0.0002699896 0.0001285119
Algorithm converged after  10  iterations.
[1] 3.372420e-03 2.109902e-04 9.837201e-05
Algorithm converged after  9  iterations.
[1] 2.847666e-03 1.638178e-04 8.022227e-05
[1] 0.0050929397 0.0002894912 0.0002282703
Algorithm converged after  11  iterations.
[1] 2.388313e-03 1.262473e-04 6.848154e-05
[1] 0.0042062457 0.0002200952 0.0001698325
