myseed=9190 

Attaching package: ‘pls’

The following object is masked from ‘package:stats’:

    loadings

Loading required package: lattice
Loading required package: ggplot2
Registered S3 methods overwritten by 'ggplot2':
  method         from 
  [.quosures     rlang
  c.quosures     rlang
  print.quosures rlang

Attaching package: ‘caret’

The following object is masked from ‘package:pls’:

    R2

Loading required package: Matrix
Loading required package: foreach
Loaded glmnet 2.0-18

Parsed with column specification:
cols(
  .default = col_double()
)
See spec(...) for full column specifications.
Parsed with column specification:
cols(
  X1 = col_double()
)
Parsed with column specification:
cols(
  X1 = col_double()
)
[1] "Best 2step parameter is:"
   gam  rankJ rankA1 rankA2 rankA3 
  11.5    2.0    1.0    0.0    0.0 
[1] 0.004977097
Algorithm converged after  2  iterations.
[1] 0.0042616
Algorithm converged after  2  iterations.
[1] 0.003628625
Algorithm converged after  2  iterations.
[1] 0.003071123
Algorithm converged after  2  iterations.
[1] 0.002582511
Algorithm converged after  2  iterations.
[1] 0.002156603
Algorithm converged after  2  iterations.
[1] 0.001787563
Algorithm converged after  2  iterations.
[1] 0.001469876
Algorithm converged after  2  iterations.
[1] 0.001198331
Algorithm converged after  2  iterations.
[1] 0.0009680095
Algorithm converged after  2  iterations.
[1] 0.0007742801
Algorithm converged after  2  iterations.
[1] 0.0006127999
Algorithm converged after  2  iterations.
[1] 0.0004795155
Algorithm converged after  2  iterations.
[1] 0.0003706667
Algorithm converged after  2  iterations.
[1] 0.00028279
Algorithm converged after  2  iterations.
[1] 0.0002127214
Algorithm converged after  2  iterations.
[1] 0.0001575976
Algorithm converged after  2  iterations.
[1] 0.000114856
Algorithm converged after  2  iterations.
[1] 8.223063e-05
Algorithm converged after  2  iterations.
[1] 5.774592e-05
Algorithm converged after  2  iterations.
[1] 3.970551e-05
Algorithm converged after  2  iterations.
[1] 2.667704e-05
Algorithm converged after  2  iterations.
[1] 1.747252e-05
Algorithm converged after  2  iterations.
[1] 1.112528e-05
Algorithm converged after  2  iterations.
[1] 6.864534e-06
Algorithm converged after  2  iterations.
[1] 4.089116e-06
Algorithm converged after  2  iterations.
[1] 2.341307e-06
Algorithm converged after  2  iterations.
[1] 1.281894e-06
Algorithm converged after  2  iterations.
[1] 6.670402e-07
Algorithm converged after  2  iterations.
[1] 3.27485e-07
Algorithm converged after  2  iterations.
[1] 1.50373e-07
Algorithm converged after  2  iterations.
[1] 6.389819e-08
Algorithm converged after  2  iterations.
[1] 2.480441e-08
Algorithm converged after  2  iterations.
[1] 8.656758e-09
Algorithm converged after  2  iterations.
[1] 2.662582e-09
Algorithm converged after  2  iterations.
[1] 7.037272e-10
Algorithm converged after  2  iterations.
[1] 1.547272e-10
Algorithm converged after  2  iterations.
[1] 2.712513e-11
Algorithm converged after  2  iterations.
[1] 3.583248e-12
Algorithm converged after  2  iterations.
[1] 3.30241e-13
Algorithm converged after  2  iterations.
[1] 1.906457e-14
Algorithm converged after  2  iterations.
[1] 5.900461e-16
Algorithm converged after  2  iterations.
[1] 7.753236e-18
Algorithm converged after  2  iterations.
[1] 2.99818e-20
Algorithm converged after  2  iterations.
[1] 1.852854e-23
Algorithm converged after  2  iterations.
[1] 6.099434e-28
Algorithm converged after  2  iterations.
[1] 1.189059e-34
Algorithm converged after  2  iterations.
[1] 8.168875e-46
Algorithm converged after  2  iterations.
[1] 4.181455e-68
Algorithm converged after  2  iterations.
[1] 6.819096e-135
Algorithm converged after  2  iterations.
[1] 0.1712208
Algorithm converged after  2  iterations.
[1] 0.0049770970 0.0004430501
[1] 0.0073297110 0.0007032639
Algorithm converged after  11  iterations.
[1] 0.0042616000 0.0003541451
[1] 0.0061971512 0.0005643348
Algorithm converged after  11  iterations.
[1] 0.0036286247 0.0002815523
Algorithm converged after  10  iterations.
[1] 0.0030711229 0.0002224155
Algorithm converged after  10  iterations.
[1] 0.0025825112 0.0001745267
Algorithm converged after  9  iterations.
[1] 0.0021566030 0.0001360674
Algorithm converged after  8  iterations.
[1] 0.0017875626 0.0001054682
Algorithm converged after  8  iterations.
[1] 1.469876e-03 8.133146e-05
Algorithm converged after  8  iterations.
[1] 0.0011983311 0.0000624081
Algorithm converged after  7  iterations.
[1] 9.680095e-04 4.762262e-05
Algorithm converged after  8  iterations.
[1] 7.742801e-04 3.609522e-05
Algorithm converged after  8  iterations.
[1] 6.127999e-04 2.712983e-05
Algorithm converged after  8  iterations.
[1] 4.795155e-04 2.018179e-05
Algorithm converged after  8  iterations.
[1] 3.706667e-04 1.482476e-05
Algorithm converged after  8  iterations.
[1] 2.827900e-04 1.072375e-05
Algorithm converged after  8  iterations.
[1] 2.127214e-04 7.614586e-06
Algorithm converged after  8  iterations.
[1] 1.575976e-04 5.288013e-06
Algorithm converged after  8  iterations.
[1] 1.148560e-04 3.577084e-06
Algorithm converged after  8  iterations.
[1] 8.223063e-05 2.347004e-06
Algorithm converged after  8  iterations.
[1] 5.774592e-05 1.487317e-06
Algorithm converged after  8  iterations.
[1] 3.970551e-05 9.065891e-07
Algorithm converged after  8  iterations.
[1] 2.667704e-05 5.294231e-07
Algorithm converged after  8  iterations.
[1] 1.747252e-05 2.950167e-07
Algorithm converged after  8  iterations.
[1] 1.112528e-05 1.562101e-07
Algorithm converged after  8  iterations.
[1] 6.864534e-06 7.822576e-08
Algorithm converged after  8  iterations.
[1] 4.089116e-06 3.684764e-08
Algorithm converged after  7  iterations.
[1] 2.341307e-06 1.622206e-08
Algorithm converged after  7  iterations.
[1] 1.281894e-06 6.624019e-09
Algorithm converged after  7  iterations.
[1] 6.670402e-07 2.485884e-09
Algorithm converged after  7  iterations.
[1] 3.27485e-07 8.48007e-10
Algorithm converged after  7  iterations.
[1] 1.503730e-07 2.594726e-10
Algorithm converged after  7  iterations.
[1] 6.389819e-08 7.006752e-11
Algorithm converged after  6  iterations.
[1] 2.480441e-08 1.636975e-11
Algorithm converged after  6  iterations.
[1] 8.656758e-09 3.228360e-12
Algorithm converged after  6  iterations.
[1] 2.662582e-09 5.211510e-13
Algorithm converged after  6  iterations.
[1] 7.037272e-10 6.622743e-14
Algorithm converged after  6  iterations.
[1] 1.547272e-10 6.300970e-15
Algorithm converged after  5  iterations.
[1] 2.712513e-11 4.203074e-16
Algorithm converged after  5  iterations.
[1] 3.583248e-12 1.801007e-17
Algorithm converged after  5  iterations.
[1] 3.302410e-13 4.399958e-19
Algorithm converged after  5  iterations.
[1] 1.906457e-14 5.186459e-21
Algorithm converged after  5  iterations.
[1] 5.900461e-16 2.318060e-23
Algorithm converged after  4  iterations.
[1] 7.753236e-18 2.737312e-26
Algorithm converged after  4  iterations.
[1] 2.998180e-20 4.843034e-30
Algorithm converged after  4  iterations.
[1] 1.852854e-23 4.991712e-35
Algorithm converged after  4  iterations.
[1] 6.099434e-28 5.481440e-42
Algorithm converged after  4  iterations.
[1] 1.189059e-34 2.151309e-52
Algorithm converged after  5  iterations.
[1] 8.168875e-46 1.102909e-69
Algorithm converged after  5  iterations.
[1]  4.181455e-68 3.677742e-104
Algorithm converged after  5  iterations.
[1] 6.819096e-135 2.664586e-207
Algorithm converged after  6  iterations.
[1] 0.1658716
Algorithm converged after  2  iterations.
[1] 0.0049770970 0.0004122438
[1] 0.0045492831 0.0006707925
Algorithm converged after  15  iterations.
[1] 0.0042616000 0.0003101834
[1] 0.0040037687 0.0005383453
Algorithm converged after  13  iterations.
[1] 0.0036286247 0.0002314126
[1] 0.0034645097 0.0004443536
Algorithm converged after  12  iterations.
[1] 0.0030711229 0.0001712415
[1] 0.0029831382 0.0003552495
Algorithm converged after  11  iterations.
[1] 0.0025825112 0.0001257885
Algorithm converged after  9  iterations.
[1] 2.156603e-03 9.188822e-05
Algorithm converged after  9  iterations.
[1] 0.0017875626 0.0000670345
Algorithm converged after  8  iterations.
[1] 1.469876e-03 4.958033e-05
Algorithm converged after  7  iterations.
[1] 1.198331e-03 3.919023e-05
Algorithm converged after  8  iterations.
[1] 9.680095e-04 3.204891e-05
Algorithm converged after  9  iterations.
[1] 7.742801e-04 2.651423e-05
Algorithm converged after  9  iterations.
[1] 6.127999e-04 2.204014e-05
Algorithm converged after  9  iterations.
[1] 4.795155e-04 1.833171e-05
Algorithm converged after  9  iterations.
[1] 3.706667e-04 1.520226e-05
Algorithm converged after  9  iterations.
[1] 2.827900e-04 1.252452e-05
Algorithm converged after  8  iterations.
[1] 2.127214e-04 1.020971e-05
Algorithm converged after  8  iterations.
[1] 1.575976e-04 8.197393e-06
Algorithm converged after  8  iterations.
[1] 1.148560e-04 6.449677e-06
Algorithm converged after  7  iterations.
[1] 8.223063e-05 4.946082e-06
Algorithm converged after  7  iterations.
[1] 5.774592e-05 3.677167e-06
Algorithm converged after  6  iterations.
[1] 3.970551e-05 2.636871e-06
Algorithm converged after  6  iterations.
[1] 2.667704e-05 1.815367e-06
Algorithm converged after  6  iterations.
[1] 1.747252e-05 1.194733e-06
Algorithm converged after  6  iterations.
[1] 1.112528e-05 7.485103e-07
Algorithm converged after  6  iterations.
[1] 6.864534e-06 4.444928e-07
Algorithm converged after  6  iterations.
[1] 4.089116e-06 2.489931e-07
Algorithm converged after  6  iterations.
[1] 2.341307e-06 1.308414e-07
Algorithm converged after  6  iterations.
[1] 1.281894e-06 6.407002e-08
Algorithm converged after  6  iterations.
[1] 6.670402e-07 2.900255e-08
Algorithm converged after  6  iterations.
[1] 3.274850e-07 1.201875e-08
Algorithm converged after  6  iterations.
[1] 1.50373e-07 4.50567e-09
Algorithm converged after  6  iterations.
[1] 6.389819e-08 1.505901e-09
Algorithm converged after  6  iterations.
[1] 2.480441e-08 4.406969e-10
Algorithm converged after  6  iterations.
[1] 8.656758e-09 1.104185e-10
Algorithm converged after  6  iterations.
[1] 2.662582e-09 2.302760e-11
Algorithm converged after  6  iterations.
[1] 7.037272e-10 3.856345e-12
Algorithm converged after  6  iterations.
[1] 1.547272e-10 4.951415e-13
Algorithm converged after  6  iterations.
[1] 2.712513e-11 4.587534e-14
Algorithm converged after  6  iterations.
[1] 3.583248e-12 2.828585e-15
Algorithm converged after  6  iterations.
[1] 3.302410e-13 1.039228e-16
Algorithm converged after  6  iterations.
[1] 1.906457e-14 1.948833e-18
Algorithm converged after  6  iterations.
[1] 5.900461e-16 1.491426e-20
Algorithm converged after  6  iterations.
[1] 7.753236e-18 3.329685e-23
Algorithm converged after  6  iterations.
[1] 2.998180e-20 1.279445e-26
Algorithm converged after  6  iterations.
[1] 1.852854e-23 3.511179e-31
Algorithm converged after  6  iterations.
[1] 6.099434e-28 1.412470e-37
Algorithm converged after  6  iterations.
[1] 1.189059e-34 3.507411e-47
Algorithm converged after  6  iterations.
[1] 8.168875e-46 3.313976e-63
Algorithm converged after  5  iterations.
[1] 4.181455e-68 2.784688e-95
Algorithm converged after  5  iterations.
[1] 6.819096e-135 1.438305e-191
Algorithm converged after  5  iterations.
[1] 0.1631469
Algorithm converged after  2  iterations.
[1] 0.0049770970 0.0004745192
[1] 0.005696188 0.001048530
Algorithm converged after  19  iterations.
[1] 0.0042616000 0.0003747403
[1] 0.0047575576 0.0008355572
Algorithm converged after  18  iterations.
[1] 0.0036286247 0.0002929424
[1] 0.0039672305 0.0006622501
Algorithm converged after  17  iterations.
[1] 0.0030711229 0.0002265267
[1] 0.0032991851 0.0005209944
Algorithm converged after  16  iterations.
[1] 0.0025825112 0.0001731632
[1] 0.0027320715 0.0004064547
Algorithm converged after  16  iterations.
[1] 0.0021566030 0.0001307697
[1] 0.002251837 0.000313320
Algorithm converged after  15  iterations.
[1] 1.787563e-03 9.749896e-05
[1] 0.0018434993 0.0002393988
Algorithm converged after  15  iterations.
[1] 1.469876e-03 7.172823e-05
[1] 0.0018168675 0.0001211493
Algorithm converged after  18  iterations.
[1] 1.198331e-03 5.204915e-05
[1] 1.436915e-03 8.829655e-05
Algorithm converged after  12  iterations.
[1] 9.680095e-04 3.725693e-05
Algorithm converged after  10  iterations.
[1] 7.742801e-04 2.634126e-05
Algorithm converged after  9  iterations.
[1] 6.127999e-04 1.848746e-05
Algorithm converged after  9  iterations.
[1] 4.795155e-04 1.309437e-05
Algorithm converged after  9  iterations.
[1] 3.706667e-04 9.589386e-06
Algorithm converged after  9  iterations.
[1] 2.827900e-04 7.259595e-06
Algorithm converged after  8  iterations.
[1] 2.127214e-04 5.614909e-06
Algorithm converged after  8  iterations.
[1] 1.575976e-04 4.385284e-06
Algorithm converged after  7  iterations.
[1] 1.148560e-04 3.418714e-06
Algorithm converged after  7  iterations.
[1] 8.223063e-05 2.630606e-06
Algorithm converged after  8  iterations.
[1] 5.774592e-05 1.977463e-06
Algorithm converged after  8  iterations.
[1] 3.970551e-05 1.439514e-06
Algorithm converged after  8  iterations.
[1] 2.667704e-05 1.007659e-06
Algorithm converged after  8  iterations.
[1] 1.747252e-05 6.744726e-07
Algorithm converged after  8  iterations.
[1] 1.112528e-05 4.296713e-07
Algorithm converged after  8  iterations.
[1] 6.864534e-06 2.593873e-07
Algorithm converged after  8  iterations.
[1] 4.089116e-06 1.477204e-07
Algorithm converged after  8  iterations.
[1] 2.341307e-06 7.895466e-08
Algorithm converged after  8  iterations.
[1] 1.281894e-06 3.936335e-08
Algorithm converged after  8  iterations.
[1] 6.670402e-07 1.816899e-08
Algorithm converged after  8  iterations.
[1] 3.274850e-07 7.693116e-09
Algorithm converged after  8  iterations.
[1] 1.503730e-07 2.954559e-09
Algorithm converged after  8  iterations.
[1] 6.389819e-08 1.014931e-09
Algorithm converged after  7  iterations.
[1] 2.480441e-08 3.064884e-10
Algorithm converged after  7  iterations.
[1] 8.656758e-09 7.962340e-11
Algorithm converged after  7  iterations.
[1] 2.662582e-09 1.731821e-11
Algorithm converged after  7  iterations.
[1] 7.037272e-10 3.046248e-12
Algorithm converged after  7  iterations.
[1] 1.547272e-10 4.144125e-13
Algorithm converged after  7  iterations.
[1] 2.712513e-11 4.112362e-14
Algorithm converged after  7  iterations.
[1] 3.583248e-12 2.753012e-15
Algorithm converged after  7  iterations.
[1] 3.302410e-13 1.117568e-16
Algorithm converged after  7  iterations.
[1] 1.906457e-14 2.369322e-18
Algorithm converged after  7  iterations.
[1] 5.900461e-16 2.114182e-20
Algorithm converged after  6  iterations.
[1] 7.753236e-18 5.744315e-23
Algorithm converged after  6  iterations.
[1] 2.99818e-20 2.85747e-26
Algorithm converged after  6  iterations.
[1] 1.852854e-23 1.114735e-30
Algorithm converged after  6  iterations.
[1] 6.099434e-28 7.414822e-37
Algorithm converged after  6  iterations.
[1] 1.189059e-34 3.976395e-46
Algorithm converged after  6  iterations.
[1] 8.168875e-46 1.391154e-61
Algorithm converged after  5  iterations.
[1] 4.181455e-68 1.686486e-92
Algorithm converged after  5  iterations.
[1] 6.819096e-135 3.030796e-185
Algorithm converged after  5  iterations.
[1] 0.1610893
Algorithm converged after  2  iterations.
[1] 0.004977097 0.000864981
Algorithm converged after  2  iterations.
[1] 0.004261600 0.000690855
Algorithm converged after  2  iterations.
[1] 0.0036286247 0.0005479551
Algorithm converged after  2  iterations.
[1] 0.003071123 0.000431844
Algorithm converged after  2  iterations.
[1] 0.0025825112 0.0003384897
Algorithm converged after  2  iterations.
[1] 0.0021566030 0.0002643421
Algorithm converged after  2  iterations.
[1] 0.0017875626 0.0002064334
Algorithm converged after  2  iterations.
[1] 0.0014698758 0.0001626773
Algorithm converged after  2  iterations.
[1] 0.0011983311 0.0001322241
Algorithm converged after  2  iterations.
[1] 0.0009680095 0.0001114493
Algorithm converged after  2  iterations.
[1] 0.0007742801 0.0000957290
Algorithm converged after  2  iterations.
[1] 0.0006127999 0.0000829719
Algorithm converged after  2  iterations.
[1] 4.795155e-04 7.213894e-05
Algorithm converged after  2  iterations.
[1] 3.706667e-04 6.261464e-05
Algorithm converged after  2  iterations.
[1] 2.827900e-04 5.400527e-05
Algorithm converged after  2  iterations.
[1] 2.127214e-04 4.606315e-05
Algorithm converged after  2  iterations.
[1] 1.575976e-04 3.865664e-05
Algorithm converged after  2  iterations.
[1] 1.148560e-04 3.175423e-05
Algorithm converged after  2  iterations.
[1] 8.223063e-05 2.540515e-05
Algorithm converged after  2  iterations.
[1] 5.774592e-05 1.970740e-05
Algorithm converged after  2  iterations.
[1] 3.970551e-05 1.476565e-05
Algorithm converged after  2  iterations.
[1] 2.667704e-05 1.065101e-05
Algorithm converged after  2  iterations.
[1] 1.747252e-05 7.376064e-06
Algorithm converged after  2  iterations.
[1] 1.112528e-05 4.890798e-06
Algorithm converged after  2  iterations.
[1] 6.864534e-06 3.095905e-06
Algorithm converged after  2  iterations.
[1] 4.089116e-06 1.864484e-06
Algorithm converged after  2  iterations.
[1] 2.341307e-06 1.063831e-06
Algorithm converged after  2  iterations.
[1] 1.281894e-06 5.721105e-07
Algorithm converged after  2  iterations.
[1] 6.670402e-07 2.881365e-07
Algorithm converged after  2  iterations.
[1] 3.274850e-07 1.348328e-07
Algorithm converged after  2  iterations.
[1] 1.503730e-07 5.805537e-08
Algorithm converged after  2  iterations.
[1] 6.389819e-08 2.272585e-08
Algorithm converged after  2  iterations.
[1] 2.480441e-08 7.968259e-09
Algorithm converged after  2  iterations.
[1] 8.656758e-09 2.456460e-09
Algorithm converged after  2  iterations.
[1] 2.662582e-09 6.504512e-10
Algorithm converged after  2  iterations.
[1] 7.037272e-10 1.436059e-10
Algorithm converged after  2  iterations.
[1] 1.547272e-10 2.544121e-11
Algorithm converged after  2  iterations.
[1] 2.712513e-11 3.439554e-12
Algorithm converged after  2  iterations.
[1] 3.583248e-12 3.318542e-13
Algorithm converged after  2  iterations.
[1] 3.30241e-13 2.08513e-14
Algorithm converged after  2  iterations.
[1] 1.906457e-14 7.505726e-16
Algorithm converged after  2  iterations.
[1] 5.900461e-16 1.286153e-17
Algorithm converged after  2  iterations.
[1] 7.753236e-18 7.946217e-20
Algorithm converged after  2  iterations.
[1] 2.998180e-20 1.143804e-22
Algorithm converged after  2  iterations.
[1] 1.852854e-23 1.852608e-26
Algorithm converged after  2  iterations.
[1] 6.099434e-28 9.109957e-32
Algorithm converged after  2  iterations.
[1] 1.189059e-34 9.901786e-40
Algorithm converged after  2  iterations.
[1] 8.168875e-46 5.267005e-53
Algorithm converged after  2  iterations.
[1] 4.181455e-68 1.489705e-79
Algorithm converged after  2  iterations.
[1] 6.819096e-135 3.409901e-159
Algorithm converged after  2  iterations.
[1] 0.1476207
Algorithm converged after  2  iterations.
[1] 0.0049770970 0.0004430501 0.0001567373
[1] 0.0056501631 0.0004850115 0.0001735771
Algorithm converged after  13  iterations.
[1] 0.0042616000 0.0003541451 0.0001240425
[1] 0.0049553067 0.0003901430 0.0001336937
Algorithm converged after  13  iterations.
[1] 0.0036286247 0.0002815523 0.0000968839
[1] 0.0043840893 0.0003142600 0.0001027619
Algorithm converged after  14  iterations.
[1] 0.0030711229 0.0002224155 0.0000758151
[1] 3.941247e-03 2.551845e-04 8.075397e-05
Algorithm converged after  15  iterations.
[1] 2.582511e-03 1.745267e-04 6.048439e-05
[1] 0.0035298330 0.0002083590 0.0000677454
Algorithm converged after  14  iterations.
[1] 2.156603e-03 1.360674e-04 4.978817e-05
[1] 3.017343e-03 1.651113e-04 5.788155e-05
Algorithm converged after  11  iterations.
[1] 1.787563e-03 1.054682e-04 4.159668e-05
Algorithm converged after  10  iterations.
[1] 1.469876e-03 8.133146e-05 3.422497e-05
Algorithm converged after  10  iterations.
[1] 1.198331e-03 6.240810e-05 2.724113e-05
Algorithm converged after  10  iterations.
[1] 9.680095e-04 4.762262e-05 2.089392e-05
Algorithm converged after  10  iterations.
[1] 7.742801e-04 3.609522e-05 1.548358e-05
Algorithm converged after  10  iterations.
[1] 6.127999e-04 2.712983e-05 1.112398e-05
Algorithm converged after  10  iterations.
[1] 4.795155e-04 2.018179e-05 7.765740e-06
Algorithm converged after  10  iterations.
[1] 3.706667e-04 1.482476e-05 5.273583e-06
Algorithm converged after  9  iterations.
[1] 2.827900e-04 1.072375e-05 3.484057e-06
Algorithm converged after  9  iterations.
[1] 2.127214e-04 7.614586e-06 2.238094e-06
Algorithm converged after  9  iterations.
[1] 1.575976e-04 5.288013e-06 1.396418e-06
Algorithm converged after  9  iterations.
[1] 1.148560e-04 3.577084e-06 8.449707e-07
Algorithm converged after  9  iterations.
[1] 8.223063e-05 2.347004e-06 4.949147e-07
Algorithm converged after  9  iterations.
[1] 5.774592e-05 1.487317e-06 2.799467e-07
Algorithm converged after  9  iterations.
[1] 3.970551e-05 9.065891e-07 1.524984e-07
Algorithm converged after  9  iterations.
[1] 2.667704e-05 5.294231e-07 7.973504e-08
Algorithm converged after  9  iterations.
[1] 1.747252e-05 2.950167e-07 3.985599e-08
Algorithm converged after  9  iterations.
[1] 1.112528e-05 1.562101e-07 1.895567e-08
Algorithm converged after  8  iterations.
[1] 6.864534e-06 7.822576e-08 8.530004e-09
Algorithm converged after  8  iterations.
[1] 4.089116e-06 3.684764e-08 3.607859e-09
Algorithm converged after  8  iterations.
[1] 2.341307e-06 1.622206e-08 1.423155e-09
Algorithm converged after  8  iterations.
[1] 1.281894e-06 6.624019e-09 5.187475e-10
Algorithm converged after  8  iterations.
[1] 6.670402e-07 2.485884e-09 1.728292e-10
Algorithm converged after  8  iterations.
[1] 3.274850e-07 8.480070e-10 5.194954e-11
Algorithm converged after  7  iterations.
[1] 1.503730e-07 2.594726e-10 1.386958e-11
Algorithm converged after  7  iterations.
[1] 6.389819e-08 7.006752e-11 3.227388e-12
Algorithm converged after  7  iterations.
[1] 2.480441e-08 1.636975e-11 6.396130e-13
Algorithm converged after  7  iterations.
[1] 8.656758e-09 3.228360e-12 1.049267e-13
Algorithm converged after  6  iterations.
[1] 2.662582e-09 5.211510e-13 1.374994e-14
Algorithm converged after  6  iterations.
[1] 7.037272e-10 6.622743e-14 1.375948e-15
Algorithm converged after  6  iterations.
[1] 1.547272e-10 6.300970e-15 9.923338e-17
Algorithm converged after  6  iterations.
[1] 2.712513e-11 4.203074e-16 4.782168e-18
Algorithm converged after  6  iterations.
[1] 3.583248e-12 1.801007e-17 1.392299e-19
Algorithm converged after  5  iterations.
[1] 3.302410e-13 4.399958e-19 2.134592e-21
Algorithm converged after  5  iterations.
[1] 1.906457e-14 5.186459e-21 1.421879e-23
Algorithm converged after  5  iterations.
[1] 5.900461e-16 2.318060e-23 3.117259e-26
Algorithm converged after  4  iterations.
[1] 7.753236e-18 2.737312e-26 1.483090e-29
Algorithm converged after  4  iterations.
[1] 2.998180e-20 4.843034e-30 7.958626e-34
Algorithm converged after  4  iterations.
[1] 1.852854e-23 4.991712e-35 1.618612e-39
Algorithm converged after  5  iterations.
[1] 6.099434e-28 5.481440e-42 1.752205e-47
Algorithm converged after  5  iterations.
[1] 1.189059e-34 2.151309e-52 1.991922e-59
Algorithm converged after  5  iterations.
[1] 8.168875e-46 1.102909e-69 2.291479e-86
[1] 6.191270e-46 1.120973e-69 2.178611e-86
[1] 6.593142e-46 1.117148e-69 2.457804e-79
[1] 6.505748e-46 1.118055e-69 2.204948e-86
[1] 5.729348e-46 1.125792e-69 2.176031e-86
[1] 5.729110e-46 1.125907e-69 2.176136e-86
[1] 5.729011e-46 1.126020e-69 2.176156e-86
[1] 5.728913e-46 1.126133e-69 2.176177e-86
[1] 5.728800e-46 1.126246e-69 2.176197e-86
[1] 5.728711e-46 1.126359e-69 2.176220e-86
[1] 5.728615e-46 1.126472e-69 2.176239e-86
[1] 5.728514e-46 1.126585e-69 2.176259e-86
[1] 5.728420e-46 1.126698e-69 2.176279e-86
[1]  6.425114e-46  1.119877e-69 4.023633e-140
[1] 6.592051e-46 1.118294e-69 3.635924e-83
[1] 6.598539e-46 1.118247e-69 1.802166e-83
[1] 6.193737e-46 1.122199e-69 2.180242e-86
[1] 6.207891e-46 1.122104e-69 2.185929e-86
[1] 6.597348e-46 1.118389e-69 2.313359e-83
[1] 6.471971e-46 1.119647e-69 2.204521e-86
Algorithm did not converge after  200  iterations.
[1]  4.181455e-68 3.677742e-104 4.052496e-119
[1]  2.871167e-68 3.769398e-104 1.546614e-154
[1]  3.019004e-68 3.758284e-104 1.500565e-152
[1]  3.352921e-68 3.733835e-104 1.590854e-156
[1]  3.352108e-68 3.733939e-104 1.586915e-156
[1]  3.351842e-68 3.734002e-104 1.585289e-156
[1]  3.351767e-68 3.734051e-104 1.584632e-156
[1]  3.218191e-68 3.743681e-104 1.157156e-134
[1]  2.913167e-68 3.766656e-104 1.724745e-151
[1]  3.276800e-68 3.739753e-104 1.499982e-152
[1]  3.351006e-68 3.734412e-104 1.580132e-156
[1]  3.047541e-68 3.756665e-104 1.137048e-150
[1]  3.019493e-68 3.758918e-104 1.501015e-152
[1]  3.122218e-68 3.751261e-104 1.137774e-150
[1]  3.019014e-68 3.759042e-104 1.500862e-152
[1]  3.093654e-68 3.753561e-104 1.501044e-152
[1]  3.081427e-68 3.754497e-104 2.511598e-145
[1]  3.064721e-68 3.755844e-104 1.743746e-151
[1]  3.420372e-68 3.730194e-104 1.291236e-156
[1]  3.094832e-68 3.753630e-104 1.578693e-156
Algorithm did not converge after  200  iterations.
[1] 6.819096e-135 2.664586e-207 6.192591e-256
[1] 3.604940e-135 2.779765e-207 5.177039e-313
[1] 3.604881e-135 2.780580e-207 1.969523e-311
[1] 4.452875e-135 2.746863e-207 1.769646e-238
[1] 4.574234e-135 2.742906e-207 1.773072e-238
[1] 4.736622e-135 2.737847e-207 1.779325e-238
[1] 3.996604e-135 2.767387e-207 3.832206e-280
[1] 3.948818e-135 2.769924e-207 1.748015e-238
[1] 4.904157e-135 2.734297e-207 1.798665e-238
[1] 3.606551e-135 2.786443e-207  0.000000e+00
[1] 3.606327e-135 2.788051e-207  0.000000e+00
[1] 4.724643e-135 2.744060e-207 1.778394e-238
[1] 4.403394e-135 2.757311e-207 1.777510e-238
[1] 3.604997e-135 2.790802e-207 1.985794e-283
[1] 3.606382e-135 2.791520e-207  0.000000e+00
[1] 4.070869e-135 2.773010e-207 5.181400e-313
[1] 3.930597e-135 2.779295e-207 1.747986e-238
[1] 4.508172e-135 2.757387e-207 1.775004e-238
[1] 3.602785e-135 2.794724e-207 9.609078e-309
[1] 3.604139e-135 2.795138e-207 1.784486e-238
Algorithm did not converge after  200  iterations.
[1] 0.163877
Algorithm converged after  2  iterations.
[1] 4.977097e-03 4.122438e-04 7.283776e-05
[1] 0.0045043562 0.0004213757 0.0000823421
Algorithm converged after  11  iterations.
[1] 4.261600e-03 3.101834e-04 6.103628e-05
[1] 3.866285e-03 3.157499e-04 6.729073e-05
Algorithm converged after  11  iterations.
[1] 3.628625e-03 2.314126e-04 5.160006e-05
[1] 3.305255e-03 2.343955e-04 5.514863e-05
Algorithm converged after  11  iterations.
[1] 3.071123e-03 1.712415e-04 4.398536e-05
[1] 0.0028154575 0.0001722851 0.0000451160
Algorithm converged after  11  iterations.
[1] 2.582511e-03 1.257885e-04 3.783174e-05
[1] 2.392052e-03 1.253122e-04 3.656468e-05
Algorithm converged after  11  iterations.
[1] 2.156603e-03 9.188822e-05 3.301032e-05
Algorithm converged after  10  iterations.
[1] 1.787563e-03 6.703450e-05 2.982237e-05
[1] 1.739972e-03 6.426822e-05 2.241599e-05
Algorithm converged after  12  iterations.
[1] 1.469876e-03 4.958033e-05 3.060351e-05
[1] 1.545001e-03 4.574345e-05 1.660268e-05
Algorithm converged after  16  iterations.
[1] 1.198331e-03 3.919023e-05 2.605333e-05
[1] 1.208448e-03 3.646575e-05 2.253407e-05
Algorithm converged after  13  iterations.
[1] 9.680095e-04 3.204891e-05 1.841157e-05
[1] 9.553260e-04 2.911548e-05 1.785723e-05
Algorithm converged after  14  iterations.
[1] 7.742801e-04 2.651423e-05 1.261643e-05
[1] 7.511447e-04 2.459819e-05 1.290958e-05
Algorithm converged after  13  iterations.
[1] 6.127999e-04 2.204014e-05 8.481431e-06
Algorithm converged after  10  iterations.
[1] 4.795155e-04 1.833171e-05 5.615177e-06
Algorithm converged after  9  iterations.
[1] 3.706667e-04 1.520226e-05 3.670155e-06
Algorithm converged after  9  iterations.
[1] 2.827900e-04 1.252452e-05 2.369697e-06
Algorithm converged after  9  iterations.
[1] 2.127214e-04 1.020971e-05 1.508725e-06
Algorithm converged after  9  iterations.
[1] 1.575976e-04 8.197393e-06 9.442823e-07
Algorithm converged after  9  iterations.
[1] 1.148560e-04 6.449677e-06 5.789873e-07
Algorithm converged after  8  iterations.
[1] 8.223063e-05 4.946082e-06 3.465459e-07
Algorithm converged after  8  iterations.
[1] 5.774592e-05 3.677167e-06 2.017331e-07
Algorithm converged after  8  iterations.
[1] 3.970551e-05 2.636871e-06 1.137748e-07
Algorithm converged after  10  iterations.
[1] 2.667704e-05 1.815367e-06 6.191459e-08
[1] 2.983367e-05 1.932672e-06 5.649533e-08
Algorithm converged after  12  iterations.
[1] 1.747252e-05 1.194733e-06 1.509923e-08
[1] 1.973138e-05 1.258908e-06 1.464448e-08
Algorithm converged after  19  iterations.
[1] 1.112528e-05 7.485103e-07 6.840088e-09
[1] 1.243480e-05 7.781034e-07 6.891345e-09
Algorithm converged after  15  iterations.
[1] 6.864534e-06 4.444928e-07 2.910753e-09
[1] 7.777490e-06 4.614088e-07 2.939419e-09
Algorithm converged after  12  iterations.
[1] 4.089116e-06 2.489931e-07 1.157809e-09
Algorithm converged after  10  iterations.
[1] 2.341307e-06 1.308414e-07 4.272688e-10
Algorithm converged after  9  iterations.
[1] 1.281894e-06 6.407002e-08 1.449451e-10
Algorithm converged after  8  iterations.
[1] 6.670402e-07 2.900255e-08 4.470412e-11
Algorithm converged after  7  iterations.
[1] 3.274850e-07 1.201875e-08 1.237030e-11
Algorithm converged after  7  iterations.
[1] 1.503730e-07 4.505670e-09 3.022525e-12
Algorithm converged after  7  iterations.
[1] 6.389819e-08 1.505901e-09 6.395927e-13
Algorithm converged after  7  iterations.
[1] 2.480441e-08 4.406969e-10 1.144676e-13
Algorithm converged after  7  iterations.
[1] 8.656758e-09 1.104185e-10 1.682570e-14
Algorithm converged after  7  iterations.
[1] 2.662582e-09 2.302760e-11 1.958162e-15
Algorithm converged after  7  iterations.
[1] 7.037272e-10 3.856345e-12 1.722383e-16
Algorithm converged after  6  iterations.
[1] 1.547272e-10 4.951415e-13 1.078623e-17
Algorithm converged after  6  iterations.
[1] 2.712513e-11 4.587534e-14 4.447742e-19
Algorithm converged after  6  iterations.
[1] 3.583248e-12 2.828585e-15 1.088199e-20
Algorithm converged after  6  iterations.
[1] 3.302410e-13 1.039228e-16 1.370597e-22
Algorithm converged after  6  iterations.
[1] 1.906457e-14 1.948833e-18 7.285046e-25
Algorithm converged after  6  iterations.
[1] 5.900461e-16 1.491426e-20 1.226418e-27
Algorithm converged after  6  iterations.
[1] 7.753236e-18 3.329685e-23 4.252312e-31
Algorithm converged after  6  iterations.
[1] 2.998180e-20 1.279445e-26 1.544445e-35
Algorithm converged after  6  iterations.
[1] 1.852854e-23 3.511179e-31 1.904827e-41
Algorithm converged after  6  iterations.
[1] 6.099434e-28 1.412470e-37 2.396456e-51
Algorithm converged after  6  iterations.
[1] 1.189059e-34 3.507411e-47 5.907059e-63
Algorithm converged after  6  iterations.
[1] 8.168875e-46 3.313976e-63 9.822688e-84
Algorithm converged after  6  iterations.
[1]  4.181455e-68  2.784688e-95 7.861098e-133
[1]  6.724926e-68  2.845321e-95 7.942504e-133
[1]  6.724929e-68  2.845322e-95 7.942502e-133
[1]  6.724929e-68  2.845324e-95 7.942502e-133
[1]  6.724930e-68  2.845325e-95 7.942502e-133
[1]  6.724930e-68  2.845326e-95 7.942502e-133
[1]  6.724931e-68  2.845328e-95 7.942502e-133
[1]  6.724931e-68  2.845329e-95 7.942502e-133
[1]  6.724931e-68  2.845330e-95 7.942501e-133
[1]  6.724932e-68  2.845332e-95 7.942501e-133
[1]  6.724932e-68  2.845333e-95 7.942501e-133
[1]  6.724933e-68  2.845334e-95 7.942501e-133
[1]  6.724933e-68  2.845336e-95 7.942501e-133
[1]  6.724934e-68  2.845337e-95 7.942501e-133
[1]  6.724934e-68  2.845338e-95 7.942500e-133
[1]  6.724935e-68  2.845339e-95 7.942500e-133
[1]  6.724935e-68  2.845341e-95 7.942500e-133
[1]  6.724936e-68  2.845342e-95 7.942500e-133
[1]  6.724936e-68  2.845343e-95 7.942500e-133
[1]  6.724937e-68  2.845345e-95 7.942500e-133
Algorithm did not converge after  200  iterations.
[1] 6.819096e-135 1.438305e-191 5.914514e-255
Algorithm converged after  5  iterations.
[1] 0.1585974
Algorithm converged after  2  iterations.
[1] 0.0049770970 0.0004745192 0.0001219650
[1] 0.0067713799 0.0005813033 0.0001369088
Algorithm converged after  15  iterations.
[1] 4.261600e-03 3.747403e-04 9.398949e-05
[1] 0.0058897103 0.0004588036 0.0001064407
Algorithm converged after  14  iterations.
[1] 3.628625e-03 2.929424e-04 7.225578e-05
[1] 5.056380e-03 3.572666e-04 8.253701e-05
Algorithm converged after  13  iterations.
[1] 3.071123e-03 2.265267e-04 5.538848e-05
[1] 4.287725e-03 2.746567e-04 6.364069e-05
Algorithm converged after  11  iterations.
[1] 2.582511e-03 1.731632e-04 4.224238e-05
[1] 3.595147e-03 2.086258e-04 4.872067e-05
Algorithm converged after  12  iterations.
[1] 2.156603e-03 1.307697e-04 3.196522e-05
[1] 2.982947e-03 1.566934e-04 3.700073e-05
[1] 2.983503e-03 1.566696e-04 3.699208e-05
Algorithm converged after  30  iterations.
[1] 1.787563e-03 9.749896e-05 2.394633e-05
[1] 2.537719e-03 1.253215e-04 2.970744e-05
[1] 2.674491e-03 1.305191e-04 2.640223e-05
[1] 0.0027270848 0.0001320276 0.0000248253
[1] 0.0027489570 0.0001324720 0.0000241973
[1] 2.758738e-03 1.325710e-04 2.393786e-05
[1] 2.763410e-03 1.325672e-04 2.382545e-05
[1] 2.765783e-03 1.325405e-04 2.377397e-05
[1] 2.767053e-03 1.325151e-04 2.374895e-05
[1] 2.767763e-03 1.324960e-04 2.373606e-05
[1] 2.768173e-03 1.324831e-04 2.372909e-05
[1] 2.768414e-03 1.324746e-04 2.372515e-05
[1] 2.768559e-03 1.324692e-04 2.372287e-05
[1] 2.768646e-03 1.324659e-04 2.372152e-05
[1] 2.768699e-03 1.324638e-04 2.372071e-05
[1] 2.768731e-03 1.324625e-04 2.372022e-05
[1] 2.768751e-03 1.324617e-04 2.371992e-05
[1] 2.768763e-03 1.324612e-04 2.371974e-05
[1] 2.768770e-03 1.324609e-04 2.371963e-05
[1] 2.768775e-03 1.324607e-04 2.371956e-05
Algorithm did not converge after  200  iterations.
[1] 1.469876e-03 7.172823e-05 1.774535e-05
[1] 2.246996e-03 1.015440e-04 1.916789e-05
[1] 2.321433e-03 1.062562e-04 1.452083e-05
[1] 2.356209e-03 1.085263e-04 1.282745e-05
[1] 2.373456e-03 1.094848e-04 1.207702e-05
[1] 2.382797e-03 1.098908e-04 1.175501e-05
[1] 0.0023882100 0.0001100627 0.0000116186
[1] 2.391505e-03 1.101341e-04 1.156263e-05
[1] 2.393580e-03 1.101620e-04 1.154136e-05
[1] 2.394922e-03 1.101716e-04 1.153471e-05
[1] 2.395804e-03 1.101736e-04 1.153385e-05
[1] 2.396391e-03 1.101730e-04 1.153501e-05
[1] 2.396785e-03 1.101715e-04 1.153661e-05
[1] 0.0023970514 0.0001101701 0.0000115381
[1] 0.0023972324 0.0001101689 0.0000115393
[1] 2.397356e-03 1.101679e-04 1.154021e-05
[1] 2.397440e-03 1.101672e-04 1.154087e-05
[1] 2.397497e-03 1.101667e-04 1.154135e-05
[1] 2.397537e-03 1.101664e-04 1.154168e-05
[1] 2.397564e-03 1.101661e-04 1.154191e-05
Algorithm did not converge after  200  iterations.
[1] 1.198331e-03 5.204915e-05 1.305610e-05
[1] 1.829229e-03 7.283157e-05 1.177470e-05
[1] 1.799512e-03 7.129271e-05 2.548690e-05
[1] 1.798409e-03 7.127719e-05 2.588248e-05
Algorithm converged after  39  iterations.
[1] 9.680095e-04 3.725693e-05 9.757522e-06
[1] 1.446629e-03 5.055854e-05 2.046542e-05
[1] 1.445424e-03 5.053145e-05 2.065474e-05
Algorithm converged after  25  iterations.
[1] 7.742801e-04 2.634126e-05 8.633105e-06
[1] 1.148645e-03 3.805352e-05 2.252677e-05
Algorithm converged after  16  iterations.
[1] 6.127999e-04 1.848746e-05 9.759401e-06
[1] 8.921767e-04 2.437269e-05 1.468865e-05
Algorithm converged after  14  iterations.
[1] 4.795155e-04 1.309437e-05 9.343597e-06
[1] 6.888462e-04 1.669056e-05 1.164629e-05
Algorithm converged after  11  iterations.
[1] 3.706667e-04 9.589386e-06 6.937850e-06
[1] 5.297987e-04 1.278192e-05 8.536141e-06
Algorithm converged after  11  iterations.
[1] 2.827900e-04 7.259595e-06 4.650204e-06
[1] 4.014328e-04 1.000507e-05 5.604303e-06
Algorithm converged after  11  iterations.
[1] 2.127214e-04 5.614909e-06 2.981598e-06
[1] 3.000681e-04 7.883709e-06 3.543927e-06
Algorithm converged after  11  iterations.
[1] 1.575976e-04 4.385284e-06 1.850518e-06
[1] 2.211990e-04 6.200714e-06 2.175873e-06
Algorithm converged after  11  iterations.
[1] 1.148560e-04 3.418714e-06 1.114242e-06
Algorithm converged after  10  iterations.
[1] 8.223063e-05 2.630606e-06 6.505560e-07
Algorithm converged after  10  iterations.
[1] 5.774592e-05 1.977463e-06 3.676771e-07
Algorithm converged after  10  iterations.
[1] 3.970551e-05 1.439514e-06 2.006535e-07
Algorithm converged after  10  iterations.
[1] 2.667704e-05 1.007659e-06 1.054021e-07
Algorithm converged after  10  iterations.
[1] 1.747252e-05 6.744726e-07 5.308778e-08
Algorithm converged after  10  iterations.
[1] 1.112528e-05 4.296713e-07 2.551991e-08
Algorithm converged after  10  iterations.
[1] 6.864534e-06 2.593873e-07 1.164531e-08
Algorithm converged after  10  iterations.
[1] 4.089116e-06 1.477204e-07 5.012887e-09
Algorithm converged after  10  iterations.
[1] 2.341307e-06 7.895466e-08 2.021024e-09
Algorithm converged after  9  iterations.
[1] 1.281894e-06 3.936335e-08 7.568746e-10
[1] 1.964485e-06 5.379178e-08 8.723824e-10
Algorithm converged after  13  iterations.
[1] 6.670402e-07 1.816899e-08 2.551858e-10
[1] 8.936625e-07 2.203333e-08 2.811654e-10
[1] 8.936774e-07 2.203522e-08 2.811941e-10
Algorithm converged after  30  iterations.
[1] 3.274850e-07 7.693116e-09 7.926183e-11
Algorithm converged after  9  iterations.
[1] 1.503730e-07 2.954559e-09 2.195395e-11
[1] 2.247577e-07 3.743916e-09 2.590444e-11
[1] 2.320498e-07 3.841312e-09 2.366933e-25
[1] 2.319416e-07 3.839974e-09 7.734606e-18
[1] 2.239889e-07 3.734551e-09 2.586481e-11
[1] 2.039747e-07 3.538077e-09 7.556014e-18
[1] 2.006639e-07 3.504854e-09 2.477747e-11
[1] 2.311813e-07 3.824647e-09 5.146357e-18
[1] 2.291561e-07 3.790090e-09 1.264252e-20
[1] 2.252219e-07 3.755282e-09 3.980454e-19
[1] 1.999528e-07 3.493715e-09 2.472344e-11
[1] 2.216589e-07 3.690217e-09 1.858517e-20
[1] 2.265537e-07 3.758366e-09 2.595467e-11
Algorithm converged after  126  iterations.
[1] 6.389819e-08 1.014931e-09 5.327382e-12
[1] 9.646727e-08 1.275810e-09 6.429157e-12
[1] 8.772423e-08 1.209256e-09 1.879786e-21
[1] 9.856329e-08 1.296539e-09 2.820400e-19
[1] 9.899187e-08 1.302237e-09 6.521798e-12
Algorithm converged after  45  iterations.
[1] 2.480441e-08 3.064884e-10 1.107845e-12
[1] 3.158351e-08 3.504568e-10 1.110389e-12
Algorithm converged after  15  iterations.
[1] 8.656758e-09 7.962340e-11 1.920997e-13
Algorithm converged after  7  iterations.
[1] 2.662582e-09 1.731821e-11 1.613782e-21
[1] 3.657920e-09 2.008576e-11 2.631953e-14
[1] 3.764308e-09 2.030461e-11 2.613340e-14
[1] 4.105101e-09 2.119900e-11 3.301076e-27
[1] 3.413709e-09 1.953823e-11 9.685786e-34
[1] 3.085912e-09 1.849323e-11 1.319849e-32
[1] 3.613605e-09 2.000442e-11 1.132390e-22
[1] 3.100216e-09 1.859682e-11 7.356705e-23
[1] 3.661538e-09 2.022610e-11 5.404756e-28
[1] 3.530919e-09 1.980338e-11 2.011662e-26
[1] 3.590498e-09 2.002582e-11 1.100451e-22
[1] 3.447225e-09 1.960848e-11 1.046374e-22
[1] 3.266964e-09 1.911317e-11 2.680156e-14
[1] 3.591182e-09 2.009480e-11 1.125829e-22
[1] 3.155031e-09 1.888918e-11 1.348169e-22
[1] 3.619836e-09 2.023056e-11 2.640949e-14
[1] 3.575866e-09 2.008934e-11 6.244165e-28
[1] 3.863465e-09 2.080559e-11 2.633060e-14
[1] 3.320095e-09 1.922325e-11 2.775145e-14
[1] 3.430978e-09 1.984073e-11 7.477846e-24
Algorithm did not converge after  200  iterations.
[1] 7.037272e-10 3.046248e-12 2.893966e-15
[1] 9.579462e-10 3.478242e-12 2.896756e-15
[1] 9.803938e-10 3.511191e-12 6.845612e-30
[1] 1.089242e-09 3.682177e-12 2.807396e-15
[1] 9.705280e-10 3.513493e-12 1.842327e-24
[1] 1.095348e-09 3.718506e-12 2.779844e-15
[1] 8.405912e-10 3.293859e-12 1.607152e-24
[1] 8.355178e-10 3.289490e-12 2.845883e-15
[1] 9.213904e-10 3.429548e-12 3.012727e-15
[1] 9.216892e-10 3.453993e-12 3.092626e-15
[1] 8.062926e-10 3.251946e-12 2.843666e-15
[1] 1.089086e-09 3.733016e-12 2.775621e-15
[1] 9.694883e-10 3.533281e-12 2.839534e-15
Algorithm converged after  122  iterations.
[1] 1.547272e-10 4.144125e-13 1.505516e-26
[1] 2.110675e-10 4.691120e-13 2.280918e-16
Algorithm converged after  14  iterations.
[1] 2.712513e-11 4.112362e-14 1.216209e-17
Algorithm converged after  7  iterations.
[1] 3.583248e-12 2.753012e-15 4.000525e-19
Algorithm converged after  7  iterations.
