myseed=3731 

Attaching package: ‘pls’

The following object is masked from ‘package:stats’:

    loadings

Loading required package: lattice
Loading required package: ggplot2
Registered S3 methods overwritten by 'ggplot2':
  method         from 
  [.quosures     rlang
  c.quosures     rlang
  print.quosures rlang

Attaching package: ‘caret’

The following object is masked from ‘package:pls’:

    R2

Loading required package: Matrix
Loading required package: foreach
Loaded glmnet 2.0-18

Parsed with column specification:
cols(
  .default = col_double()
)
See spec(...) for full column specifications.
Parsed with column specification:
cols(
  X1 = col_double()
)
Parsed with column specification:
cols(
  X1 = col_double()
)
[1] "Best 2step parameter is:"
   gam  rankJ rankA1 rankA2 rankA3 
  36.5    3.0    0.0    0.0    0.0 
[1] 0.005540031
Algorithm converged after  2  iterations.
[1] 0.004762305
Algorithm converged after  2  iterations.
[1] 0.004072326
Algorithm converged after  2  iterations.
[1] 0.003462683
Algorithm converged after  2  iterations.
[1] 0.002926476
Algorithm converged after  2  iterations.
[1] 0.002457241
Algorithm converged after  2  iterations.
[1] 0.002048888
Algorithm converged after  2  iterations.
[1] 0.001695664
Algorithm converged after  2  iterations.
[1] 0.001392132
Algorithm converged after  2  iterations.
[1] 0.001133157
Algorithm converged after  2  iterations.
[1] 0.0009138967
Algorithm converged after  2  iterations.
[1] 0.0007298023
Algorithm converged after  2  iterations.
[1] 0.0005766199
Algorithm converged after  2  iterations.
[1] 0.0004503935
Algorithm converged after  2  iterations.
[1] 0.0003474683
Algorithm converged after  2  iterations.
[1] 0.0002644943
Algorithm converged after  2  iterations.
[1] 0.0001984262
Algorithm converged after  2  iterations.
[1] 0.000146523
Algorithm converged after  2  iterations.
[1] 0.0001063422
Algorithm converged after  2  iterations.
[1] 7.573283e-05
Algorithm converged after  2  iterations.
[1] 5.282362e-05
Algorithm converged after  2  iterations.
[1] 3.600884e-05
Algorithm converged after  2  iterations.
[1] 2.393111e-05
Algorithm converged after  2  iterations.
[1] 1.546197e-05
Algorithm converged after  2  iterations.
[1] 9.68055e-06
Algorithm converged after  2  iterations.
[1] 5.850934e-06
Algorithm converged after  2  iterations.
[1] 3.398771e-06
Algorithm converged after  2  iterations.
[1] 1.887719e-06
Algorithm converged after  2  iterations.
[1] 9.963429e-07
Algorithm converged after  2  iterations.
[1] 4.960968e-07
Algorithm converged after  2  iterations.
[1] 2.309974e-07
Algorithm converged after  2  iterations.
[1] 9.952401e-08
Algorithm converged after  2  iterations.
[1] 3.916559e-08
Algorithm converged after  2  iterations.
[1] 1.385453e-08
Algorithm converged after  2  iterations.
[1] 4.318271e-09
Algorithm converged after  2  iterations.
[1] 1.156292e-09
Algorithm converged after  2  iterations.
[1] 2.574763e-10
Algorithm converged after  2  iterations.
[1] 4.569289e-11
Algorithm converged after  2  iterations.
[1] 6.106332e-12
Algorithm converged after  2  iterations.
[1] 5.688073e-13
Algorithm converged after  2  iterations.
[1] 3.314493e-14
Algorithm converged after  2  iterations.
[1] 1.033427e-15
Algorithm converged after  2  iterations.
[1] 1.363903e-17
Algorithm converged after  2  iterations.
[1] 5.272614e-20
Algorithm converged after  2  iterations.
[1] 3.232463e-23
Algorithm converged after  2  iterations.
[1] 1.041596e-27
Algorithm converged after  2  iterations.
[1] 1.938122e-34
Algorithm converged after  2  iterations.
[1] 1.204236e-45
Algorithm converged after  2  iterations.
[1] 4.834487e-68
Algorithm converged after  2  iterations.
[1] 3.406891e-135
Algorithm converged after  2  iterations.
[1] 0.167769
Algorithm converged after  2  iterations.
[1] 0.0055400313 0.0006503615
Algorithm converged after  9  iterations.
[1] 0.0047623047 0.0005200147
[1] 0.0078009782 0.0007272421
Algorithm converged after  11  iterations.
[1] 0.0040723262 0.0004121963
Algorithm converged after  10  iterations.
[1] 0.0034626827 0.0003236095
Algorithm converged after  10  iterations.
[1] 0.0029264764 0.0002514508
Algorithm converged after  9  iterations.
[1] 0.0024572415 0.0001932603
Algorithm converged after  9  iterations.
[1] 0.0020488879 0.0001468497
Algorithm converged after  9  iterations.
[1] 0.0016956639 0.0001102696
Algorithm converged after  8  iterations.
[1] 1.392132e-03 8.179251e-05
Algorithm converged after  8  iterations.
[1] 1.133157e-03 5.990289e-05
Algorithm converged after  8  iterations.
[1] 0.0009138967 0.0000432901
Algorithm converged after  7  iterations.
[1] 0.0007298023 0.0000308413
Algorithm converged after  8  iterations.
[1] 5.766199e-04 2.163231e-05
Algorithm converged after  8  iterations.
[1] 0.0004503935 0.0000149124
Algorithm converged after  8  iterations.
[1] 3.474683e-04 1.008257e-05
Algorithm converged after  8  iterations.
[1] 2.644943e-04 6.670654e-06
Algorithm converged after  8  iterations.
[1] 1.984262e-04 4.307757e-06
Algorithm converged after  8  iterations.
[1] 1.465230e-04 2.708055e-06
Algorithm converged after  8  iterations.
[1] 1.063422e-04 1.652530e-06
Algorithm converged after  8  iterations.
[1] 7.573283e-05 9.758886e-07
Algorithm converged after  8  iterations.
[1] 5.282362e-05 5.558684e-07
Algorithm converged after  8  iterations.
[1] 3.600884e-05 3.042894e-07
Algorithm converged after  8  iterations.
[1] 2.393111e-05 1.594376e-07
Algorithm converged after  8  iterations.
[1] 1.546197e-05 7.959967e-08
Algorithm converged after  8  iterations.
[1] 9.680550e-06 3.767081e-08
Algorithm converged after  7  iterations.
[1] 5.850934e-06 1.679950e-08
Algorithm converged after  7  iterations.
[1] 3.398771e-06 7.011363e-09
Algorithm converged after  7  iterations.
[1] 1.887719e-06 2.716674e-09
Algorithm converged after  7  iterations.
[1] 9.963429e-07 9.680434e-10
Algorithm converged after  7  iterations.
[1] 4.960968e-07 3.136846e-10
Algorithm converged after  6  iterations.
[1] 2.309974e-07 9.119672e-11
Algorithm converged after  6  iterations.
[1] 9.952401e-08 2.340268e-11
Algorithm converged after  6  iterations.
[1] 3.916559e-08 5.196177e-12
Algorithm converged after  6  iterations.
[1] 1.385453e-08 9.739003e-13
Algorithm converged after  5  iterations.
[1] 4.318271e-09 1.493963e-13
Algorithm converged after  5  iterations.
[1] 1.156292e-09 1.803606e-14
Algorithm converged after  5  iterations.
[1] 2.574763e-10 1.629337e-15
Algorithm converged after  5  iterations.
[1] 4.569289e-11 1.031015e-16
Algorithm converged after  4  iterations.
[1] 6.106332e-12 4.184308e-18
Algorithm converged after  4  iterations.
[1] 5.688073e-13 9.657190e-20
Algorithm converged after  4  iterations.
[1] 3.314493e-14 1.070975e-21
Algorithm converged after  4  iterations.
[1] 1.033427e-15 4.473975e-24
Algorithm converged after  4  iterations.
[1] 1.363903e-17 4.886523e-27
Algorithm converged after  4  iterations.
[1] 5.272614e-20 7.861124e-31
Algorithm converged after  5  iterations.
[1] 3.232463e-23 7.158725e-36
Algorithm converged after  5  iterations.
[1] 1.041596e-27 6.601108e-43
Algorithm converged after  5  iterations.
[1] 1.938122e-34 1.973532e-53
Algorithm converged after  5  iterations.
[1] 1.204236e-45 6.237605e-71
Algorithm converged after  5  iterations.
[1]  4.834487e-68 7.253040e-106
Algorithm converged after  6  iterations.
[1] 3.406891e-135 1.605015e-210
Algorithm converged after  6  iterations.
[1] 0.1628461
Algorithm converged after  2  iterations.
[1] 0.0055400313 0.0003845852
[1] 0.0053251769 0.0006636842
Algorithm converged after  13  iterations.
[1] 0.0047623047 0.0002904366
[1] 0.0047143544 0.0005272601
Algorithm converged after  11  iterations.
[1] 0.0040723262 0.0002176793
Algorithm converged after  10  iterations.
[1] 0.0034626827 0.0001620151
Algorithm converged after  8  iterations.
[1] 0.0029264764 0.0001199123
Algorithm converged after  8  iterations.
[1] 2.457241e-03 8.854808e-05
Algorithm converged after  7  iterations.
[1] 2.048888e-03 6.599349e-05
Algorithm converged after  7  iterations.
[1] 0.0016956639 0.0000531515
Algorithm converged after  9  iterations.
[1] 1.392132e-03 4.460231e-05
Algorithm converged after  10  iterations.
[1] 1.133157e-03 3.774477e-05
Algorithm converged after  10  iterations.
[1] 9.138967e-04 3.193111e-05
Algorithm converged after  10  iterations.
[1] 7.298023e-04 2.685878e-05
Algorithm converged after  9  iterations.
[1] 5.766199e-04 2.236965e-05
Algorithm converged after  9  iterations.
[1] 4.503935e-04 1.838115e-05
Algorithm converged after  8  iterations.
[1] 3.474683e-04 1.485279e-05
Algorithm converged after  8  iterations.
[1] 2.644943e-04 1.176621e-05
Algorithm converged after  8  iterations.
[1] 1.984262e-04 9.111469e-06
Algorithm converged after  7  iterations.
[1] 1.465230e-04 6.877472e-06
Algorithm converged after  7  iterations.
[1] 1.063422e-04 5.045846e-06
Algorithm converged after  6  iterations.
[1] 7.573283e-05 3.588081e-06
Algorithm converged after  6  iterations.
[1] 5.282362e-05 2.465585e-06
Algorithm converged after  6  iterations.
[1] 3.600884e-05 1.632009e-06
Algorithm converged after  6  iterations.
[1] 2.393111e-05 1.036930e-06
Algorithm converged after  6  iterations.
[1] 1.546197e-05 6.299333e-07
Algorithm converged after  6  iterations.
[1] 9.680550e-06 3.642586e-07
Algorithm converged after  6  iterations.
[1] 5.850934e-06 1.994533e-07
Algorithm converged after  6  iterations.
[1] 3.398771e-06 1.027907e-07
Algorithm converged after  6  iterations.
[1] 1.887719e-06 4.950384e-08
Algorithm converged after  6  iterations.
[1] 9.963429e-07 2.209043e-08
Algorithm converged after  6  iterations.
[1] 4.960968e-07 9.041283e-09
Algorithm converged after  6  iterations.
[1] 2.309974e-07 3.352644e-09
Algorithm converged after  6  iterations.
[1] 9.952401e-08 1.109683e-09
Algorithm converged after  6  iterations.
[1] 3.916559e-08 3.219001e-10
Algorithm converged after  6  iterations.
[1] 1.385453e-08 8.000463e-11
Algorithm converged after  6  iterations.
[1] 4.318271e-09 1.655986e-11
Algorithm converged after  6  iterations.
[1] 1.156292e-09 2.753657e-12
Algorithm converged after  6  iterations.
[1] 2.574763e-10 3.511950e-13
Algorithm converged after  6  iterations.
[1] 4.569289e-11 3.233175e-14
Algorithm converged after  6  iterations.
[1] 6.106332e-12 1.981564e-15
Algorithm converged after  6  iterations.
[1] 5.688073e-13 7.239996e-17
Algorithm converged after  6  iterations.
[1] 3.314493e-14 1.351064e-18
Algorithm converged after  6  iterations.
[1] 1.033427e-15 1.029953e-20
Algorithm converged after  6  iterations.
[1] 1.363903e-17 2.294241e-23
Algorithm converged after  5  iterations.
[1] 5.272614e-20 8.819577e-27
Algorithm converged after  5  iterations.
[1] 3.232463e-23 2.432630e-31
Algorithm converged after  5  iterations.
[1] 1.041596e-27 9.917890e-38
Algorithm converged after  5  iterations.
[1] 1.938122e-34 2.536738e-47
Algorithm converged after  5  iterations.
[1] 1.204236e-45 2.557872e-63
Algorithm converged after  5  iterations.
[1] 4.834487e-68 2.523764e-95
Algorithm converged after  5  iterations.
[1] 3.406891e-135 2.297914e-191
Algorithm converged after  5  iterations.
[1] 0.1593761
Algorithm converged after  2  iterations.
[1] 0.005540031 0.000507379
[1] 0.0079255915 0.0008428645
Algorithm converged after  17  iterations.
[1] 0.0047623047 0.0004032127
[1] 0.0066457346 0.0006816545
Algorithm converged after  15  iterations.
[1] 0.0040723262 0.0003179673
[1] 0.0055676113 0.0005494945
Algorithm converged after  14  iterations.
[1] 0.0034626827 0.0002487892
[1] 0.0046563168 0.0004414456
Algorithm converged after  12  iterations.
[1] 0.002926476 0.000193194
[1] 0.0038830903 0.0003532018
Algorithm converged after  11  iterations.
[1] 0.0024572415 0.0001490139
Algorithm converged after  10  iterations.
[1] 0.0020488879 0.0001143724
Algorithm converged after  10  iterations.
[1] 1.695664e-03 8.767302e-05
Algorithm converged after  10  iterations.
[1] 1.392132e-03 6.754552e-05
Algorithm converged after  10  iterations.
[1] 1.133157e-03 5.259104e-05
Algorithm converged after  9  iterations.
[1] 9.138967e-04 4.131513e-05
Algorithm converged after  8  iterations.
[1] 7.298023e-04 3.256394e-05
Algorithm converged after  9  iterations.
[1] 5.766199e-04 2.561147e-05
Algorithm converged after  9  iterations.
[1] 4.503935e-04 2.000676e-05
Algorithm converged after  9  iterations.
[1] 3.474683e-04 1.545866e-05
Algorithm converged after  9  iterations.
[1] 0.0002644943 0.0000117701
Algorithm converged after  9  iterations.
[1] 1.984262e-04 8.799731e-06
Algorithm converged after  9  iterations.
[1] 1.465230e-04 6.438497e-06
Algorithm converged after  9  iterations.
[1] 1.063422e-04 4.595363e-06
Algorithm converged after  8  iterations.
[1] 7.573283e-05 3.189251e-06
Algorithm converged after  8  iterations.
[1] 5.282362e-05 2.145294e-06
Algorithm converged after  8  iterations.
[1] 3.600884e-05 1.393956e-06
Algorithm converged after  8  iterations.
[1] 2.393111e-05 8.717714e-07
Algorithm converged after  8  iterations.
[1] 1.546197e-05 5.226535e-07
Algorithm converged after  8  iterations.
[1] 9.680550e-06 2.990407e-07
Algorithm converged after  8  iterations.
[1] 5.850934e-06 1.624483e-07
Algorithm converged after  8  iterations.
[1] 3.398771e-06 8.328604e-08
Algorithm converged after  8  iterations.
[1] 1.887719e-06 4.001798e-08
Algorithm converged after  8  iterations.
[1] 9.963429e-07 1.787139e-08
Algorithm converged after  7  iterations.
[1] 4.960968e-07 7.344767e-09
Algorithm converged after  7  iterations.
[1] 2.309974e-07 2.744959e-09
Algorithm converged after  7  iterations.
[1] 9.952401e-08 9.194906e-10
Algorithm converged after  7  iterations.
[1] 3.916559e-08 2.712154e-10
Algorithm converged after  7  iterations.
[1] 1.385453e-08 6.891463e-11
Algorithm converged after  7  iterations.
[1] 4.318271e-09 1.467627e-11
Algorithm converged after  7  iterations.
[1] 1.156292e-09 2.529942e-12
Algorithm converged after  7  iterations.
[1] 2.574763e-10 3.375561e-13
Algorithm converged after  7  iterations.
[1] 4.569289e-11 3.287575e-14
Algorithm converged after  6  iterations.
[1] 6.106332e-12 2.161541e-15
Algorithm converged after  6  iterations.
[1] 5.688073e-13 8.624249e-17
Algorithm converged after  6  iterations.
[1] 3.314493e-14 1.798640e-18
Algorithm converged after  6  iterations.
[1] 1.033427e-15 1.580608e-20
Algorithm converged after  6  iterations.
[1] 1.363903e-17 4.235986e-23
Algorithm converged after  6  iterations.
[1] 5.272614e-20 2.083099e-26
Algorithm converged after  6  iterations.
[1] 3.232463e-23 8.061414e-31
Algorithm converged after  6  iterations.
[1] 1.041596e-27 5.349243e-37
Algorithm converged after  5  iterations.
[1] 1.938122e-34 2.890199e-46
Algorithm converged after  5  iterations.
[1] 1.204236e-45 1.038833e-61
Algorithm converged after  5  iterations.
[1] 4.834487e-68 1.356306e-92
Algorithm converged after  5  iterations.
[1] 3.406891e-135 3.134522e-185
Algorithm converged after  5  iterations.
[1] 0.1573453
Algorithm converged after  2  iterations.
[1] 0.005540031 0.001032142
Algorithm converged after  2  iterations.
[1] 0.004762305 0.000831300
Algorithm converged after  2  iterations.
[1] 0.0040723262 0.0006656957
Algorithm converged after  2  iterations.
[1] 0.0034626827 0.0005308069
Algorithm converged after  2  iterations.
[1] 0.0029264764 0.0004225081
Algorithm converged after  2  iterations.
[1] 0.0024572415 0.0003373822
Algorithm converged after  2  iterations.
[1] 0.0020488879 0.0002733331
Algorithm converged after  2  iterations.
[1] 0.0016956639 0.0002278639
Algorithm converged after  2  iterations.
[1] 0.0013921324 0.0001936751
Algorithm converged after  2  iterations.
[1] 0.001133157 0.000165679
Algorithm converged after  2  iterations.
[1] 0.0009138967 0.0001416484
Algorithm converged after  2  iterations.
[1] 0.0007298023 0.0001204831
Algorithm converged after  2  iterations.
[1] 0.0005766199 0.0001015954
Algorithm converged after  2  iterations.
[1] 4.503935e-04 8.467223e-05
Algorithm converged after  2  iterations.
[1] 3.474683e-04 6.955689e-05
Algorithm converged after  2  iterations.
[1] 2.644943e-04 5.617846e-05
Algorithm converged after  2  iterations.
[1] 1.984262e-04 4.450288e-05
Algorithm converged after  2  iterations.
[1] 1.465230e-04 3.449789e-05
Algorithm converged after  2  iterations.
[1] 1.063422e-04 2.610946e-05
Algorithm converged after  2  iterations.
[1] 7.573283e-05 1.924909e-05
Algorithm converged after  2  iterations.
[1] 5.282362e-05 1.379100e-05
Algorithm converged after  2  iterations.
[1] 3.600884e-05 9.577344e-06
Algorithm converged after  2  iterations.
[1] 2.393111e-05 6.428880e-06
Algorithm converged after  2  iterations.
[1] 1.546197e-05 4.158020e-06
Algorithm converged after  2  iterations.
[1] 9.680550e-06 2.581753e-06
Algorithm converged after  2  iterations.
[1] 5.850934e-06 1.532421e-06
Algorithm converged after  2  iterations.
[1] 3.398771e-06 8.651968e-07
Algorithm converged after  2  iterations.
[1] 1.887719e-06 4.619217e-07
Algorithm converged after  2  iterations.
[1] 9.963429e-07 2.315761e-07
Algorithm converged after  2  iterations.
[1] 4.960968e-07 1.081039e-07
Algorithm converged after  2  iterations.
[1] 2.309974e-07 4.651636e-08
Algorithm converged after  2  iterations.
[1] 9.952401e-08 1.822335e-08
Algorithm converged after  2  iterations.
[1] 3.916559e-08 6.402270e-09
Algorithm converged after  2  iterations.
[1] 1.385453e-08 1.979599e-09
Algorithm converged after  2  iterations.
[1] 4.318271e-09 5.262013e-10
Algorithm converged after  2  iterations.
[1] 1.156292e-09 1.167102e-10
Algorithm converged after  2  iterations.
[1] 2.574763e-10 2.078636e-11
Algorithm converged after  2  iterations.
[1] 4.569289e-11 2.827100e-12
Algorithm converged after  2  iterations.
[1] 6.106332e-12 2.745912e-13
Algorithm converged after  2  iterations.
[1] 5.688073e-13 1.738206e-14
Algorithm converged after  2  iterations.
[1] 3.314493e-14 6.309131e-16
Algorithm converged after  2  iterations.
[1] 1.033427e-15 1.091296e-17
Algorithm converged after  2  iterations.
[1] 1.363903e-17 6.815270e-20
Algorithm converged after  2  iterations.
[1] 5.272614e-20 9.934915e-23
Algorithm converged after  2  iterations.
[1] 3.232463e-23 1.634050e-26
Algorithm converged after  2  iterations.
[1] 1.041596e-27 8.193830e-32
Algorithm converged after  2  iterations.
[1] 1.938122e-34 9.146171e-40
Algorithm converged after  2  iterations.
[1] 1.204236e-45 5.064260e-53
Algorithm converged after  2  iterations.
[1] 4.834487e-68 1.539616e-79
Algorithm converged after  2  iterations.
[1] 3.406891e-135 4.274082e-159
Algorithm converged after  2  iterations.
[1] 0.1434835
Algorithm converged after  2  iterations.
[1] 0.0055400313 0.0006503615 0.0002124901
[1] 0.0061013552 0.0006826524 0.0002206431
Algorithm converged after  12  iterations.
[1] 0.0047623047 0.0005200147 0.0001626838
[1] 0.0053329927 0.0005492539 0.0001665782
Algorithm converged after  12  iterations.
[1] 0.0040723262 0.0004121963 0.0001229320
[1] 0.0046580012 0.0004393604 0.0001247369
Algorithm converged after  12  iterations.
[1] 3.462683e-03 3.236095e-04 9.218373e-05
[1] 4.073065e-03 3.492029e-04 9.289922e-05
Algorithm converged after  12  iterations.
[1] 2.926476e-03 2.514508e-04 6.901517e-05
[1] 0.0035795733 0.0002761524 0.0000693096
Algorithm converged after  12  iterations.
[1] 2.457241e-03 1.932603e-04 5.207493e-05
[1] 3.227054e-03 2.205855e-04 5.481512e-05
Algorithm converged after  18  iterations.
[1] 2.048888e-03 1.468497e-04 4.037913e-05
[1] 2.847248e-03 1.742569e-04 4.855502e-05
Algorithm converged after  13  iterations.
[1] 0.0016956639 0.0001102696 0.0000327374
[1] 2.412561e-03 1.340646e-04 4.211196e-05
Algorithm converged after  12  iterations.
[1] 1.392132e-03 8.179251e-05 2.691145e-05
[1] 2.002611e-03 1.010920e-04 3.537519e-05
Algorithm converged after  11  iterations.
[1] 1.133157e-03 5.990289e-05 2.186111e-05
[1] 1.639310e-03 7.498732e-05 2.848278e-05
Algorithm converged after  11  iterations.
[1] 9.138967e-04 4.329010e-05 1.730525e-05
[1] 1.325418e-03 5.472874e-05 2.194226e-05
Algorithm converged after  11  iterations.
[1] 7.298023e-04 3.084130e-05 1.324312e-05
[1] 1.058663e-03 3.925854e-05 1.623197e-05
Algorithm converged after  11  iterations.
[1] 5.766199e-04 2.163231e-05 9.766612e-06
Algorithm converged after  10  iterations.
[1] 4.503935e-04 1.491240e-05 6.941771e-06
Algorithm converged after  10  iterations.
[1] 3.474683e-04 1.008257e-05 4.761508e-06
Algorithm converged after  10  iterations.
[1] 2.644943e-04 6.670654e-06 3.155713e-06
Algorithm converged after  10  iterations.
[1] 1.984262e-04 4.307757e-06 2.021902e-06
Algorithm converged after  10  iterations.
[1] 1.465230e-04 2.708055e-06 1.251993e-06
Algorithm converged after  10  iterations.
[1] 1.063422e-04 1.652530e-06 7.484193e-07
Algorithm converged after  9  iterations.
[1] 7.573283e-05 9.758886e-07 4.311133e-07
Algorithm converged after  9  iterations.
[1] 5.282362e-05 5.558684e-07 2.386914e-07
Algorithm converged after  9  iterations.
[1] 3.600884e-05 3.042894e-07 1.266120e-07
Algorithm converged after  9  iterations.
[1] 2.393111e-05 1.594376e-07 6.408923e-08
Algorithm converged after  9  iterations.
[1] 1.546197e-05 7.959967e-08 3.081102e-08
Algorithm converged after  8  iterations.
[1] 9.680550e-06 3.767081e-08 1.398925e-08
Algorithm converged after  8  iterations.
[1] 5.850934e-06 1.679950e-08 5.958914e-09
Algorithm converged after  8  iterations.
[1] 3.398771e-06 7.011363e-09 2.362787e-09
Algorithm converged after  8  iterations.
[1] 1.887719e-06 2.716674e-09 8.640739e-10
Algorithm converged after  7  iterations.
[1] 9.963429e-07 9.680434e-10 2.882594e-10
Algorithm converged after  7  iterations.
[1] 4.960968e-07 3.136846e-10 8.658515e-11
Algorithm converged after  7  iterations.
[1] 2.309974e-07 9.119672e-11 2.305213e-11
Algorithm converged after  7  iterations.
[1] 9.952401e-08 2.340268e-11 5.337471e-12
Algorithm converged after  6  iterations.
[1] 3.916559e-08 5.196177e-12 1.050115e-12
Algorithm converged after  6  iterations.
[1] 1.385453e-08 9.739003e-13 1.705974e-13
Algorithm converged after  6  iterations.
[1] 4.318271e-09 1.493963e-13 2.208002e-14
Algorithm converged after  5  iterations.
[1] 1.156292e-09 1.803606e-14 2.175914e-15
Algorithm converged after  5  iterations.
[1] 2.574763e-10 1.629337e-15 1.540323e-16
Algorithm converged after  5  iterations.
[1] 4.569289e-11 1.031015e-16 7.258553e-18
Algorithm converged after  5  iterations.
[1] 6.106332e-12 4.184308e-18 2.057231e-19
Algorithm converged after  5  iterations.
[1] 5.688073e-13 9.657190e-20 3.053605e-21
Algorithm converged after  5  iterations.
[1] 3.314493e-14 1.070975e-21 1.955693e-23
Algorithm converged after  5  iterations.
[1] 1.033427e-15 4.473975e-24 4.085130e-26
Algorithm converged after  5  iterations.
[1] 1.363903e-17 4.886523e-27 1.828970e-29
Algorithm converged after  5  iterations.
[1] 5.272614e-20 7.861124e-31 9.073582e-34
Algorithm converged after  5  iterations.
[1] 3.232463e-23 7.158725e-36 1.660966e-39
Algorithm converged after  5  iterations.
[1] 1.041596e-27 6.601108e-43 1.549932e-47
Algorithm converged after  5  iterations.
[1] 1.938122e-34 1.973532e-53 1.407082e-59
Algorithm converged after  6  iterations.
[1] 1.204236e-45 6.237605e-71 1.209507e-79
Algorithm converged after  6  iterations.
[1]  4.834487e-68 7.253040e-106 9.074680e-120
Algorithm converged after  6  iterations.
[1] 3.406891e-135 1.605015e-210 3.956406e-240
Algorithm converged after  6  iterations.
[1] 0.1609393
Algorithm converged after  2  iterations.
[1] 5.540031e-03 3.845852e-04 7.860044e-05
[1] 4.430088e-03 4.047120e-04 9.053823e-05
Algorithm converged after  11  iterations.
[1] 4.762305e-03 2.904366e-04 6.269754e-05
Algorithm converged after  10  iterations.
[1] 4.072326e-03 2.176793e-04 5.056924e-05
Algorithm converged after  10  iterations.
[1] 3.462683e-03 1.620151e-04 4.182423e-05
Algorithm converged after  10  iterations.
[1] 0.0029264764 0.0001199123 0.0000362004
[1] 2.506542e-03 1.201723e-04 3.406198e-05
Algorithm converged after  11  iterations.
[1] 2.457241e-03 8.854808e-05 3.354691e-05
[1] 2.146685e-03 8.782848e-05 2.995869e-05
Algorithm converged after  17  iterations.
[1] 2.048888e-03 6.599349e-05 3.597364e-05
[1] 1.821217e-03 6.507762e-05 3.063302e-05
Algorithm converged after  13  iterations.
[1] 1.695664e-03 5.315150e-05 3.496453e-05
[1] 1.562201e-03 5.062038e-05 3.264556e-05
Algorithm converged after  14  iterations.
[1] 1.392132e-03 4.460231e-05 2.493204e-05
[1] 1.304870e-03 4.182854e-05 2.483851e-05
Algorithm converged after  14  iterations.
[1] 1.133157e-03 3.774477e-05 1.720389e-05
[1] 1.077199e-03 3.593713e-05 1.759083e-05
Algorithm converged after  14  iterations.
[1] 9.138967e-04 3.193111e-05 1.161782e-05
[1] 8.813172e-04 3.109105e-05 1.207286e-05
Algorithm converged after  14  iterations.
[1] 7.298023e-04 2.685878e-05 7.695202e-06
[1] 7.147519e-04 2.672127e-05 8.091954e-06
Algorithm converged after  13  iterations.
[1] 5.766199e-04 2.236965e-05 5.001309e-06
[1] 5.740956e-04 2.265377e-05 5.305586e-06
Algorithm converged after  12  iterations.
[1] 4.503935e-04 1.838115e-05 3.188781e-06
[1] 4.561302e-04 1.886816e-05 3.402134e-06
Algorithm converged after  11  iterations.
[1] 3.474683e-04 1.485279e-05 1.993378e-06
Algorithm converged after  10  iterations.
[1] 2.644943e-04 1.176621e-05 1.220435e-06
Algorithm converged after  9  iterations.
[1] 1.984262e-04 9.111469e-06 7.305915e-07
Algorithm converged after  9  iterations.
[1] 1.465230e-04 6.877472e-06 4.266775e-07
Algorithm converged after  8  iterations.
[1] 1.063422e-04 5.045846e-06 2.424471e-07
Algorithm converged after  7  iterations.
[1] 7.573283e-05 3.588081e-06 1.336221e-07
Algorithm converged after  7  iterations.
[1] 5.282362e-05 2.465585e-06 7.118063e-08
Algorithm converged after  7  iterations.
[1] 3.600884e-05 1.632009e-06 3.650525e-08
[1] 4.170826e-05 1.743268e-06 3.461343e-08
[1] 3.885352e-05 1.704753e-06 3.158575e-08
[1] 4.190587e-05 1.764248e-06 3.428591e-08
[1] 4.257097e-05 1.783762e-06 3.293178e-08
[1] 4.212908e-05 1.774052e-06 3.425308e-08
Algorithm converged after  53  iterations.
[1] 2.393111e-05 1.036930e-06 1.794423e-08
Algorithm converged after  9  iterations.
[1] 1.546197e-05 6.299333e-07 8.411501e-09
[1] 1.824861e-05 6.693757e-07 7.880893e-09
[1] 1.797057e-05 6.643880e-07 8.848106e-09
Algorithm converged after  21  iterations.
[1] 9.680550e-06 3.642586e-07 3.738416e-09
Algorithm converged after  6  iterations.
[1] 5.850934e-06 1.994533e-07 1.564847e-09
[1] 6.967091e-06 2.095050e-07 7.580719e-10
[1] 7.233914e-06 2.135617e-07 1.261731e-09
Algorithm converged after  24  iterations.
[1] 3.398771e-06 1.027907e-07 2.516181e-17
[1] 3.551216e-06 1.041603e-07 2.878900e-10
[1] 4.296737e-06 1.095931e-07 2.944888e-10
[1] 4.165378e-06 1.088180e-07 2.869274e-10
[1] 3.975109e-06 1.071065e-07 5.730605e-10
[1] 4.223492e-06 1.097319e-07 2.529980e-10
[1] 4.451732e-06 1.113897e-07 2.542798e-10
[1] 4.455202e-06 1.114168e-07 2.541914e-10
[1] 4.327245e-06 1.099633e-07 2.857545e-10
[1] 4.231884e-06 1.093770e-07 2.847045e-10
[1] 4.291173e-06 1.096919e-07 2.955518e-10
Algorithm converged after  107  iterations.
[1] 1.887719e-06 4.950384e-08 1.010952e-10
[1] 1.817030e-06 4.908987e-08 3.298897e-18
[1] 2.476792e-06 5.331249e-08 1.797933e-10
Algorithm converged after  27  iterations.
[1] 9.963429e-07 2.209043e-08 3.280340e-11
[1] 1.307242e-06 2.365620e-08 2.765362e-11
[1] 1.022005e-06 2.223153e-08 7.154383e-11
[1] 1.255217e-06 2.343710e-08 2.724564e-11
[1] 1.271535e-06 2.349872e-08 2.894051e-11
[1] 1.256888e-06 2.344477e-08 6.101694e-11
[1] 1.302924e-06 2.361532e-08 6.182412e-11
[1] 1.258366e-06 2.339835e-08 2.897768e-11
[1] 1.274664e-06 2.352139e-08 6.110106e-11
[1] 1.274375e-06 2.343703e-08 3.051278e-11
[1] 1.276215e-06 2.345005e-08 3.040139e-11
[1] 1.169620e-06 2.293771e-08 6.838029e-11
[1] 1.313692e-06 2.369248e-08 8.550496e-17
[1] 1.228032e-06 2.320415e-08 6.375115e-11
[1] 1.231182e-06 2.322991e-08 3.528870e-11
[1] 1.247458e-06 2.334174e-08 2.951664e-11
[1] 1.107847e-06 2.265459e-08 2.317537e-17
[1] 1.090233e-06 2.254673e-08 3.219444e-11
[1] 1.256811e-06 2.344977e-08 2.847062e-11
[1] 1.308816e-06 2.367105e-08 2.760065e-11
Algorithm did not converge after  200  iterations.
[1] 4.960968e-07 9.041283e-09 8.535507e-12
[1] 6.354881e-07 9.590101e-09 8.257107e-12
[1] 4.933520e-07 9.030438e-09 2.218527e-11
[1] 6.393866e-07 9.581307e-09 7.851648e-18
[1] 6.108738e-07 9.468018e-09 1.062500e-21
[1] 4.64593e-07 8.91272e-09 7.61083e-12
[1] 6.352946e-07 9.588572e-09 8.263838e-12
[1] 6.262696e-07 9.550841e-09 1.945617e-11
[1] 5.838690e-07 9.354369e-09 8.530200e-12
[1] 6.543816e-07 9.651820e-09 7.722207e-12
Algorithm converged after  95  iterations.
[1] 2.309974e-07 3.352644e-09 1.724552e-12
[1] 3.050815e-07 3.565906e-09 1.914944e-12
Algorithm converged after  15  iterations.
[1] 9.952401e-08 1.109683e-09 7.666968e-25
[1] 1.317968e-07 1.176599e-09 4.108327e-13
[1] 1.318337e-07 1.176655e-09 4.109824e-13
[1] 1.075423e-07 1.126279e-09 3.480184e-13
[1] 1.300928e-07 1.172070e-09 3.436477e-13
Algorithm converged after  45  iterations.
[1] 3.916559e-08 3.219001e-10 2.780087e-13
[1] 4.210223e-08 3.257852e-10 4.281121e-14
[1] 5.045048e-08 3.376934e-10 5.985915e-14
[1] 5.037056e-08 3.379643e-10 5.873753e-14
[1] 5.035124e-08 3.378372e-10 6.147742e-14
[1] 5.204630e-08 3.396259e-10 6.015501e-14
[1] 5.040701e-08 3.383686e-10 9.217120e-14
[1] 5.151977e-08 3.397216e-10 7.442478e-14
[1] 5.210775e-08 3.404836e-10 5.733459e-14
Algorithm converged after  83  iterations.
[1] 1.385453e-08 8.000463e-11 3.305557e-17
[1] 1.699507e-08 8.303498e-11 5.076248e-15
[1] 1.795597e-08 8.381676e-11 5.073669e-15
[1] 1.723476e-08 8.318264e-11 5.094149e-15
[1] 1.720526e-08 8.328157e-11 4.830423e-15
[1] 1.688261e-08 8.296423e-11 4.966621e-15
[1] 1.505844e-08 8.116805e-11 5.308360e-15
[1] 1.704641e-08 8.310990e-11 4.973376e-15
[1] 1.834480e-08 8.426378e-11 4.827846e-15
[1] 1.810730e-08 8.395861e-11 5.063128e-15
[1] 1.790073e-08 8.389624e-11 4.807479e-15
[1] 1.611277e-08 8.216629e-11 1.507690e-14
[1] 1.661223e-08 8.262917e-11 8.413898e-15
[1] 1.791474e-08 8.379141e-11 5.081136e-15
[1] 1.694384e-08 8.303882e-11 4.953279e-15
[1] 1.837055e-08 8.429757e-11 4.828322e-15
[1] 1.661633e-08 8.270205e-11 3.003232e-22
[1] 1.863603e-08 8.439776e-11 5.125467e-15
[1] 1.714164e-08 8.324473e-11 3.417815e-27
[1] 1.789677e-08 8.391424e-11 8.157668e-15
Algorithm did not converge after  200  iterations.
[1] 4.318271e-09 1.655986e-11 6.222756e-15
[1] 5.693534e-09 1.736278e-11 1.053426e-30
[1] 5.593301e-09 1.731654e-11 1.300213e-15
[1] 5.830350e-09 1.745271e-11 5.008621e-16
[1] 5.225105e-09 1.711217e-11 5.506510e-16
Algorithm converged after  42  iterations.
[1] 1.156292e-09 2.753657e-12 4.217711e-17
Algorithm converged after  7  iterations.
[1] 2.574763e-10 3.511950e-13 2.225997e-18
Algorithm converged after  7  iterations.
[1] 4.569289e-11 3.233175e-14 2.093890e-19
[1] 5.753257e-11 3.341381e-14 3.084057e-19
[1] 5.689588e-11 3.337307e-14 7.246201e-27
Algorithm converged after  27  iterations.
[1] 6.106332e-12 1.981564e-15 7.662737e-20
[1] 8.244632e-12 2.064690e-15 1.707607e-21
[1] 7.919458e-12 2.053139e-15 1.713666e-21
[1] 7.840482e-12 2.049943e-15 4.805428e-21
[1] 7.602952e-12 2.041330e-15 7.509233e-21
[1] 7.826918e-12 2.049605e-15 1.777116e-21
[1] 8.023575e-12 2.057126e-15 1.651012e-30
[1] 7.664628e-12 2.043231e-15 1.527829e-21
Algorithm converged after  75  iterations.
[1] 5.688073e-13 7.239996e-17 2.492827e-22
[1] 7.711725e-13 7.529365e-17 1.785047e-23
[1] 7.141570e-13 7.452045e-17 1.352710e-23
[1] 7.503784e-13 7.502295e-17 4.597242e-23
[1] 7.854827e-13 7.549032e-17 2.496346e-22
[1] 7.253665e-13 7.466331e-17 1.365694e-23
[1] 7.141614e-13 7.452993e-17 1.853754e-23
[1] 7.333976e-13 7.478797e-17 1.378410e-23
[1] 7.857982e-13 7.550362e-17 9.662700e-23
[1] 7.849184e-13 7.546272e-17 1.817909e-36
Algorithm converged after  97  iterations.
[1] 3.314493e-14 1.351064e-18 5.318679e-26
Algorithm converged after  9  iterations.
[1] 1.033427e-15 1.029953e-20 5.975249e-29
[1] 1.434047e-15 1.068682e-20 9.847672e-29
Algorithm converged after  16  iterations.
[1] 1.363903e-17 2.294241e-23 1.250674e-32
Algorithm converged after  10  iterations.
[1] 5.272614e-20 8.819577e-27 6.495927e-37
[1] 6.746792e-20 9.028378e-27 1.488152e-37
[1] 6.742875e-20 9.027920e-27 6.026150e-37
[1] 6.748463e-20 9.028750e-27 5.219017e-36
[1] 6.953321e-20 9.055877e-27 2.357091e-37
Algorithm converged after  44  iterations.
[1] 3.232463e-23 2.432630e-31 8.549417e-53
[1] 4.117817e-23 2.484383e-31 1.203283e-56
[1] 4.015506e-23 2.478629e-31 1.017039e-61
[1] 4.487346e-23 2.504458e-31 1.228371e-43
[1] 4.551997e-23 2.507764e-31 6.675852e-44
[1] 4.141413e-23 2.485786e-31 6.715145e-44
[1] 4.279683e-23 2.493368e-31 8.156042e-53
[1] 4.324324e-23 2.495679e-31 1.216793e-56
[1] 4.479646e-23 2.504124e-31 1.228749e-43
[1] 4.281171e-23 2.493491e-31 1.085718e-70
[1] 4.285189e-23 2.493743e-31 1.228733e-43
[1] 4.285134e-23 2.493738e-31 2.289262e-42
[1] 4.302379e-23 2.494696e-31 8.814838e-64
[1] 4.305139e-23 2.494872e-31 3.158919e-57
[1] 4.147191e-23 2.486263e-31 6.665529e-44
[1] 4.284865e-23 2.493805e-31 4.301451e-43
[1] 4.279330e-23 2.493492e-31 2.019188e-53
[1] 4.230688e-23 2.490795e-31 2.282640e-42
[1] 4.484419e-23 2.504562e-31 1.228310e-43
[1] 4.116707e-23 2.484631e-31 8.806828e-64
Algorithm did not converge after  200  iterations.
[1] 1.041596e-27 9.917890e-38 1.282418e-54
[1] 1.427086e-27 1.017262e-37 1.095624e-52
[1] 1.342471e-27 1.011980e-37 1.296125e-54
[1] 1.292210e-27 1.008773e-37 1.301364e-54
[1] 1.287348e-27 1.008401e-37 2.941682e-50
[1] 1.306758e-27 1.009715e-37 1.302436e-54
[1] 1.342470e-27 1.011990e-37 5.257075e-95
[1] 1.341041e-27 1.011902e-37 1.304935e-54
[1] 1.427143e-27 1.017282e-37 1.095628e-52
[1] 1.427186e-27 1.017285e-37 1.095625e-52
[1] 1.427158e-27 1.017285e-37 1.095639e-52
[1] 1.412702e-27 1.016393e-37 5.232407e-47
[1] 1.423698e-27 1.017020e-37 8.808180e-53
[1] 1.342475e-27 1.012005e-37 1.305037e-54
[1] 1.384416e-27 1.014642e-37 1.299110e-54
[1] 1.329034e-27 1.011155e-37 1.106784e-52
[1] 1.342470e-27 1.012008e-37 1.296122e-54
[1] 1.427240e-27 1.017302e-37 7.940755e-51
[1] 1.427240e-27 1.017302e-37 7.940755e-51
[1] 1.427240e-27 1.017303e-37 7.940755e-51
Algorithm did not converge after  200  iterations.
[1] 1.938122e-34 2.536738e-47 2.601764e-68
Algorithm converged after  7  iterations.
[1] 1.204236e-45 2.557872e-63 1.230969e-89
[1] 1.601287e-45 2.605191e-63 2.513453e-91
[1] 1.604482e-45 2.605542e-63 2.928709e-88
[1] 1.589949e-45 2.603911e-63 2.569922e-95
[1] 1.542209e-45 2.598542e-63 9.087897e-90
[1]  1.542498e-45  2.598576e-63 8.746850e-104
[1] 1.584571e-45 2.603314e-63 2.573842e-95
[1] 1.652152e-45 2.610862e-63 4.797771e-91
[1] 1.590082e-45 2.603942e-63 2.570316e-95
[1] 1.542119e-45 2.598548e-63 2.935216e-88
[1] 1.651672e-45 2.610808e-63 4.799592e-91
[1] 1.531490e-45 2.597341e-63 2.114107e-94
[1] 1.542388e-45 2.598583e-63 2.507179e-91
[1] 1.601321e-45 2.605226e-63 2.925395e-88
[1] 1.601341e-45 2.605232e-63 2.514119e-91
[1] 1.600684e-45 2.605161e-63 2.513791e-91
[1] 1.543242e-45 2.598688e-63 4.775772e-91
Algorithm converged after  165  iterations.
[1]  4.834487e-68  2.523764e-95 2.091396e-136
[1]  6.098437e-68  2.556629e-95 1.747698e-141
[1]  6.300477e-68  2.561572e-95 2.296930e-143
[1]  6.210426e-68  2.559382e-95 3.899351e-148
[1]  6.343762e-68  2.562619e-95 7.365683e-177
[1]  6.578910e-68  2.568269e-95 8.811976e-127
[1]  6.545246e-68  2.567469e-95 8.929332e-124
[1]  6.182407e-68  2.558702e-95 3.397100e-137
[1]  6.583028e-68  2.568376e-95 1.683461e-118
[1]  6.122565e-68  2.557237e-95 3.394702e-137
[1]  6.210494e-68  2.559396e-95 3.899352e-148
[1]  6.550221e-68  2.567599e-95 2.087274e-128
[1]  6.545895e-68  2.567499e-95 2.090921e-128
[1]  6.542827e-68  2.567428e-95 2.088910e-128
[1]  6.216155e-68  2.559546e-95 1.727929e-141
[1]  6.179235e-68  2.558645e-95 8.693307e-127
[1]  6.215711e-68  2.559538e-95 1.650053e-177
[1]  5.908882e-68  2.551956e-95 2.311309e-143
[1]  6.654493e-68  2.570091e-95 4.139775e-131
[1]  5.792141e-68  2.549025e-95 3.382405e-137
Algorithm did not converge after  200  iterations.
[1] 3.406891e-135 2.297914e-191 5.005225e-270
Algorithm converged after  5  iterations.
[1] 0.1567303
Algorithm converged after  2  iterations.
[1] 0.0055400313 0.0005073790 0.0001355288
[1] 0.0080592393 0.0006645263 0.0001601351
Algorithm converged after  16  iterations.
[1] 0.0047623047 0.0004032127 0.0001096346
[1] 0.0070625932 0.0005341141 0.0001280705
Algorithm converged after  15  iterations.
[1] 4.072326e-03 3.179673e-04 8.776566e-05
[1] 0.0061410760 0.0004240392 0.0001015218
Algorithm converged after  15  iterations.
[1] 0.0034626827 0.0002487892 0.0000699564
[1] 0.0052864831 0.0003318233 0.0000797052
Algorithm converged after  14  iterations.
[1] 2.926476e-03 1.931940e-04 5.604299e-05
[1] 0.0044959101 0.0002555618 0.0000618400
Algorithm converged after  13  iterations.
[1] 0.0024572415 0.0001490139 0.0000459292
[1] 3.775979e-03 1.939370e-04 4.724168e-05
Algorithm converged after  11  iterations.
[1] 2.048888e-03 1.143724e-04 3.991496e-05
[1] 3.138303e-03 1.464341e-04 3.597199e-05
Algorithm converged after  15  iterations.
[1] 1.695664e-03 8.767302e-05 3.685172e-05
[1] 2.583264e-03 1.125908e-04 4.258196e-05
Algorithm converged after  12  iterations.
[1] 1.392132e-03 6.754552e-05 3.336585e-05
[1] 2.115498e-03 8.767311e-05 4.241419e-05
Algorithm converged after  12  iterations.
[1] 1.133157e-03 5.259104e-05 2.763459e-05
[1] 1.714155e-03 6.963228e-05 3.583094e-05
Algorithm converged after  12  iterations.
[1] 9.138967e-04 4.131513e-05 2.106281e-05
[1] 1.373155e-03 5.579788e-05 2.687296e-05
Algorithm converged after  12  iterations.
[1] 7.298023e-04 3.256394e-05 1.525839e-05
[1] 1.087997e-03 4.456318e-05 1.907564e-05
Algorithm converged after  12  iterations.
[1] 5.766199e-04 2.561147e-05 1.067976e-05
[1] 8.528162e-04 3.527750e-05 1.310535e-05
Algorithm converged after  12  iterations.
[1] 4.503935e-04 2.000676e-05 7.268721e-06
[1] 6.611245e-04 2.759174e-05 8.773778e-06
Algorithm converged after  12  iterations.
[1] 3.474683e-04 1.545866e-05 4.821253e-06
[1] 5.065959e-04 2.126489e-05 5.735098e-06
Algorithm converged after  12  iterations.
[1] 2.644943e-04 1.177010e-05 3.117401e-06
[1] 3.833898e-04 1.610797e-05 3.660371e-06
Algorithm converged after  11  iterations.
[1] 1.984262e-04 8.799731e-06 1.963475e-06
[1] 2.862717e-04 1.196173e-05 2.278917e-06
Algorithm converged after  11  iterations.
[1] 1.465230e-04 6.438497e-06 1.202887e-06
[1] 2.106417e-04 8.685162e-06 1.381864e-06
Algorithm converged after  11  iterations.
[1] 1.063422e-04 4.595363e-06 7.153513e-07
[1] 1.525168e-04 6.149131e-06 8.143922e-07
Algorithm converged after  11  iterations.
[1] 7.573283e-05 3.189251e-06 4.119273e-07
[1] 1.084882e-04 4.233255e-06 4.653051e-07
Algorithm converged after  11  iterations.
[1] 5.282362e-05 2.145294e-06 2.289941e-07
[1] 7.566880e-05 2.825301e-06 2.569757e-07
Algorithm converged after  11  iterations.
[1] 3.600884e-05 1.393956e-06 1.224608e-07
Algorithm converged after  10  iterations.
[1] 2.393111e-05 8.717714e-07 6.274114e-08
Algorithm converged after  10  iterations.
[1] 1.546197e-05 5.226535e-07 3.064905e-08
[1] 2.319137e-05 7.115769e-07 3.515622e-08
Algorithm converged after  15  iterations.
[1] 9.680550e-06 2.990407e-07 1.419675e-08
[1] 1.440784e-05 3.975566e-07 1.615911e-08
Algorithm converged after  12  iterations.
[1] 5.850934e-06 1.624483e-07 6.196333e-09
Algorithm converged after  9  iterations.
[1] 3.398771e-06 8.328604e-08 2.526461e-09
Algorithm converged after  9  iterations.
[1] 1.887719e-06 4.001798e-08 9.553679e-10
Algorithm converged after  9  iterations.
[1] 9.963429e-07 1.787139e-08 3.312763e-10
Algorithm converged after  9  iterations.
[1] 4.960968e-07 7.344767e-09 1.040375e-10
Algorithm converged after  10  iterations.
[1] 2.309974e-07 2.744959e-09 2.915275e-11
Algorithm converged after  8  iterations.
[1] 9.952401e-08 9.194906e-10 7.158164e-12
Algorithm converged after  7  iterations.
