myseed=8227 

Attaching package: ‘pls’

The following object is masked from ‘package:stats’:

    loadings

Loading required package: lattice
Loading required package: ggplot2
Registered S3 methods overwritten by 'ggplot2':
  method         from 
  [.quosures     rlang
  c.quosures     rlang
  print.quosures rlang

Attaching package: ‘caret’

The following object is masked from ‘package:pls’:

    R2

Loading required package: Matrix
Loading required package: foreach
Loaded glmnet 2.0-18

Parsed with column specification:
cols(
  .default = col_double()
)
See spec(...) for full column specifications.
Parsed with column specification:
cols(
  X1 = col_double()
)
Parsed with column specification:
cols(
  X1 = col_double()
)
[1] "Best 2step parameter is:"
      gam     rankJ    rankA1    rankA2    rankA3 
0.9736842 1.0000000 0.0000000 1.0000000 0.0000000 
[1] 0.004380683
Algorithm converged after  2  iterations.
[1] 0.003774555
Algorithm converged after  2  iterations.
[1] 0.003235105
Algorithm converged after  2  iterations.
[1] 0.00275711
Algorithm converged after  2  iterations.
[1] 0.002335598
Algorithm converged after  2  iterations.
[1] 0.001965827
Algorithm converged after  2  iterations.
[1] 0.001643264
Algorithm converged after  2  iterations.
[1] 0.001363583
Algorithm converged after  2  iterations.
[1] 0.001122655
Algorithm converged after  2  iterations.
[1] 0.0009165603
Algorithm converged after  2  iterations.
[1] 0.0007415838
Algorithm converged after  2  iterations.
[1] 0.0005942256
Algorithm converged after  2  iterations.
[1] 0.0004712051
Algorithm converged after  2  iterations.
[1] 0.0003694667
Algorithm converged after  2  iterations.
[1] 0.0002861836
Algorithm converged after  2  iterations.
[1] 0.0002187597
Algorithm converged after  2  iterations.
[1] 0.0001648303
Algorithm converged after  2  iterations.
[1] 0.0001222602
Algorithm converged after  2  iterations.
[1] 8.913911e-05
Algorithm converged after  2  iterations.
[1] 6.37764e-05
Algorithm converged after  2  iterations.
[1] 4.46925e-05
Algorithm converged after  2  iterations.
[1] 3.060917e-05
Algorithm converged after  2  iterations.
[1] 2.043784e-05
Algorithm converged after  2  iterations.
[1] 1.326629e-05
Algorithm converged after  2  iterations.
[1] 8.343884e-06
Algorithm converged after  2  iterations.
[1] 5.065674e-06
Algorithm converged after  2  iterations.
[1] 2.955468e-06
Algorithm converged after  2  iterations.
[1] 1.648429e-06
Algorithm converged after  2  iterations.
[1] 8.735595e-07
Algorithm converged after  2  iterations.
[1] 4.366238e-07
Algorithm converged after  2  iterations.
[1] 2.040297e-07
Algorithm converged after  2  iterations.
[1] 8.819114e-08
Algorithm converged after  2  iterations.
[1] 3.480573e-08
Algorithm converged after  2  iterations.
[1] 1.234214e-08
Algorithm converged after  2  iterations.
[1] 3.854087e-09
Algorithm converged after  2  iterations.
[1] 1.033227e-09
Algorithm converged after  2  iterations.
[1] 2.301505e-10
Algorithm converged after  2  iterations.
[1] 4.081326e-11
Algorithm converged after  2  iterations.
[1] 5.442626e-12
Algorithm converged after  2  iterations.
[1] 5.049869e-13
Algorithm converged after  2  iterations.
[1] 2.92392e-14
Algorithm converged after  2  iterations.
[1] 9.028577e-16
Algorithm converged after  2  iterations.
[1] 1.174573e-17
Algorithm converged after  2  iterations.
[1] 4.445317e-20
Algorithm converged after  2  iterations.
[1] 2.640123e-23
Algorithm converged after  2  iterations.
[1] 8.101164e-28
Algorithm converged after  2  iterations.
[1] 1.392203e-34
Algorithm converged after  2  iterations.
[1] 7.508153e-46
Algorithm converged after  2  iterations.
[1] 2.235849e-68
Algorithm converged after  2  iterations.
[1] 6.20346e-136
Algorithm converged after  2  iterations.
[1] 0.1676687
Algorithm converged after  2  iterations.
[1] 0.0043806827 0.0006858111
[1] 0.0080151200 0.0009512385
Algorithm converged after  11  iterations.
[1] 0.0037745549 0.0005436054
[1] 0.0068790050 0.0007500363
Algorithm converged after  11  iterations.
[1] 0.0032351051 0.0004270024
Algorithm converged after  10  iterations.
[1] 0.0027571097 0.0003321295
Algorithm converged after  10  iterations.
[1] 0.0023355980 0.0002556148
Algorithm converged after  10  iterations.
[1] 0.0019658269 0.0001945052
Algorithm converged after  9  iterations.
[1] 0.0016432644 0.0001462155
Algorithm converged after  8  iterations.
[1] 0.0013635825 0.0001084925
Algorithm converged after  8  iterations.
[1] 1.122655e-03 7.938608e-05
Algorithm converged after  9  iterations.
[1] 0.0009165603 0.0000572246
Algorithm converged after  9  iterations.
[1] 7.415838e-04 4.059024e-05
Algorithm converged after  9  iterations.
[1] 5.942256e-04 2.829521e-05
Algorithm converged after  9  iterations.
[1] 0.0004712051 0.0000193574
Algorithm converged after  9  iterations.
[1] 3.694667e-04 1.297621e-05
Algorithm converged after  9  iterations.
[1] 2.861836e-04 8.508844e-06
Algorithm converged after  9  iterations.
[1] 2.187597e-04 5.447487e-06
Algorithm converged after  9  iterations.
[1] 1.648303e-04 3.398037e-06
Algorithm converged after  9  iterations.
[1] 1.222602e-04 2.060555e-06
Algorithm converged after  9  iterations.
[1] 8.913911e-05 1.211672e-06
Algorithm converged after  9  iterations.
[1] 6.377640e-05 6.890328e-07
Algorithm converged after  8  iterations.
[1] 4.469250e-05 3.777689e-07
Algorithm converged after  8  iterations.
[1] 3.060917e-05 1.990056e-07
Algorithm converged after  8  iterations.
[1] 2.043784e-05 1.003441e-07
Algorithm converged after  8  iterations.
[1] 1.326629e-05 4.821858e-08
Algorithm converged after  8  iterations.
[1] 8.343884e-06 1.627322e-15
Algorithm converged after  8  iterations.
[1] 5.065674e-06 9.439753e-09
Algorithm converged after  7  iterations.
[1] 2.955468e-06 3.798231e-09
Algorithm converged after  9  iterations.
[1] 1.648429e-06 1.420112e-09
[1] 1.992342e-06 2.448324e-14
Algorithm converged after  17  iterations.
[1] 8.735595e-07 2.899159e-10
Algorithm converged after  6  iterations.
[1] 4.366238e-07 8.815872e-11
Algorithm converged after  5  iterations.
[1] 2.040297e-07 2.404533e-11
Algorithm converged after  5  iterations.
[1] 8.819114e-08 5.773733e-12
Algorithm converged after  5  iterations.
[1] 3.480573e-08 1.194104e-12
Algorithm converged after  4  iterations.
[1] 1.234214e-08 2.071359e-13
Algorithm converged after  4  iterations.
[1] 3.854087e-09 2.916242e-14
Algorithm converged after  5  iterations.
[1] 1.033227e-09 3.197287e-15
Algorithm converged after  5  iterations.
[1] 2.301505e-10 2.589033e-16
Algorithm converged after  5  iterations.
[1] 4.081326e-11 1.445206e-17
Algorithm converged after  5  iterations.
[1] 5.442626e-12 1.945993e-21
[1] 5.714936e-12 1.920777e-21
Algorithm converged after  17  iterations.
[1] 5.049869e-13 3.668479e-20
Algorithm converged after  4  iterations.
[1] 2.923920e-14 3.998177e-22
Algorithm converged after  4  iterations.
[1] 9.028577e-16 1.642802e-24
Algorithm converged after  5  iterations.
[1] 1.174573e-17 1.765542e-27
Algorithm converged after  5  iterations.
[1] 4.445317e-20 2.793881e-31
Algorithm converged after  5  iterations.
[1] 2.640123e-23 2.498444e-36
Algorithm converged after  5  iterations.
[1] 8.101164e-28 2.252316e-43
Algorithm converged after  5  iterations.
[1] 1.392203e-34 6.513833e-54
Algorithm converged after  5  iterations.
[1] 7.508153e-46 1.939868e-71
Algorithm converged after  5  iterations.
[1]  2.235849e-68 1.968137e-106
Algorithm converged after  6  iterations.
[1] 6.20346e-136 2.69992e-211
Algorithm converged after  6  iterations.
[1] 0.1628144
Algorithm converged after  2  iterations.
[1] 0.0043806827 0.0004743376
Algorithm converged after  7  iterations.
[1] 0.0037745549 0.0003723909
Algorithm converged after  8  iterations.
[1] 0.0032351051 0.0003010235
Algorithm converged after  8  iterations.
[1] 0.0027571097 0.0002530827
Algorithm converged after  9  iterations.
[1] 0.0023355980 0.0002146365
Algorithm converged after  9  iterations.
[1] 0.0019658269 0.0001821855
Algorithm converged after  10  iterations.
[1] 0.0016432644 0.0001541827
Algorithm converged after  9  iterations.
[1] 0.0013635825 0.0001297483
Algorithm converged after  9  iterations.
[1] 0.0011226552 0.0001083275
Algorithm converged after  9  iterations.
[1] 9.165603e-04 8.954941e-05
Algorithm converged after  8  iterations.
[1] 7.415838e-04 7.315311e-05
Algorithm converged after  8  iterations.
[1] 5.942256e-04 5.894256e-05
Algorithm converged after  7  iterations.
[1] 4.712051e-04 4.675635e-05
Algorithm converged after  7  iterations.
[1] 3.694667e-04 3.644665e-05
Algorithm converged after  7  iterations.
[1] 2.861836e-04 2.786514e-05
Algorithm converged after  6  iterations.
[1] 2.187597e-04 2.085516e-05
Algorithm converged after  6  iterations.
[1] 1.648303e-04 1.524906e-05
Algorithm converged after  6  iterations.
[1] 1.222602e-04 1.086996e-05
Algorithm converged after  6  iterations.
[1] 8.913911e-05 7.536620e-06
Algorithm converged after  6  iterations.
[1] 6.377640e-05 5.069947e-06
Algorithm converged after  6  iterations.
[1] 4.469250e-05 3.299917e-06
Algorithm converged after  6  iterations.
[1] 3.060917e-05 2.071672e-06
Algorithm converged after  6  iterations.
[1] 2.043784e-05 1.250024e-06
Algorithm converged after  6  iterations.
[1] 1.326629e-05 7.219919e-07
Algorithm converged after  6  iterations.
[1] 8.343884e-06 3.973093e-07
Algorithm converged after  6  iterations.
[1] 5.065674e-06 2.071780e-07
Algorithm converged after  6  iterations.
[1] 2.955468e-06 1.017216e-07
Algorithm converged after  6  iterations.
[1] 1.648429e-06 4.667504e-08
Algorithm converged after  6  iterations.
[1] 8.735595e-07 1.983834e-08
Algorithm converged after  6  iterations.
[1] 4.366238e-07 7.728204e-09
Algorithm converged after  6  iterations.
[1] 2.040297e-07 2.724450e-09
Algorithm converged after  6  iterations.
[1] 8.819114e-08 8.558695e-10
Algorithm converged after  6  iterations.
[1] 3.480573e-08 2.351080e-10
Algorithm converged after  6  iterations.
[1] 1.234214e-08 5.517256e-11
Algorithm converged after  6  iterations.
[1] 3.854087e-09 1.074228e-11
Algorithm converged after  6  iterations.
[1] 1.033227e-09 1.672325e-12
Algorithm converged after  6  iterations.
[1] 2.301505e-10 1.984857e-13
Algorithm converged after  6  iterations.
[1] 4.081326e-11 1.687681e-14
Algorithm converged after  6  iterations.
[1] 5.442626e-12 9.461411e-16
Algorithm converged after  6  iterations.
[1] 5.049869e-13 3.122938e-17
Algorithm converged after  6  iterations.
[1] 2.923920e-14 5.179433e-19
Algorithm converged after  6  iterations.
[1] 9.028577e-16 3.433115e-21
Algorithm converged after  6  iterations.
[1] 1.174573e-17 6.451294e-24
Algorithm converged after  6  iterations.
[1] 4.445317e-20 2.003582e-27
Algorithm converged after  6  iterations.
[1] 2.640123e-23 4.184043e-32
Algorithm converged after  6  iterations.
[1] 8.101164e-28 1.164132e-38
Algorithm converged after  6  iterations.
[1] 1.392203e-34 1.694497e-48
Algorithm converged after  5  iterations.
[1] 7.508153e-46 6.763187e-65
Algorithm converged after  5  iterations.
[1] 2.235849e-68 1.066123e-97
Algorithm converged after  5  iterations.
[1] 6.203460e-136 4.119214e-196
Algorithm converged after  5  iterations.
[1] 0.1604307
Algorithm converged after  2  iterations.
[1] 0.0043806827 0.0003010341
[1] 0.0038494299 0.0006371098
Algorithm converged after  18  iterations.
[1] 0.0037745549 0.0002296919
[1] 0.0033030229 0.0004855929
Algorithm converged after  18  iterations.
[1] 0.0032351051 0.0001738593
[1] 0.0028279536 0.0003634244
Algorithm converged after  18  iterations.
[1] 0.0027571097 0.0001304823
[1] 0.0031798687 0.0002296725
[1] 0.0024086998 0.0002653232
Algorithm converged after  22  iterations.
[1] 2.335598e-03 9.705495e-05
[1] 0.0030399043 0.0001266079
Algorithm converged after  20  iterations.
[1] 1.965827e-03 7.152768e-05
[1] 2.488406e-03 9.608014e-05
Algorithm converged after  15  iterations.
[1] 1.643264e-03 5.222926e-05
[1] 2.042458e-03 7.351281e-05
Algorithm converged after  12  iterations.
[1] 1.363583e-03 3.780369e-05
[1] 1.675268e-03 5.626958e-05
Algorithm converged after  11  iterations.
[1] 1.122655e-03 2.716102e-05
Algorithm converged after  9  iterations.
[1] 9.165603e-04 1.944294e-05
Algorithm converged after  8  iterations.
[1] 7.415838e-04 1.401072e-05
Algorithm converged after  8  iterations.
[1] 5.942256e-04 1.037168e-05
Algorithm converged after  8  iterations.
[1] 4.712051e-04 7.892055e-06
Algorithm converged after  8  iterations.
[1] 3.694667e-04 6.068908e-06
Algorithm converged after  7  iterations.
[1] 0.0002861836 0.0000046593
Algorithm converged after  7  iterations.
[1] 2.187597e-04 3.542530e-06
Algorithm converged after  7  iterations.
[1] 1.648303e-04 2.651669e-06
Algorithm converged after  7  iterations.
[1] 0.0001222602 0.0000019449
Algorithm converged after  8  iterations.
[1] 8.913911e-05 1.392232e-06
Algorithm converged after  8  iterations.
[1] 6.377640e-05 9.691419e-07
Algorithm converged after  8  iterations.
[1] 4.469250e-05 6.537406e-07
Algorithm converged after  8  iterations.
[1] 3.060917e-05 4.258147e-07
Algorithm converged after  8  iterations.
[1] 2.043784e-05 2.668033e-07
Algorithm converged after  7  iterations.
[1] 1.326629e-05 1.601454e-07
Algorithm converged after  7  iterations.
[1] 8.343884e-06 9.165642e-08
Algorithm converged after  7  iterations.
[1] 5.065674e-06 4.975256e-08
Algorithm converged after  7  iterations.
[1] 2.955468e-06 2.545550e-08
Algorithm converged after  7  iterations.
[1] 1.648429e-06 1.218735e-08
Algorithm converged after  7  iterations.
[1] 8.735595e-07 5.413456e-09
Algorithm converged after  7  iterations.
[1] 4.366238e-07 2.208204e-09
Algorithm converged after  7  iterations.
[1] 2.040297e-07 8.170931e-10
Algorithm converged after  7  iterations.
[1] 8.819114e-08 2.702151e-10
Algorithm converged after  7  iterations.
[1] 3.480573e-08 7.842370e-11
Algorithm converged after  7  iterations.
[1] 1.234214e-08 1.953038e-11
Algorithm converged after  7  iterations.
[1] 3.854087e-09 4.057649e-12
Algorithm converged after  7  iterations.
[1] 1.033227e-09 6.786536e-13
Algorithm converged after  7  iterations.
[1] 2.301505e-10 8.727902e-14
Algorithm converged after  7  iterations.
[1] 4.081326e-11 8.128395e-15
Algorithm converged after  6  iterations.
[1] 5.442626e-12 5.060485e-16
Algorithm converged after  6  iterations.
[1] 5.049869e-13 1.888419e-17
Algorithm converged after  6  iterations.
[1] 2.923920e-14 3.625796e-19
Algorithm converged after  6  iterations.
[1] 9.028577e-16 2.872873e-21
Algorithm converged after  6  iterations.
[1] 1.174573e-17 6.747758e-24
Algorithm converged after  6  iterations.
[1] 4.445317e-20 2.793593e-27
Algorithm converged after  6  iterations.
[1] 2.640123e-23 8.571543e-32
Algorithm converged after  5  iterations.
[1] 8.101164e-28 4.098109e-38
Algorithm converged after  5  iterations.
[1] 1.392203e-34 1.349694e-47
Algorithm converged after  5  iterations.
[1] 7.508153e-46 2.116179e-63
Algorithm converged after  5  iterations.
[1] 2.235849e-68 5.214690e-95
Algorithm converged after  5  iterations.
[1] 6.203460e-136 7.924216e-190
Algorithm converged after  4  iterations.
[1] 0.1585882
Algorithm converged after  2  iterations.
[1] 0.0043806827 0.0006922766
Algorithm converged after  2  iterations.
[1] 0.003774555 0.000549918
Algorithm converged after  2  iterations.
[1] 0.0032351051 0.0004361616
Algorithm converged after  2  iterations.
[1] 0.0027571097 0.0003472663
Algorithm converged after  2  iterations.
[1] 0.0023355980 0.0002830755
Algorithm converged after  2  iterations.
[1] 0.0019658269 0.0002428186
Algorithm converged after  2  iterations.
[1] 0.0016432644 0.0002117511
Algorithm converged after  2  iterations.
[1] 0.0013635825 0.0001850117
Algorithm converged after  2  iterations.
[1] 0.001122655 0.000161018
Algorithm converged after  2  iterations.
[1] 0.0009165603 0.0001390857
Algorithm converged after  2  iterations.
[1] 0.0007415838 0.0001189196
Algorithm converged after  2  iterations.
[1] 0.0005942256 0.0001004214
Algorithm converged after  2  iterations.
[1] 4.712051e-04 8.359221e-05
Algorithm converged after  2  iterations.
[1] 3.694667e-04 6.847251e-05
Algorithm converged after  2  iterations.
[1] 2.861836e-04 5.510229e-05
Algorithm converged after  2  iterations.
[1] 0.0002187597 0.0000434951
Algorithm converged after  2  iterations.
[1] 1.648303e-04 3.362337e-05
Algorithm converged after  2  iterations.
[1] 1.222602e-04 2.541324e-05
Algorithm converged after  2  iterations.
[1] 8.913911e-05 1.874716e-05
Algorithm converged after  2  iterations.
[1] 6.377640e-05 1.347202e-05
Algorithm converged after  2  iterations.
[1] 4.469250e-05 9.410631e-06
Algorithm converged after  2  iterations.
[1] 3.060917e-05 6.374321e-06
Algorithm converged after  2  iterations.
[1] 2.043784e-05 4.175061e-06
Algorithm converged after  2  iterations.
[1] 1.326629e-05 2.635724e-06
Algorithm converged after  2  iterations.
[1] 8.343884e-06 1.597755e-06
Algorithm converged after  2  iterations.
[1] 5.065674e-06 9.259349e-07
Algorithm converged after  2  iterations.
[1] 2.955468e-06 5.103429e-07
Algorithm converged after  2  iterations.
[1] 1.648429e-06 2.658872e-07
Algorithm converged after  2  iterations.
[1] 8.735595e-07 1.299953e-07
Algorithm converged after  2  iterations.
[1] 4.366238e-07 5.912552e-08
Algorithm converged after  2  iterations.
[1] 2.040297e-07 2.475649e-08
Algorithm converged after  2  iterations.
[1] 8.819114e-08 9.422048e-09
Algorithm converged after  2  iterations.
[1] 3.480573e-08 3.209044e-09
Algorithm converged after  2  iterations.
[1] 1.234214e-08 9.594114e-10
Algorithm converged after  2  iterations.
[1] 3.854087e-09 2.457819e-10
Algorithm converged after  2  iterations.
[1] 1.033227e-09 5.232609e-11
Algorithm converged after  2  iterations.
[1] 2.301505e-10 8.900356e-12
Algorithm converged after  2  iterations.
[1] 4.081326e-11 1.148788e-12
Algorithm converged after  2  iterations.
[1] 5.442626e-12 1.050430e-13
Algorithm converged after  2  iterations.
[1] 5.049869e-13 6.195490e-15
Algorithm converged after  2  iterations.
[1] 2.923920e-14 2.067072e-16
Algorithm converged after  2  iterations.
[1] 9.028577e-16 3.227370e-18
Algorithm converged after  2  iterations.
[1] 1.174573e-17 1.774221e-20
Algorithm converged after  2  iterations.
[1] 4.445317e-20 2.196225e-23
Algorithm converged after  2  iterations.
[1] 2.640123e-23 2.905723e-27
Algorithm converged after  2  iterations.
[1] 8.101164e-28 1.074604e-32
Algorithm converged after  2  iterations.
[1] 1.392203e-34 7.597497e-41
Algorithm converged after  2  iterations.
[1] 7.508153e-46 1.964317e-54
Algorithm converged after  2  iterations.
[1] 2.235849e-68 1.300035e-81
Algorithm converged after  2  iterations.
[1] 6.203460e-136 3.701495e-163
Algorithm converged after  2  iterations.
[1] 0.1463687
Algorithm converged after  2  iterations.
[1] 0.0043806827 0.0006858111 0.0001926355
[1] 0.0056972637 0.0007763163 0.0002042973
Algorithm converged after  13  iterations.
[1] 0.0037745549 0.0005436054 0.0001458149
[1] 0.0049569628 0.0006196422 0.0001552383
Algorithm converged after  14  iterations.
[1] 0.0032351051 0.0004270024 0.0001095269
[1] 0.0043165665 0.0004920204 0.0001180003
Algorithm converged after  14  iterations.
[1] 2.757110e-03 3.321295e-04 8.189721e-05
[1] 3.762532e-03 3.884729e-04 9.033809e-05
Algorithm converged after  14  iterations.
[1] 2.335598e-03 2.556148e-04 6.120927e-05
[1] 3.290286e-03 3.052510e-04 7.083098e-05
Algorithm converged after  16  iterations.
[1] 1.965827e-03 1.945052e-04 4.600202e-05
[1] 2.877963e-03 2.381544e-04 5.825196e-05
Algorithm converged after  15  iterations.
[1] 1.643264e-03 1.462155e-04 3.510941e-05
[1] 0.0024645226 0.0001822392 0.0000483789
Algorithm converged after  14  iterations.
[1] 1.363583e-03 1.084925e-04 2.740402e-05
[1] 2.080981e-03 1.371641e-04 3.961431e-05
Algorithm converged after  13  iterations.
[1] 1.122655e-03 7.938608e-05 2.160157e-05
[1] 1.728774e-03 1.011594e-04 3.161001e-05
Algorithm converged after  12  iterations.
[1] 0.0009165603 0.0000572246 0.0000169432
[1] 1.415881e-03 7.313500e-05 2.450024e-05
Algorithm converged after  12  iterations.
[1] 7.415838e-04 4.059024e-05 1.310588e-05
[1] 1.144945e-03 5.184736e-05 1.844659e-05
Algorithm converged after  12  iterations.
[1] 5.942256e-04 2.829521e-05 9.939189e-06
[1] 9.145129e-04 3.602514e-05 1.350616e-05
Algorithm converged after  11  iterations.
[1] 4.712051e-04 1.935740e-05 7.359567e-06
[1] 7.214226e-04 2.451165e-05 9.626227e-06
Algorithm converged after  11  iterations.
[1] 3.694667e-04 1.297621e-05 5.305041e-06
[1] 5.618134e-04 1.631214e-05 6.682023e-06
Algorithm converged after  11  iterations.
[1] 2.861836e-04 8.508844e-06 3.714840e-06
[1] 4.316193e-04 1.060236e-05 4.516991e-06
Algorithm converged after  11  iterations.
[1] 2.187597e-04 5.447487e-06 2.522883e-06
Algorithm converged after  10  iterations.
[1] 1.648303e-04 3.398037e-06 1.659267e-06
Algorithm converged after  10  iterations.
[1] 1.222602e-04 2.060555e-06 1.055109e-06
Algorithm converged after  10  iterations.
[1] 8.913911e-05 1.211672e-06 6.474437e-07
Algorithm converged after  10  iterations.
[1] 6.377640e-05 6.890328e-07 3.824596e-07
Algorithm converged after  9  iterations.
[1] 4.469250e-05 3.777689e-07 2.168490e-07
Algorithm converged after  9  iterations.
[1] 3.060917e-05 1.990056e-07 1.175852e-07
Algorithm converged after  9  iterations.
[1] 2.043784e-05 1.003441e-07 6.071584e-08
Algorithm converged after  9  iterations.
[1] 1.326629e-05 4.821858e-08 2.970307e-08
Algorithm converged after  8  iterations.
[1] 8.343884e-06 1.627322e-15 1.385311e-14
[1] 8.807684e-06 3.987009e-15 4.480246e-15
[1] 9.856375e-06 2.128646e-08 1.368441e-08
Algorithm converged after  28  iterations.
[1] 5.065674e-06 9.439753e-09 5.898107e-09
[1] 5.385249e-06 8.567409e-09 5.876324e-09
Algorithm converged after  11  iterations.
[1] 2.955468e-06 3.798231e-09 2.358452e-09
Algorithm converged after  7  iterations.
[1] 1.648429e-06 1.420112e-09 8.668165e-10
Algorithm converged after  7  iterations.
[1] 8.735595e-07 2.899159e-10 4.856169e-10
Algorithm converged after  7  iterations.
[1] 4.366238e-07 8.815872e-11 1.443872e-10
Algorithm converged after  7  iterations.
[1] 2.040297e-07 2.404533e-11 3.769034e-11
Algorithm converged after  6  iterations.
[1] 8.819114e-08 5.773733e-12 8.538916e-12
Algorithm converged after  6  iterations.
[1] 3.480573e-08 1.194104e-12 1.643709e-12
Algorithm converged after  6  iterations.
[1] 1.234214e-08 2.071359e-13 2.614409e-13
Algorithm converged after  6  iterations.
[1] 3.854087e-09 2.916242e-14 3.316079e-14
Algorithm converged after  5  iterations.
[1] 1.033227e-09 3.197287e-15 3.205715e-15
Algorithm converged after  5  iterations.
[1] 2.301505e-10 2.589033e-16 2.228140e-16
Algorithm converged after  4  iterations.
[1] 4.081326e-11 1.445206e-17 1.031629e-17
Algorithm converged after  5  iterations.
[1] 5.442626e-12 1.945993e-21 2.117571e-20
[1] 5.079214e-12 1.566018e-19 9.680116e-19
Algorithm converged after  12  iterations.
[1] 5.049869e-13 3.668479e-20 2.481349e-21
Algorithm converged after  5  iterations.
[1] 2.923920e-14 3.998177e-22 1.520631e-23
Algorithm converged after  5  iterations.
[1] 9.028577e-16 1.642802e-24 3.016276e-26
Algorithm converged after  5  iterations.
[1] 1.174573e-17 1.765542e-27 1.269303e-29
Algorithm converged after  5  iterations.
[1] 4.445317e-20 2.793881e-31 5.834119e-34
Algorithm converged after  5  iterations.
[1] 2.640123e-23 2.498444e-36 9.684804e-40
Algorithm converged after  6  iterations.
[1] 8.101164e-28 2.252316e-43 7.921250e-48
Algorithm converged after  6  iterations.
[1] 1.392203e-34 6.513833e-54 5.940342e-60
Algorithm converged after  6  iterations.
[1] 7.508153e-46 1.939868e-71 3.748413e-80
Algorithm converged after  6  iterations.
[1]  2.235849e-68 1.968137e-106 1.538339e-120
Algorithm converged after  6  iterations.
[1] 6.203460e-136 2.699920e-211 1.133832e-241
Algorithm converged after  6  iterations.
[1] 0.160995
Algorithm converged after  2  iterations.
[1] 0.0043806827 0.0004743376 0.0001436543
[1] 0.0044482783 0.0005367805 0.0002833121
[1] 0.0044486522 0.0005371827 0.0002841768
[1] 0.0044486661 0.0005372027 0.0002842199
[1] 0.0044486668 0.0005372037 0.0002842221
Algorithm converged after  41  iterations.
[1] 0.0037745549 0.0003723909 0.0001438894
[1] 0.0038697616 0.0004236167 0.0002316839
Algorithm converged after  15  iterations.
[1] 0.0032351051 0.0003010235 0.0001711220
[1] 0.0032644248 0.0003099868 0.0001788036
Algorithm converged after  16  iterations.
[1] 0.0027571097 0.0002530827 0.0001383463
Algorithm converged after  10  iterations.
[1] 0.0023355980 0.0002146365 0.0001044116
[1] 0.0024435977 0.0002089667 0.0001035840
Algorithm converged after  11  iterations.
[1] 0.0019658269 0.0001821855 0.0000767865
[1] 2.077165e-03 1.769874e-04 7.699982e-05
Algorithm converged after  11  iterations.
[1] 1.643264e-03 1.541827e-04 5.543626e-05
Algorithm converged after  10  iterations.
[1] 0.0013635825 0.0001297483 0.0000393778
Algorithm converged after  10  iterations.
[1] 1.122655e-03 1.083275e-04 2.754069e-05
Algorithm converged after  10  iterations.
[1] 9.165603e-04 8.954941e-05 1.896760e-05
Algorithm converged after  9  iterations.
[1] 7.415838e-04 7.315311e-05 1.286045e-05
Algorithm converged after  9  iterations.
[1] 5.942256e-04 5.894256e-05 8.579453e-06
Algorithm converged after  8  iterations.
[1] 4.712051e-04 4.675635e-05 5.626391e-06
Algorithm converged after  7  iterations.
[1] 3.694667e-04 3.644665e-05 3.622636e-06
Algorithm converged after  7  iterations.
[1] 2.861836e-04 2.786514e-05 2.286464e-06
Algorithm converged after  6  iterations.
[1] 2.187597e-04 2.085516e-05 1.412043e-06
Algorithm converged after  6  iterations.
[1] 1.648303e-04 1.524906e-05 8.514566e-07
Algorithm converged after  6  iterations.
[1] 1.222602e-04 1.086996e-05 5.001286e-07
Algorithm converged after  6  iterations.
[1] 8.913911e-05 7.536620e-06 2.854015e-07
Algorithm converged after  6  iterations.
[1] 6.377640e-05 5.069947e-06 1.577599e-07
Algorithm converged after  6  iterations.
[1] 4.469250e-05 3.299917e-06 5.294221e-14
Algorithm converged after  8  iterations.
[1] 3.060917e-05 2.071672e-06 6.448994e-13
Algorithm converged after  7  iterations.
[1] 2.043784e-05 1.250024e-06 1.573469e-11
Algorithm converged after  10  iterations.
[1] 1.326629e-05 7.219919e-07 9.946313e-09
[1] 1.822710e-05 7.910450e-07 9.429847e-09
Algorithm converged after  13  iterations.
[1] 8.343884e-06 3.973093e-07 4.413861e-09
[1] 1.144600e-05 4.329280e-07 4.339866e-09
[1] 1.133039e-05 4.313478e-07 5.653506e-14
Algorithm converged after  27  iterations.
[1] 5.065674e-06 2.071780e-07 1.843750e-09
[1] 6.842605e-06 2.230359e-07 3.490165e-14
[1] 7.017115e-06 2.255540e-07 1.804347e-09
[1] 6.771393e-06 2.229027e-07 2.040651e-09
Algorithm converged after  32  iterations.
[1] 2.955468e-06 1.017216e-07 4.752593e-18
[1] 4.144797e-06 1.107626e-07 6.929355e-10
[1] 4.121726e-06 1.105445e-07 5.999119e-20
[1] 4.115076e-06 1.105052e-07 8.547882e-16
[1] 4.127682e-06 1.106244e-07 6.989415e-10
[1] 4.138972e-06 1.107323e-07 6.946597e-10
[1] 3.942118e-06 1.090628e-07 6.805681e-10
[1] 3.972692e-06 1.092795e-07 6.790371e-10
Algorithm converged after  79  iterations.
[1] 1.648429e-06 4.667504e-08 1.292460e-18
[1] 2.235376e-06 5.012548e-08 8.814904e-20
[1] 2.204870e-06 4.980613e-08 2.612815e-10
Algorithm converged after  26  iterations.
[1] 8.735595e-07 1.983834e-08 8.597853e-11
Algorithm converged after  9  iterations.
[1] 4.366238e-07 7.728204e-09 2.863539e-18
[1] 5.718169e-07 8.187182e-09 2.497847e-11
[1] 6.204515e-07 8.353240e-09 2.571183e-11
Algorithm converged after  22  iterations.
[1] 2.040297e-07 2.724450e-09 6.858359e-12
[1] 2.910861e-07 2.937669e-09 6.930127e-12
Algorithm converged after  11  iterations.
[1] 8.819114e-08 8.558695e-10 1.598975e-12
Algorithm converged after  7  iterations.
[1] 3.480573e-08 2.351080e-10 2.630620e-14
[1] 5.019679e-08 2.525347e-10 3.235708e-13
Algorithm converged after  12  iterations.
[1] 1.234214e-08 5.517256e-11 7.660238e-15
Algorithm converged after  7  iterations.
[1] 3.854087e-09 1.074228e-11 7.044865e-15
Algorithm converged after  9  iterations.
[1] 1.033227e-09 1.672325e-12 4.192903e-25
[1] 1.398771e-09 1.761179e-12 7.235497e-16
[1] 1.405992e-09 1.762813e-12 6.857466e-17
Algorithm converged after  25  iterations.
[1] 2.301505e-10 1.984857e-13 4.432075e-18
[1] 3.121348e-10 2.085591e-13 4.136787e-18
[1] 3.210622e-10 2.094538e-13 4.497267e-18
[1] 3.352300e-10 2.111472e-13 5.584141e-17
[1] 3.175325e-10 2.090840e-13 1.644500e-26
Algorithm converged after  47  iterations.
[1] 4.081326e-11 1.687681e-14 1.734429e-19
[1] 5.533530e-11 1.769084e-14 1.648256e-19
[1] 5.543552e-11 1.769827e-14 2.523529e-33
[1] 5.551410e-11 1.771953e-14 8.506396e-30
[1] 5.532877e-11 1.770874e-14 2.754867e-18
[1] 5.966066e-11 1.793527e-14 1.813640e-19
[1] 5.539011e-11 1.771475e-14 2.751450e-18
[1] 5.548852e-11 1.772193e-14 1.623877e-19
Algorithm converged after  72  iterations.
[1] 5.442626e-12 9.461411e-16 1.391735e-21
Algorithm converged after  6  iterations.
[1] 5.049869e-13 3.122938e-17 1.435103e-23
Algorithm converged after  6  iterations.
[1] 2.923920e-14 5.179433e-19 6.054085e-26
Algorithm converged after  6  iterations.
[1] 9.028577e-16 3.433115e-21 7.751223e-29
Algorithm converged after  6  iterations.
[1] 1.174573e-17 6.451294e-24 1.927379e-32
Algorithm converged after  6  iterations.
[1] 4.445317e-20 2.003582e-27 4.619915e-37
Algorithm converged after  6  iterations.
[1] 2.640123e-23 4.184043e-32 3.326030e-43
[1] 3.628240e-23 4.325853e-32 1.101529e-41
[1] 3.592713e-23 4.321165e-32 2.997037e-46
[1] 3.719941e-23 4.338174e-32 1.085488e-41
[1] 3.630116e-23 4.326237e-32 6.293015e-65
[1] 3.648290e-23 4.328572e-32 9.430937e-56
[1] 3.695833e-23 4.334941e-32 2.197911e-59
[1] 3.590700e-23 4.321080e-32 2.369828e-44
[1] 3.479931e-23 4.306117e-32 1.709298e-43
[1] 3.489324e-23 4.307292e-32 1.714194e-43
[1] 3.551504e-23 4.315897e-32 9.560867e-47
[1] 3.574445e-23 4.319091e-32 3.209644e-44
[1] 3.630130e-23 4.326635e-32 6.434227e-90
[1] 3.720405e-23 4.338692e-32 1.085178e-41
[1] 3.559481e-23 4.317065e-32 3.210478e-44
[1] 3.629916e-23 4.326721e-32 8.281770e-60
[1] 3.558392e-23 4.317002e-32 1.110848e-41
[1] 3.574724e-23 4.319365e-32 3.209184e-44
[1] 3.629933e-23 4.326854e-32 1.089828e-60
[1] 3.630169e-23 4.326938e-32 8.281544e-60
Algorithm did not converge after  200  iterations.
[1] 8.101164e-28 1.164132e-38 8.833635e-52
Algorithm converged after  6  iterations.
[1] 1.392203e-34 1.694497e-48 2.273035e-69
Algorithm converged after  6  iterations.
[1] 7.508153e-46 6.763187e-65 6.566931e-85
Algorithm converged after  5  iterations.
[1]  2.235849e-68  1.066123e-97 3.881739e-127
[1]  2.939417e-68  1.088298e-97 9.185900e-123
[1]  2.955188e-68  1.088765e-97 2.624405e-117
[1]  3.125152e-68  1.093729e-97 6.529971e-126
[1]  2.939417e-68  1.088299e-97 9.185908e-123
[1]  2.955188e-68  1.088767e-97 2.624404e-117
[1]  3.125152e-68  1.093730e-97 6.529972e-126
[1]  2.939418e-68  1.088301e-97 9.185916e-123
[1]  2.955188e-68  1.088768e-97 2.624404e-117
[1]  3.125152e-68  1.093732e-97 6.529972e-126
[1]  2.939418e-68  1.088302e-97 9.185924e-123
[1]  2.955188e-68  1.088770e-97 2.624404e-117
[1]  3.125152e-68  1.093733e-97 6.529973e-126
[1]  2.939418e-68  1.088303e-97 9.185932e-123
[1]  2.955188e-68  1.088771e-97 2.624404e-117
[1]  3.125152e-68  1.093735e-97 6.529974e-126
[1]  2.939418e-68  1.088305e-97 9.185940e-123
[1]  2.955188e-68  1.088773e-97 2.624404e-117
[1]  3.125152e-68  1.093736e-97 6.529974e-126
[1]  2.939418e-68  1.088306e-97 9.185948e-123
Algorithm did not converge after  200  iterations.
[1] 6.203460e-136 4.119214e-196 7.906591e-252
Algorithm converged after  5  iterations.
[1] 0.158039
Algorithm converged after  2  iterations.
[1] 4.380683e-03 3.010341e-04 7.451017e-05
[1] 4.854318e-03 3.170270e-04 8.294096e-05
Algorithm converged after  13  iterations.
[1] 3.774555e-03 2.296919e-04 6.016955e-05
[1] 4.231141e-03 2.406391e-04 6.444472e-05
Algorithm converged after  13  iterations.
[1] 3.235105e-03 1.738593e-04 4.780032e-05
[1] 3.683969e-03 1.821015e-04 4.981655e-05
Algorithm converged after  13  iterations.
[1] 2.757110e-03 1.304823e-04 3.735524e-05
[1] 3.201472e-03 1.373169e-04 3.830711e-05
Algorithm converged after  13  iterations.
[1] 2.335598e-03 9.705495e-05 2.875765e-05
[1] 2.770336e-03 1.030333e-04 2.927858e-05
Algorithm converged after  13  iterations.
[1] 1.965827e-03 7.152768e-05 2.187108e-05
[1] 2.377889e-03 7.673446e-05 2.220100e-05
Algorithm converged after  13  iterations.
[1] 1.643264e-03 5.222926e-05 1.652303e-05
[1] 2.018884e-03 5.657069e-05 1.666372e-05
[1] 2.017767e-03 5.658299e-05 1.665160e-05
[1] 2.017448e-03 5.658610e-05 1.664848e-05
[1] 2.017359e-03 5.658694e-05 1.664764e-05
[1] 2.017335e-03 5.658717e-05 1.664741e-05
[1] 2.017328e-03 5.658723e-05 1.664735e-05
Algorithm converged after  70  iterations.
[1] 1.363583e-03 3.780369e-05 1.256044e-05
[1] 1.813901e-03 4.391124e-05 1.323630e-05
[1] 1.814906e-03 4.484765e-05 1.252855e-05
[1] 1.804697e-03 4.518174e-05 1.220953e-05
[1] 1.796248e-03 4.531806e-05 1.204227e-05
[1] 1.790264e-03 4.537487e-05 1.194640e-05
[1] 1.786189e-03 4.539818e-05 1.188859e-05
[1] 1.783447e-03 4.540732e-05 1.185258e-05
[1] 1.781609e-03 4.541056e-05 1.182963e-05
[1] 1.780378e-03 4.541145e-05 1.181478e-05
[1] 1.779555e-03 4.541148e-05 1.180507e-05
[1] 1.778992e-03 4.541122e-05 1.179853e-05
[1] 1.778608e-03 4.541091e-05 1.179412e-05
[1] 1.778351e-03 4.541065e-05 1.179118e-05
[1] 1.778178e-03 4.541045e-05 1.178922e-05
[1] 1.778063e-03 4.541030e-05 1.178791e-05
[1] 1.777986e-03 4.541020e-05 1.178704e-05
[1] 1.777934e-03 4.541012e-05 1.178645e-05
[1] 1.777899e-03 4.541008e-05 1.178606e-05
[1] 1.777876e-03 4.541004e-05 1.178580e-05
Algorithm did not converge after  200  iterations.
[1] 1.122655e-03 2.716102e-05 9.989598e-06
[1] 1.418583e-03 3.177214e-05 9.180219e-06
[1] 1.415042e-03 3.180728e-05 9.140572e-06
[1] 1.412563e-03 3.183017e-05 9.120459e-06
[1] 1.410600e-03 3.184581e-05 9.104759e-06
[1] 1.409014e-03 3.185652e-05 9.091730e-06
[1] 1.407713e-03 3.186377e-05 9.080554e-06
[1] 1.406643e-03 3.186861e-05 9.071006e-06
[1] 1.405760e-03 3.187177e-05 9.062828e-06
[1] 1.405028e-03 3.187377e-05 9.055817e-06
[1] 1.404418e-03 3.187497e-05 9.049807e-06
[1] 1.403909e-03 3.187563e-05 9.044656e-06
[1] 1.403484e-03 3.187594e-05 9.040243e-06
[1] 1.403126e-03 3.187601e-05 9.036464e-06
[1] 1.402826e-03 3.187593e-05 9.033229e-06
[1] 1.402579e-03 3.187577e-05 9.030694e-06
[1] 1.402374e-03 3.187559e-05 9.028453e-06
[1] 1.402201e-03 3.187539e-05 9.026535e-06
[1] 1.402054e-03 3.187518e-05 9.024894e-06
[1] 1.401930e-03 3.187497e-05 9.023490e-06
Algorithm did not converge after  200  iterations.
[1] 9.165603e-04 1.944294e-05 9.119032e-06
[1] 1.093454e-03 2.155448e-05 6.851388e-06
[1] 1.093467e-03 2.157742e-05 6.866039e-06
[1] 1.093579e-03 2.159379e-05 6.878139e-06
[1] 1.093748e-03 2.160563e-05 6.888035e-06
[1] 1.093944e-03 2.161428e-05 6.896162e-06
[1] 1.094147e-03 2.162063e-05 6.902868e-06
[1] 1.094346e-03 2.162533e-05 6.908425e-06
[1] 1.094535e-03 2.162882e-05 6.913046e-06
[1] 1.094708e-03 2.163143e-05 6.916904e-06
[1] 1.094864e-03 2.163338e-05 6.920111e-06
[1] 1.095002e-03 2.163486e-05 6.922798e-06
[1] 1.095125e-03 2.163599e-05 6.925063e-06
[1] 1.095233e-03 2.163686e-05 6.926975e-06
[1] 1.095329e-03 2.163753e-05 6.928592e-06
[1] 1.095412e-03 2.163805e-05 6.929961e-06
[1] 1.095485e-03 2.163845e-05 6.931120e-06
[1] 1.095548e-03 2.163877e-05 6.932104e-06
[1] 1.095602e-03 2.163902e-05 6.932938e-06
[1] 1.095649e-03 2.163922e-05 6.933647e-06
Algorithm did not converge after  200  iterations.
[1] 7.415838e-04 1.401072e-05 8.629299e-06
[1] 9.007192e-04 1.586100e-05 8.768053e-06
Algorithm converged after  17  iterations.
[1] 5.942256e-04 1.037168e-05 7.051636e-06
[1] 7.357259e-04 1.251049e-05 7.864987e-06
Algorithm converged after  15  iterations.
[1] 4.712051e-04 7.892055e-06 5.009422e-06
[1] 5.878085e-04 1.006655e-05 5.642627e-06
Algorithm converged after  13  iterations.
[1] 3.694667e-04 6.068908e-06 3.371690e-06
[1] 4.630200e-04 8.035963e-06 3.820594e-06
Algorithm converged after  11  iterations.
[1] 2.861836e-04 4.659300e-06 2.201492e-06
Algorithm converged after  9  iterations.
[1] 2.187597e-04 3.542530e-06 1.403083e-06
Algorithm converged after  9  iterations.
[1] 1.648303e-04 2.651669e-06 8.746601e-07
Algorithm converged after  9  iterations.
[1] 1.222602e-04 1.944900e-06 5.334574e-07
Algorithm converged after  8  iterations.
[1] 8.913911e-05 1.392232e-06 3.179534e-07
Algorithm converged after  8  iterations.
[1] 6.377640e-05 9.691419e-07 1.859488e-13
[1] 8.082987e-05 1.283431e-06 2.254323e-07
Algorithm converged after  12  iterations.
[1] 4.469250e-05 6.537406e-07 1.044301e-07
Algorithm converged after  9  iterations.
[1] 3.060917e-05 4.258147e-07 5.719244e-08
[1] 4.040027e-05 5.971592e-07 6.314026e-08
Algorithm converged after  11  iterations.
[1] 2.043784e-05 2.668033e-07 2.368095e-08
[1] 2.441312e-05 3.300313e-07 2.951390e-08
[1] 2.058713e-05 2.643357e-07 2.525244e-08
[1] 2.682903e-05 3.621674e-07 3.445814e-08
Algorithm converged after  33  iterations.
[1] 1.326629e-05 1.601454e-07 1.141917e-08
[1] 1.552241e-05 1.902797e-07 1.164976e-08
[1] 1.552054e-05 1.902696e-07 1.165006e-08
Algorithm converged after  26  iterations.
[1] 8.343884e-06 9.165642e-08 5.218667e-09
[1] 1.013663e-05 1.138559e-07 4.806353e-09
Algorithm converged after  17  iterations.
[1] 5.065674e-06 4.975256e-08 2.247228e-09
[1] 5.869445e-06 5.857786e-08 2.121100e-09
[1] 6.172429e-06 6.117133e-08 2.048853e-09
Algorithm converged after  25  iterations.
[1] 2.955468e-06 2.545550e-08 9.051752e-10
[1] 3.474081e-06 3.010067e-08 8.165147e-10
[1] 3.629748e-06 3.119449e-08 8.001262e-10
Algorithm converged after  23  iterations.
[1] 1.648429e-06 1.218735e-08 3.380903e-10
[1] 2.034087e-06 1.483279e-08 2.916969e-10
Algorithm converged after  14  iterations.
[1] 8.735595e-07 5.413456e-09 1.158907e-10
[1] 1.004734e-06 6.014028e-09 1.294806e-10
Algorithm converged after  14  iterations.
[1] 4.366238e-07 2.208204e-09 3.600910e-11
Algorithm converged after  10  iterations.
[1] 2.040297e-07 8.170931e-10 9.992647e-12
Algorithm converged after  10  iterations.
[1] 8.819114e-08 2.702151e-10 2.432513e-12
[1] 1.075396e-07 3.100055e-10 2.161059e-12
Algorithm converged after  16  iterations.
[1] 3.480573e-08 7.842370e-11 1.819600e-12
Algorithm converged after  8  iterations.
[1] 1.234214e-08 1.953038e-11 3.849666e-13
Algorithm converged after  8  iterations.
[1] 3.854087e-09 4.057649e-12 1.249414e-14
Algorithm converged after  7  iterations.
[1] 1.033227e-09 6.786536e-13 1.361988e-15
Algorithm converged after  7  iterations.
[1] 2.301505e-10 8.727902e-14 1.087201e-16
Algorithm converged after  7  iterations.
[1] 4.081326e-11 8.128395e-15 5.914413e-18
[1] 5.042093e-11 8.896052e-15 9.214911e-19
[1] 5.581486e-11 9.242711e-15 9.008877e-17
Algorithm converged after  29  iterations.
[1] 5.442626e-12 5.060485e-16 2.617370e-20
[1] 7.065459e-12 5.607126e-16 2.476334e-20
[1] 6.427462e-12 5.401871e-16 4.037977e-18
[1] 7.063937e-12 5.606483e-16 1.093438e-22
[1] 7.063939e-12 5.606533e-16 6.768547e-38
[1] 7.063943e-12 5.606693e-16 2.476366e-20
[1] 6.448286e-12 5.391489e-16 4.110306e-18
Algorithm converged after  69  iterations.
[1] 5.049869e-13 1.888419e-17 3.848847e-22
Algorithm converged after  7  iterations.
[1] 2.923920e-14 3.625796e-19 2.072046e-24
Algorithm converged after  6  iterations.
[1] 9.028577e-16 2.872873e-21 3.624367e-25
Algorithm converged after  6  iterations.
[1] 1.174573e-17 6.747758e-24 3.149581e-28
Algorithm converged after  6  iterations.
[1] 4.445317e-20 2.793593e-27 3.714698e-32
Algorithm converged after  6  iterations.
[1] 2.640123e-23 8.571543e-32 2.203319e-37
Algorithm converged after  10  iterations.
[1] 8.101164e-28 4.098109e-38 5.096502e-46
Algorithm converged after  10  iterations.
[1] 1.392203e-34 1.349694e-47 3.359298e-52
Algorithm converged after  6  iterations.
