myseed=4535 

Attaching package: ‘pls’

The following object is masked from ‘package:stats’:

    loadings

Loading required package: lattice
Loading required package: ggplot2
Registered S3 methods overwritten by 'ggplot2':
  method         from 
  [.quosures     rlang
  c.quosures     rlang
  print.quosures rlang

Attaching package: ‘caret’

The following object is masked from ‘package:pls’:

    R2

Loading required package: Matrix
Loading required package: foreach
Loaded glmnet 2.0-18

Parsed with column specification:
cols(
  .default = col_double()
)
See spec(...) for full column specifications.
Parsed with column specification:
cols(
  X1 = col_double()
)
Parsed with column specification:
cols(
  X1 = col_double()
)
[1] "Best 2step parameter is:"
      gam     rankJ    rankA1    rankA2    rankA3 
0.9736842 1.0000000 0.0000000 1.0000000 0.0000000 
[1] 0.004914353
Algorithm converged after  2  iterations.
[1] 0.004226086
Algorithm converged after  2  iterations.
[1] 0.003614796
Algorithm converged after  2  iterations.
[1] 0.003074226
Algorithm converged after  2  iterations.
[1] 0.002598481
Algorithm converged after  2  iterations.
[1] 0.002181973
Algorithm converged after  2  iterations.
[1] 0.0018194
Algorithm converged after  2  iterations.
[1] 0.001505721
Algorithm converged after  2  iterations.
[1] 0.001236147
Algorithm converged after  2  iterations.
[1] 0.00100614
Algorithm converged after  2  iterations.
[1] 0.0008114105
Algorithm converged after  2  iterations.
[1] 0.0006479212
Algorithm converged after  2  iterations.
[1] 0.0005118931
Algorithm converged after  2  iterations.
[1] 0.0003998098
Algorithm converged after  2  iterations.
[1] 0.0003084226
Algorithm converged after  2  iterations.
[1] 0.0002347538
Algorithm converged after  2  iterations.
[1] 0.0001760977
Algorithm converged after  2  iterations.
[1] 0.0001300191
Algorithm converged after  2  iterations.
[1] 9.434922e-05
Algorithm converged after  2  iterations.
[1] 6.7178e-05
Algorithm converged after  2  iterations.
[1] 4.684408e-05
Algorithm converged after  2  iterations.
[1] 3.192174e-05
Algorithm converged after  2  iterations.
[1] 2.120567e-05
Algorithm converged after  2  iterations.
[1] 1.369366e-05
Algorithm converged after  2  iterations.
[1] 8.567743e-06
Algorithm converged after  2  iterations.
[1] 5.174175e-06
Algorithm converged after  2  iterations.
[1] 3.002726e-06
Algorithm converged after  2  iterations.
[1] 1.665814e-06
Algorithm converged after  2  iterations.
[1] 8.780081e-07
Algorithm converged after  2  iterations.
[1] 4.364627e-07
Algorithm converged after  2  iterations.
[1] 2.028392e-07
Algorithm converged after  2  iterations.
[1] 8.719444e-08
Algorithm converged after  2  iterations.
[1] 3.42222e-08
Algorithm converged after  2  iterations.
[1] 1.20679e-08
Algorithm converged after  2  iterations.
[1] 3.747494e-09
Algorithm converged after  2  iterations.
[1] 9.99064e-10
Algorithm converged after  2  iterations.
[1] 2.213072e-10
Algorithm converged after  2  iterations.
[1] 3.902931e-11
Algorithm converged after  2  iterations.
[1] 5.176575e-12
Algorithm converged after  2  iterations.
[1] 4.77776e-13
Algorithm converged after  2  iterations.
[1] 2.752502e-14
Algorithm converged after  2  iterations.
[1] 8.460037e-16
Algorithm converged after  2  iterations.
[1] 1.096229e-17
Algorithm converged after  2  iterations.
[1] 4.136598e-20
Algorithm converged after  2  iterations.
[1] 2.453796e-23
Algorithm converged after  2  iterations.
[1] 7.543227e-28
Algorithm converged after  2  iterations.
[1] 1.306171e-34
Algorithm converged after  2  iterations.
[1] 7.184683e-46
Algorithm converged after  2  iterations.
[1] 2.252737e-68
Algorithm converged after  2  iterations.
[1] 7.501618e-136
Algorithm converged after  2  iterations.
[1] 0.1737791
Algorithm converged after  2  iterations.
[1] 0.0049143530 0.0003691309
[1] 0.0074837993 0.0005349925
Algorithm converged after  13  iterations.
[1] 0.0042260857 0.0002866481
[1] 0.0063031454 0.0004167111
Algorithm converged after  12  iterations.
[1] 0.0036147956 0.0002227544
[1] 0.0052827279 0.0003249446
Algorithm converged after  11  iterations.
[1] 0.0030742264 0.0001725978
Algorithm converged after  10  iterations.
[1] 0.0025984807 0.0001330509
Algorithm converged after  10  iterations.
[1] 0.0021819731 0.0001019553
Algorithm converged after  9  iterations.
[1] 1.819400e-03 7.767797e-05
Algorithm converged after  9  iterations.
[1] 1.505721e-03 5.889333e-05
Algorithm converged after  8  iterations.
[1] 1.236147e-03 4.446538e-05
Algorithm converged after  7  iterations.
[1] 1.006140e-03 3.341336e-05
Algorithm converged after  7  iterations.
[1] 8.114105e-04 2.494175e-05
Algorithm converged after  6  iterations.
[1] 6.479212e-04 1.844746e-05
Algorithm converged after  7  iterations.
[1] 5.118931e-04 1.348295e-05
Algorithm converged after  8  iterations.
[1] 3.998098e-04 9.712117e-06
Algorithm converged after  8  iterations.
[1] 3.084226e-04 6.876596e-06
Algorithm converged after  8  iterations.
[1] 2.347538e-04 4.773225e-06
Algorithm converged after  8  iterations.
[1] 1.760977e-04 3.239382e-06
Algorithm converged after  8  iterations.
[1] 1.300191e-04 2.143515e-06
Algorithm converged after  8  iterations.
[1] 9.434922e-05 1.378980e-06
Algorithm converged after  7  iterations.
[1] 6.717800e-05 8.598758e-07
Algorithm converged after  7  iterations.
[1] 4.684408e-05 5.180080e-07
Algorithm converged after  7  iterations.
[1] 3.192174e-05 3.004007e-07
Algorithm converged after  7  iterations.
[1] 2.120567e-05 1.670298e-07
Algorithm converged after  7  iterations.
[1] 1.369366e-05 8.864575e-08
Algorithm converged after  7  iterations.
[1] 8.567743e-06 4.467454e-08
Algorithm converged after  7  iterations.
[1] 5.174175e-06 2.125335e-08
Algorithm converged after  7  iterations.
[1] 3.002726e-06 9.479136e-09
Algorithm converged after  7  iterations.
[1] 1.665814e-06 3.931695e-09
Algorithm converged after  6  iterations.
[1] 8.780081e-07 1.502179e-09
Algorithm converged after  6  iterations.
[1] 4.364627e-07 5.227190e-10
Algorithm converged after  6  iterations.
[1] 2.028392e-07 1.634206e-10
Algorithm converged after  6  iterations.
[1] 8.719444e-08 4.515206e-11
Algorithm converged after  6  iterations.
[1] 3.422220e-08 1.080507e-11
Algorithm converged after  6  iterations.
[1] 1.206790e-08 2.184446e-12
Algorithm converged after  6  iterations.
[1] 3.747494e-09 3.616564e-13
Algorithm converged after  6  iterations.
[1] 9.990640e-10 4.713694e-14
Algorithm converged after  5  iterations.
[1] 2.213072e-10 4.597386e-15
Algorithm converged after  5  iterations.
[1] 3.902931e-11 3.140085e-16
Algorithm converged after  5  iterations.
[1] 5.176575e-12 1.374839e-17
Algorithm converged after  5  iterations.
[1] 4.777760e-13 3.420457e-19
Algorithm converged after  5  iterations.
[1] 2.752502e-14 4.084612e-21
Algorithm converged after  5  iterations.
[1] 8.460037e-16 1.834913e-23
Algorithm converged after  4  iterations.
[1] 1.096229e-17 2.151605e-26
Algorithm converged after  4  iterations.
[1] 4.136598e-20 3.708908e-30
Algorithm converged after  4  iterations.
[1] 2.453796e-23 3.610744e-35
Algorithm converged after  4  iterations.
[1] 7.543227e-28 3.549384e-42
Algorithm converged after  3  iterations.
[1] 1.306171e-34 1.126995e-52
Algorithm converged after  4  iterations.
[1] 7.184683e-46 3.760380e-70
Algorithm converged after  4  iterations.
[1]  2.252737e-68 4.555333e-105
Algorithm converged after  4  iterations.
[1] 7.501618e-136 9.966519e-210
Algorithm converged after  5  iterations.
[1] 0.1690418
Algorithm converged after  2  iterations.
[1] 0.0049143530 0.0003621902
Algorithm converged after  9  iterations.
[1] 0.0042260857 0.0003052566
Algorithm converged after  8  iterations.
[1] 0.0036147956 0.0002630381
Algorithm converged after  8  iterations.
[1] 0.0030742264 0.0002269022
Algorithm converged after  8  iterations.
[1] 0.0025984807 0.0001953341
Algorithm converged after  8  iterations.
[1] 0.0021819731 0.0001675017
Algorithm converged after  8  iterations.
[1] 0.0018194000 0.0001428594
Algorithm converged after  8  iterations.
[1] 0.0015057206 0.0001210166
Algorithm converged after  7  iterations.
[1] 0.0012361470 0.0001016775
Algorithm converged after  7  iterations.
[1] 1.006140e-03 8.461021e-05
Algorithm converged after  7  iterations.
[1] 8.114105e-04 6.962608e-05
Algorithm converged after  7  iterations.
[1] 6.479212e-04 5.656659e-05
Algorithm converged after  7  iterations.
[1] 5.118931e-04 4.529245e-05
Algorithm converged after  7  iterations.
[1] 3.998098e-04 3.567477e-05
Algorithm converged after  6  iterations.
[1] 3.084226e-04 2.758752e-05
Algorithm converged after  6  iterations.
[1] 2.347538e-04 2.090184e-05
Algorithm converged after  6  iterations.
[1] 1.760977e-04 1.548235e-05
Algorithm converged after  6  iterations.
[1] 1.300191e-04 1.118615e-05
Algorithm converged after  6  iterations.
[1] 9.434922e-05 7.864413e-06
Algorithm converged after  6  iterations.
[1] 6.717800e-05 5.366212e-06
Algorithm converged after  6  iterations.
[1] 4.684408e-05 3.543707e-06
Algorithm converged after  6  iterations.
[1] 3.192174e-05 2.257767e-06
Algorithm converged after  6  iterations.
[1] 2.120567e-05 1.382960e-06
Algorithm converged after  6  iterations.
[1] 1.369366e-05 8.111859e-07
Algorithm converged after  6  iterations.
[1] 8.567743e-06 4.535521e-07
Algorithm converged after  6  iterations.
[1] 5.174175e-06 2.404533e-07
Algorithm converged after  6  iterations.
[1] 3.002726e-06 1.201286e-07
Algorithm converged after  6  iterations.
[1] 1.665814e-06 5.614552e-08
Algorithm converged after  6  iterations.
[1] 8.780081e-07 2.433854e-08
Algorithm converged after  6  iterations.
[1] 4.364627e-07 9.685388e-09
Algorithm converged after  6  iterations.
[1] 2.028392e-07 3.494695e-09
Algorithm converged after  6  iterations.
[1] 8.719444e-08 1.126298e-09
Algorithm converged after  6  iterations.
[1] 3.422220e-08 3.183237e-10
Algorithm converged after  6  iterations.
[1] 1.20679e-08 7.71234e-11
Algorithm converged after  6  iterations.
[1] 3.747494e-09 1.556876e-11
Algorithm converged after  6  iterations.
[1] 9.990640e-10 2.525905e-12
Algorithm converged after  6  iterations.
[1] 2.213072e-10 3.144385e-13
Algorithm converged after  6  iterations.
[1] 3.902931e-11 2.826600e-14
Algorithm converged after  6  iterations.
[1] 5.176575e-12 1.692264e-15
Algorithm converged after  6  iterations.
[1] 4.777760e-13 6.042675e-17
Algorithm converged after  6  iterations.
[1] 2.752502e-14 1.102706e-18
Algorithm converged after  5  iterations.
[1] 8.460037e-16 8.227273e-21
Algorithm converged after  5  iterations.
[1] 1.096229e-17 1.795837e-23
Algorithm converged after  5  iterations.
[1] 4.136598e-20 6.777961e-27
Algorithm converged after  5  iterations.
[1] 2.453796e-23 1.841292e-31
Algorithm converged after  5  iterations.
[1] 7.543227e-28 7.434559e-38
Algorithm converged after  5  iterations.
[1] 1.306171e-34 1.902943e-47
Algorithm converged after  5  iterations.
[1] 7.184683e-46 1.963310e-63
Algorithm converged after  5  iterations.
[1] 2.252737e-68 2.101049e-95
Algorithm converged after  5  iterations.
[1] 7.501618e-136 2.639771e-191
Algorithm converged after  5  iterations.
[1] 0.1656095
Algorithm converged after  2  iterations.
[1] 0.0049143530 0.0003263902
[1] 0.0050684417 0.0007544824
Algorithm converged after  20  iterations.
[1] 0.004226086 0.000255999
[1] 0.0042629337 0.0005839074
Algorithm converged after  18  iterations.
[1] 0.0036147956 0.0001986887
[1] 0.0035831307 0.0004469047
Algorithm converged after  17  iterations.
[1] 0.0030742264 0.0001525165
[1] 0.003005928 0.000337810
Algorithm converged after  17  iterations.
[1] 0.0025984807 0.0001157355
[1] 0.0025142310 0.0002517811
Algorithm converged after  17  iterations.
[1] 2.181973e-03 8.678512e-05
[1] 0.0020950015 0.0001847413
Algorithm converged after  17  iterations.
[1] 1.819400e-03 6.428571e-05
[1] 0.001739098 0.000133371
Algorithm converged after  17  iterations.
[1] 1.505721e-03 4.703252e-05
[1] 2.07929e-03 6.37862e-05
[1] 0.001983382 0.000061420
Algorithm converged after  25  iterations.
[1] 1.236147e-03 3.398869e-05
[1] 1.585131e-03 4.555894e-05
Algorithm converged after  15  iterations.
[1] 1.006140e-03 2.427615e-05
[1] 1.263702e-03 3.378896e-05
Algorithm converged after  11  iterations.
[1] 8.114105e-04 1.716531e-05
Algorithm converged after  10  iterations.
[1] 0.0006479212 0.0000120641
Algorithm converged after  9  iterations.
[1] 5.118931e-04 8.499996e-06
Algorithm converged after  9  iterations.
[1] 3.998098e-04 6.064881e-06
Algorithm converged after  8  iterations.
[1] 3.084226e-04 4.384446e-06
Algorithm converged after  7  iterations.
[1] 2.347538e-04 3.187631e-06
Algorithm converged after  7  iterations.
[1] 1.760977e-04 2.311591e-06
Algorithm converged after  6  iterations.
[1] 1.300191e-04 1.659975e-06
Algorithm converged after  7  iterations.
[1] 9.434922e-05 1.173048e-06
Algorithm converged after  7  iterations.
[1] 6.717800e-05 8.112353e-07
Algorithm converged after  7  iterations.
[1] 4.684408e-05 5.462666e-07
Algorithm converged after  7  iterations.
[1] 3.192174e-05 3.564708e-07
Algorithm converged after  7  iterations.
[1] 2.120567e-05 2.243748e-07
Algorithm converged after  7  iterations.
[1] 1.369366e-05 1.355730e-07
Algorithm converged after  7  iterations.
[1] 8.567743e-06 7.823518e-08
Algorithm converged after  7  iterations.
[1] 5.174175e-06 4.287645e-08
Algorithm converged after  7  iterations.
[1] 3.002726e-06 2.217513e-08
Algorithm converged after  7  iterations.
[1] 1.665814e-06 1.074408e-08
Algorithm converged after  7  iterations.
[1] 8.780081e-07 4.835227e-09
Algorithm converged after  7  iterations.
[1] 4.364627e-07 2.000855e-09
Algorithm converged after  7  iterations.
[1] 2.028392e-07 7.521555e-10
Algorithm converged after  7  iterations.
[1] 8.719444e-08 2.531251e-10
Algorithm converged after  7  iterations.
[1] 3.422220e-08 7.490826e-11
Algorithm converged after  7  iterations.
[1] 1.206790e-08 1.906752e-11
Algorithm converged after  7  iterations.
[1] 3.747494e-09 4.060975e-12
Algorithm converged after  6  iterations.
[1] 9.990640e-10 6.987743e-13
Algorithm converged after  6  iterations.
[1] 2.213072e-10 9.286815e-14
Algorithm converged after  6  iterations.
[1] 3.902931e-11 8.987835e-15
Algorithm converged after  6  iterations.
[1] 5.176575e-12 5.856159e-16
Algorithm converged after  6  iterations.
[1] 4.777760e-13 2.308088e-17
Algorithm converged after  6  iterations.
[1] 2.752502e-14 4.736832e-19
Algorithm converged after  6  iterations.
[1] 8.460037e-16 4.076664e-21
Algorithm converged after  5  iterations.
[1] 1.096229e-17 1.063352e-23
Algorithm converged after  5  iterations.
[1] 4.136598e-20 5.046479e-27
Algorithm converged after  5  iterations.
[1] 2.453796e-23 1.861556e-31
Algorithm converged after  5  iterations.
[1] 7.543227e-28 1.154747e-37
Algorithm converged after  5  iterations.
[1] 1.306171e-34 5.638036e-47
Algorithm converged after  5  iterations.
[1] 7.184683e-46 1.710931e-62
Algorithm converged after  4  iterations.
[1] 2.252737e-68 1.589542e-93
Algorithm converged after  4  iterations.
[1] 7.501618e-136 1.313185e-186
Algorithm converged after  4  iterations.
[1] 0.1640204
Algorithm converged after  2  iterations.
[1] 0.0049143530 0.0008220244
Algorithm converged after  2  iterations.
[1] 0.0042260857 0.0006558438
Algorithm converged after  2  iterations.
[1] 0.0036147956 0.0005220555
Algorithm converged after  2  iterations.
[1] 0.0030742264 0.0004156325
Algorithm converged after  2  iterations.
[1] 0.0025984807 0.0003326155
Algorithm converged after  2  iterations.
[1] 0.0021819731 0.0002708216
Algorithm converged after  2  iterations.
[1] 0.0018194000 0.0002278444
Algorithm converged after  2  iterations.
[1] 0.0015057206 0.0001956433
Algorithm converged after  2  iterations.
[1] 0.0012361470 0.0001690851
Algorithm converged after  2  iterations.
[1] 0.0010061401 0.0001460624
Algorithm converged after  2  iterations.
[1] 0.0008114105 0.0001255620
Algorithm converged after  2  iterations.
[1] 0.0006479212 0.0001070573
Algorithm converged after  2  iterations.
[1] 5.118931e-04 9.027983e-05
Algorithm converged after  2  iterations.
[1] 3.998098e-04 7.510841e-05
Algorithm converged after  2  iterations.
[1] 3.084226e-04 6.150366e-05
Algorithm converged after  2  iterations.
[1] 2.347538e-04 4.946257e-05
Algorithm converged after  2  iterations.
[1] 1.760977e-04 3.898547e-05
Algorithm converged after  2  iterations.
[1] 1.300191e-04 3.005283e-05
Algorithm converged after  2  iterations.
[1] 9.434922e-05 2.261138e-05
Algorithm converged after  2  iterations.
[1] 6.717800e-05 1.656918e-05
Algorithm converged after  2  iterations.
[1] 4.684408e-05 1.179833e-05
Algorithm converged after  2  iterations.
[1] 3.192174e-05 8.143436e-06
Algorithm converged after  2  iterations.
[1] 2.120567e-05 5.433189e-06
Algorithm converged after  2  iterations.
[1] 1.369366e-05 3.492904e-06
Algorithm converged after  2  iterations.
[1] 8.567743e-06 2.155831e-06
Algorithm converged after  2  iterations.
[1] 5.174175e-06 1.271997e-06
Algorithm converged after  2  iterations.
[1] 3.002726e-06 7.138762e-07
Algorithm converged after  2  iterations.
[1] 1.665814e-06 3.788334e-07
Algorithm converged after  2  iterations.
[1] 8.780081e-07 1.887531e-07
Algorithm converged after  2  iterations.
[1] 4.364627e-07 8.755553e-08
Algorithm converged after  2  iterations.
[1] 2.028392e-07 3.742669e-08
Algorithm converged after  2  iterations.
[1] 8.719444e-08 1.456109e-08
Algorithm converged after  2  iterations.
[1] 3.422220e-08 5.078165e-09
Algorithm converged after  2  iterations.
[1] 1.206790e-08 1.557853e-09
Algorithm converged after  2  iterations.
[1] 3.747494e-09 4.105730e-10
Algorithm converged after  2  iterations.
[1] 9.990640e-10 9.021505e-11
Algorithm converged after  2  iterations.
[1] 2.213072e-10 1.590136e-11
Algorithm converged after  2  iterations.
[1] 3.902931e-11 2.137586e-12
Algorithm converged after  2  iterations.
[1] 5.176575e-12 2.048738e-13
Algorithm converged after  2  iterations.
[1] 4.777760e-13 1.277045e-14
Algorithm converged after  2  iterations.
[1] 2.752502e-14 4.551805e-16
Algorithm converged after  2  iterations.
[1] 8.460037e-16 7.703038e-18
Algorithm converged after  2  iterations.
[1] 1.096229e-17 4.682657e-20
Algorithm converged after  2  iterations.
[1] 4.136598e-20 6.596080e-23
Algorithm converged after  2  iterations.
[1] 2.453796e-23 1.036857e-26
Algorithm converged after  2  iterations.
[1] 7.543227e-28 4.882052e-32
Algorithm converged after  2  iterations.
[1] 1.306171e-34 4.960933e-40
Algorithm converged after  2  iterations.
[1] 7.184683e-46 2.350098e-53
Algorithm converged after  2  iterations.
[1] 2.252737e-68 5.232400e-80
Algorithm converged after  2  iterations.
[1] 7.501618e-136 5.706451e-160
Algorithm converged after  2  iterations.
[1] 0.151084
Algorithm converged after  2  iterations.
[1] 0.0049143530 0.0003691309 0.0001359843
[1] 0.0054905297 0.0003921757 0.0001652710
Algorithm converged after  13  iterations.
[1] 0.0042260857 0.0002866481 0.0001169097
[1] 0.0048101575 0.0003074432 0.0001314885
Algorithm converged after  13  iterations.
[1] 3.614796e-03 2.227544e-04 9.390328e-05
[1] 0.0042194164 0.0002424432 0.0001007370
Algorithm converged after  13  iterations.
[1] 3.074226e-03 1.725978e-04 7.248948e-05
[1] 3.715889e-03 1.914143e-04 7.558366e-05
Algorithm converged after  13  iterations.
[1] 2.598481e-03 1.330509e-04 5.512047e-05
[1] 3.300155e-03 1.512555e-04 5.636055e-05
Algorithm converged after  13  iterations.
[1] 0.0021819731 0.0001019553 0.0000421103
[1] 2.960296e-03 1.201740e-04 4.329484e-05
Algorithm converged after  13  iterations.
[1] 1.819400e-03 7.767797e-05 3.301898e-05
[1] 2.588368e-03 9.556683e-05 3.773753e-05
Algorithm converged after  12  iterations.
[1] 1.505721e-03 5.889333e-05 2.666570e-05
Algorithm converged after  10  iterations.
[1] 1.236147e-03 4.446538e-05 2.129831e-05
Algorithm converged after  10  iterations.
[1] 1.006140e-03 3.341336e-05 1.635688e-05
Algorithm converged after  10  iterations.
[1] 8.114105e-04 2.494175e-05 1.205973e-05
Algorithm converged after  10  iterations.
[1] 6.479212e-04 1.844746e-05 8.585197e-06
Algorithm converged after  9  iterations.
[1] 5.118931e-04 1.348295e-05 5.927866e-06
Algorithm converged after  9  iterations.
[1] 3.998098e-04 9.712117e-06 3.979214e-06
Algorithm converged after  9  iterations.
[1] 3.084226e-04 6.876596e-06 2.598836e-06
Algorithm converged after  9  iterations.
[1] 2.347538e-04 4.773225e-06 1.650895e-06
Algorithm converged after  9  iterations.
[1] 1.760977e-04 3.239382e-06 1.018996e-06
Algorithm converged after  9  iterations.
[1] 1.300191e-04 2.143515e-06 6.101488e-07
Algorithm converged after  9  iterations.
[1] 9.434922e-05 1.378980e-06 3.536558e-07
Algorithm converged after  9  iterations.
[1] 6.717800e-05 8.598758e-07 1.979072e-07
Algorithm converged after  8  iterations.
[1] 4.684408e-05 5.180080e-07 1.065880e-07
Algorithm converged after  8  iterations.
[1] 3.192174e-05 3.004007e-07 5.504374e-08
Algorithm converged after  8  iterations.
[1] 2.120567e-05 1.670298e-07 2.713809e-08
Algorithm converged after  8  iterations.
[1] 1.369366e-05 8.864575e-08 1.270965e-08
Algorithm converged after  8  iterations.
[1] 8.567743e-06 4.467454e-08 5.621144e-09
Algorithm converged after  8  iterations.
[1] 5.174175e-06 2.125335e-08 2.331770e-09
Algorithm converged after  7  iterations.
[1] 3.002726e-06 9.479136e-09 9.000079e-10
Algorithm converged after  7  iterations.
[1] 1.665814e-06 3.931695e-09 3.202050e-10
Algorithm converged after  7  iterations.
[1] 8.780081e-07 1.502179e-09 1.038504e-10
Algorithm converged after  7  iterations.
[1] 4.364627e-07 5.227190e-10 3.030027e-11
Algorithm converged after  7  iterations.
[1] 2.028392e-07 1.634206e-10 7.828117e-12
Algorithm converged after  6  iterations.
[1] 8.719444e-08 4.515206e-11 1.756742e-12
Algorithm converged after  6  iterations.
[1] 3.422220e-08 1.080507e-11 3.345172e-13
Algorithm converged after  6  iterations.
[1] 1.206790e-08 2.184446e-12 5.250711e-14
Algorithm converged after  6  iterations.
[1] 3.747494e-09 3.616564e-13 6.552377e-15
Algorithm converged after  6  iterations.
[1] 9.990640e-10 4.713694e-14 6.209676e-16
Algorithm converged after  6  iterations.
[1] 2.213072e-10 4.597386e-15 4.213654e-17
Algorithm converged after  5  iterations.
[1] 3.902931e-11 3.140085e-16 1.895558e-18
Algorithm converged after  5  iterations.
[1] 5.176575e-12 1.374839e-17 5.101932e-20
Algorithm converged after  5  iterations.
[1] 4.777760e-13 3.420457e-19 7.143022e-22
Algorithm converged after  5  iterations.
[1] 2.752502e-14 4.084612e-21 4.276712e-24
Algorithm converged after  5  iterations.
[1] 8.460037e-16 1.834913e-23 8.251837e-27
Algorithm converged after  5  iterations.
[1] 1.096229e-17 2.151605e-26 3.356723e-30
Algorithm converged after  5  iterations.
[1] 4.136598e-20 3.708908e-30 1.477840e-34
Algorithm converged after  5  iterations.
[1] 2.453796e-23 3.610744e-35 2.317864e-40
Algorithm converged after  5  iterations.
[1] 7.543227e-28 3.549384e-42 1.752534e-48
Algorithm converged after  5  iterations.
[1] 1.306171e-34 1.126995e-52 1.169996e-60
Algorithm converged after  5  iterations.
[1] 7.184683e-46 3.760380e-70 6.100820e-81
Algorithm converged after  5  iterations.
[1]  2.252737e-68 4.555333e-105 1.228096e-131
Algorithm converged after  7  iterations.
[1] 7.501618e-136 9.966519e-210 4.679371e-263
Algorithm converged after  8  iterations.
[1] 0.1673407
Algorithm converged after  2  iterations.
[1] 0.0049143530 0.0003621902 0.0001401041
[1] 0.0064057240 0.0004794434 0.0002490264
Algorithm converged after  16  iterations.
[1] 0.0042260857 0.0003052566 0.0001823594
[1] 0.0055232055 0.0003578560 0.0001910795
Algorithm converged after  15  iterations.
[1] 0.0036147956 0.0002630381 0.0001412792
[1] 0.0048615395 0.0002995959 0.0001481476
Algorithm converged after  16  iterations.
[1] 0.0030742264 0.0002269022 0.0001066860
[1] 0.0042186903 0.0002530600 0.0001135719
Algorithm converged after  16  iterations.
[1] 2.598481e-03 1.953341e-04 7.927643e-05
[1] 3.598183e-03 2.148921e-04 8.567902e-05
Algorithm converged after  16  iterations.
[1] 2.181973e-03 1.675017e-04 5.809508e-05
[1] 3.020657e-03 1.828842e-04 6.346954e-05
Algorithm converged after  15  iterations.
[1] 1.819400e-03 1.428594e-04 4.200559e-05
[1] 2.502360e-03 1.553811e-04 4.617622e-05
Algorithm converged after  14  iterations.
[1] 1.505721e-03 1.210166e-04 2.996298e-05
[1] 2.048757e-03 1.313049e-04 3.302698e-05
Algorithm converged after  13  iterations.
[1] 1.236147e-03 1.016775e-04 2.107541e-05
[1] 1.657677e-03 1.100208e-04 2.324807e-05
Algorithm converged after  15  iterations.
[1] 1.006140e-03 8.461021e-05 1.460869e-05
[1] 1.323184e-03 9.117316e-05 1.612498e-05
Algorithm converged after  17  iterations.
[1] 8.114105e-04 6.962608e-05 9.972514e-06
[1] 1.039746e-03 7.461852e-05 1.103778e-05
Algorithm converged after  17  iterations.
[1] 6.479212e-04 5.656659e-05 6.700876e-06
[1] 8.076664e-04 6.038257e-05 7.465000e-06
Algorithm converged after  15  iterations.
[1] 5.118931e-04 4.529245e-05 4.431712e-06
[1] 6.259804e-04 4.833693e-05 4.985178e-06
Algorithm converged after  12  iterations.
[1] 3.998098e-04 3.567477e-05 2.887214e-06
Algorithm converged after  10  iterations.
[1] 3.084226e-04 2.758752e-05 1.855196e-06
Algorithm converged after  9  iterations.
[1] 2.347538e-04 2.090184e-05 1.175557e-06
Algorithm converged after  8  iterations.
[1] 1.760977e-04 1.548235e-05 7.330546e-07
Algorithm converged after  7  iterations.
[1] 1.300191e-04 1.118615e-05 4.484845e-07
Algorithm converged after  7  iterations.
[1] 9.434922e-05 7.864413e-06 1.335364e-10
Algorithm converged after  8  iterations.
[1] 6.717800e-05 5.366212e-06 1.442778e-11
[1] 8.185107e-05 5.698073e-06 1.858241e-07
Algorithm converged after  14  iterations.
[1] 4.684408e-05 3.543707e-06 1.121193e-11
[1] 5.744714e-05 3.760369e-06 1.047671e-07
[1] 5.767706e-05 3.769837e-06 1.959527e-11
Algorithm converged after  27  iterations.
[1] 3.192174e-05 2.257767e-06 4.845165e-08
Algorithm converged after  6  iterations.
[1] 2.120567e-05 1.382960e-06 1.332391e-08
[1] 2.791247e-05 1.499954e-06 1.403424e-08
Algorithm converged after  12  iterations.
[1] 1.369366e-05 8.111859e-07 6.049979e-09
Algorithm converged after  9  iterations.
[1] 8.567743e-06 4.535521e-07 2.587024e-09
Algorithm converged after  8  iterations.
[1] 5.174175e-06 2.404533e-07 1.035114e-09
Algorithm converged after  8  iterations.
[1] 3.002726e-06 1.201286e-07 3.844830e-10
Algorithm converged after  7  iterations.
[1] 1.665814e-06 5.614552e-08 1.313276e-10
Algorithm converged after  7  iterations.
[1] 8.780081e-07 2.433854e-08 4.078770e-11
Algorithm converged after  7  iterations.
[1] 4.364627e-07 9.685388e-09 1.136451e-11
Algorithm converged after  7  iterations.
[1] 2.028392e-07 3.494695e-09 2.795085e-12
Algorithm converged after  7  iterations.
[1] 8.719444e-08 1.126298e-09 5.950531e-13
Algorithm converged after  7  iterations.
[1] 3.422220e-08 3.183237e-10 1.070634e-13
[1] 4.682622e-08 3.365529e-10 1.111430e-13
Algorithm converged after  20  iterations.
[1] 1.206790e-08 7.712340e-11 1.580637e-14
Algorithm converged after  7  iterations.
[1] 3.747494e-09 1.556876e-11 1.845614e-15
[1] 4.905433e-09 1.625017e-11 1.902888e-15
[1] 4.283860e-09 1.587962e-11 1.869999e-15
Algorithm converged after  28  iterations.
[1] 9.990640e-10 2.525905e-12 1.626947e-16
[1] 1.312860e-09 2.632829e-12 4.493104e-31
[1] 1.378740e-09 2.652346e-12 5.255076e-29
Algorithm converged after  27  iterations.
[1] 2.213072e-10 3.144385e-13 4.562166e-16
[1] 3.045013e-10 3.291364e-13 1.060302e-17
Algorithm converged after  14  iterations.
[1] 3.902931e-11 2.826600e-14 1.416504e-36
[1] 5.119928e-11 2.931046e-14 3.491210e-18
[1] 5.361825e-11 2.949279e-14 4.376190e-19
[1] 5.360698e-11 2.949423e-14 5.941246e-34
[1] 5.371318e-11 2.951572e-14 1.344023e-28
[1] 5.127242e-11 2.933241e-14 4.380929e-19
[1] 5.409216e-11 2.955609e-14 4.417197e-19
[1] 5.343187e-11 2.949495e-14 3.039513e-17
[1] 5.399643e-11 2.955658e-14 4.415656e-19
[1] 5.179758e-11 2.936348e-14 4.347597e-19
[1] 5.361433e-11 2.952091e-14 6.614436e-27
[1] 4.490647e-11 2.881073e-14 4.990188e-27
[1] 5.355251e-11 2.952157e-14 7.445966e-27
[1] 5.207053e-11 2.940260e-14 4.342570e-19
[1] 5.342202e-11 2.951199e-14 7.342796e-27
[1] 5.121105e-11 2.935620e-14 1.337093e-28
[1] 4.966540e-11 2.922206e-14 6.755629e-27
[1] 4.976400e-11 2.923370e-14 3.419159e-18
[1] 5.102219e-11 2.936348e-14 3.710763e-18
[1] 5.367710e-11 2.957253e-14 3.490397e-18
Algorithm did not converge after  200  iterations.
[1] 5.176575e-12 1.692264e-15 4.282054e-37
[1] 6.929348e-12 1.754211e-15 2.729711e-31
[1] 6.778671e-12 1.750241e-15 8.409980e-30
[1] 6.900898e-12 1.753401e-15 2.694541e-31
[1] 7.122883e-12 1.761721e-15 1.079280e-20
[1] 6.851816e-12 1.751837e-15 1.971409e-29
[1] 6.769111e-12 1.750153e-15 1.300111e-18
[1] 7.091581e-12 1.760734e-15 5.972568e-40
[1] 6.845359e-12 1.751715e-15 1.124830e-40
[1] 7.011460e-12 1.757546e-15 1.252502e-40
[1] 6.579405e-12 1.743112e-15 2.369311e-30
[1] 6.598722e-12 1.744063e-15 8.570842e-30
[1] 6.848024e-12 1.752377e-15 2.616015e-35
[1] 7.011454e-12 1.758376e-15 2.680360e-35
[1] 5.714321e-12 1.712666e-15 1.037278e-20
[1] 7.020124e-12 1.758450e-15 4.644214e-35
[1] 7.011526e-12 1.758563e-15 2.039903e-37
[1] 7.031550e-12 1.759199e-15 6.229088e-40
[1] 6.609417e-12 1.745346e-15 2.712783e-31
[1] 7.084911e-12 1.761897e-15 2.945127e-37
Algorithm did not converge after  200  iterations.
[1] 4.777760e-13 6.042675e-17 1.967783e-33
[1] 6.071142e-13 6.210174e-17 1.334003e-22
[1] 6.470455e-13 6.258120e-17 1.342693e-22
[1] 6.145130e-13 6.220020e-17 1.337831e-22
[1] 6.509408e-13 6.265355e-17 1.613637e-32
[1] 6.351775e-13 6.245208e-17 1.755975e-33
[1] 6.523233e-13 6.269626e-17 2.562112e-34
[1] 5.250733e-13 6.108706e-17 1.836719e-33
[1] 6.104915e-13 6.217266e-17 2.610844e-38
[1] 6.515981e-13 6.269318e-17 1.841979e-33
[1] 6.493102e-13 6.264767e-17 8.120906e-33
[1] 6.691638e-13 6.288435e-17 4.090909e-37
[1] 6.241893e-13 6.235845e-17 3.245074e-20
[1] 6.510686e-13 6.269913e-17 1.613896e-32
[1] 6.192796e-13 6.230015e-17 3.368133e-40
[1] 6.555372e-13 6.274159e-17 1.347153e-22
[1] 6.471141e-13 6.264582e-17 1.575329e-32
[1] 6.213305e-13 6.233237e-17 7.909099e-33
[1] 6.190574e-13 6.230600e-17 1.749745e-33
[1] 6.237368e-13 6.238031e-17 1.345685e-22
Algorithm did not converge after  200  iterations.
[1] 2.752502e-14 1.102706e-18 5.368801e-36
[1] 3.502393e-14 1.131194e-18 7.069289e-25
[1] 3.560392e-14 1.133402e-18 3.610488e-37
[1] 3.580288e-14 1.134303e-18 1.329288e-28
[1] 3.731939e-14 1.139866e-18 1.173138e-35
[1] 3.618502e-14 1.135924e-18 5.005505e-36
[1] 3.583251e-14 1.134938e-18 5.255772e-36
[1] 3.605288e-14 1.135659e-18 6.170077e-26
[1] 3.606078e-14 1.135705e-18 9.389422e-37
[1] 3.510137e-14 1.132132e-18 6.280882e-25
[1] 3.740186e-14 1.140722e-18 1.943272e-36
[1] 3.579401e-14 1.134753e-18 7.363977e-37
[1] 3.699571e-14 1.139064e-18 3.811412e-22
[1] 3.582452e-14 1.135141e-18 2.713657e-38
[1] 3.729731e-14 1.140406e-18 3.714232e-37
[1] 3.717126e-14 1.139670e-18 1.929321e-28
[1] 3.726418e-14 1.140323e-18 5.137823e-36
[1] 3.606311e-14 1.135983e-18 3.885671e-27
[1] 3.737579e-14 1.140798e-18 2.288651e-28
[1] 3.632578e-14 1.137078e-18 7.161406e-25
Algorithm did not converge after  200  iterations.
[1] 8.460037e-16 8.227273e-21 3.109041e-42
[1] 1.143248e-15 8.479845e-21 1.446327e-31
[1] 1.143769e-15 8.480716e-21 1.040861e-27
[1] 1.059544e-15 8.412106e-21 1.439518e-31
[1] 1.067929e-15 8.418807e-21 1.853308e-29
[1] 1.058143e-15 8.411125e-21 1.439829e-31
[1] 9.341600e-16 8.302438e-21 1.422163e-31
[1] 1.143501e-15 8.481887e-21 1.040941e-27
[1] 1.056499e-15 8.410941e-21 1.439703e-31
[1] 1.109157e-15 8.454602e-21 1.036886e-27
[1] 1.076911e-15 8.427761e-21 1.440332e-31
[1] 1.097135e-15 8.445308e-21 1.035764e-27
[1] 1.115009e-15 8.459712e-21 7.592683e-43
[1] 1.169457e-15 8.500783e-21 1.439421e-31
[1] 1.144010e-15 8.483209e-21 1.041489e-27
[1] 1.058304e-15 8.413366e-21 1.439551e-31
[1] 1.143849e-15 8.483284e-21 9.098764e-29
[1] 1.059124e-15 8.414244e-21 9.441101e-29
[1] 1.115243e-15 8.460679e-21 1.037730e-27
[1] 1.143856e-15 8.483632e-21 1.040963e-27
Algorithm did not converge after  200  iterations.
[1] 1.096229e-17 1.795837e-23 3.248142e-31
Algorithm converged after  5  iterations.
[1] 4.136598e-20 6.777961e-27 7.442837e-33
Algorithm converged after  5  iterations.
[1] 2.453796e-23 1.841292e-31 2.957057e-36
Algorithm converged after  5  iterations.
[1] 7.543227e-28 7.434559e-38 2.707863e-43
Algorithm converged after  5  iterations.
[1] 1.306171e-34 1.902943e-47 7.645760e-54
Algorithm converged after  5  iterations.
[1] 7.184683e-46 1.963310e-63 1.920803e-74
Algorithm converged after  5  iterations.
[1]  2.252737e-68  2.101049e-95 1.458482e-110
Algorithm converged after  5  iterations.
[1] 7.501618e-136 2.639771e-191 1.710912e-218
Algorithm converged after  5  iterations.
[1] 0.1608473
Algorithm converged after  2  iterations.
[1] 4.914353e-03 3.263902e-04 8.765091e-05
[1] 0.0065699837 0.0004107114 0.0000949665
Algorithm converged after  15  iterations.
[1] 4.226086e-03 2.559990e-04 6.625814e-05
[1] 5.692243e-03 3.164100e-04 7.104684e-05
Algorithm converged after  14  iterations.
[1] 3.614796e-03 1.986887e-04 4.974008e-05
[1] 4.899288e-03 2.417177e-04 5.293355e-05
Algorithm converged after  14  iterations.
[1] 3.074226e-03 1.525165e-04 3.716423e-05
[1] 4.181529e-03 1.829646e-04 3.932062e-05
Algorithm converged after  13  iterations.
[1] 2.598481e-03 1.157355e-04 2.772737e-05
[1] 3.532465e-03 1.371322e-04 2.915754e-05
Algorithm converged after  13  iterations.
[1] 2.181973e-03 8.678512e-05 2.075984e-05
[1] 2.949967e-03 1.018380e-04 2.166644e-05
Algorithm converged after  19  iterations.
[1] 1.819400e-03 6.428571e-05 1.570656e-05
[1] 0.0024334108 0.0000753306 0.0000164471
[1] 2.436013e-03 7.526979e-05 1.642972e-05
[1] 2.436176e-03 7.526595e-05 1.642882e-05
Algorithm converged after  40  iterations.
[1] 1.505721e-03 4.703252e-05 1.208115e-05
[1] 1.991886e-03 5.620414e-05 1.352986e-05
[1] 2.000160e-03 5.611943e-05 1.349210e-05
[1] 2.001732e-03 5.608998e-05 1.348816e-05
[1] 2.002050e-03 5.608336e-05 1.348752e-05
[1] 2.002116e-03 5.608196e-05 1.348740e-05
[1] 2.002130e-03 5.608167e-05 1.348737e-05
Algorithm converged after  70  iterations.
[1] 1.236147e-03 3.398869e-05 9.467764e-06
[1] 1.624655e-03 4.198425e-05 1.189648e-05
[1] 1.635756e-03 4.202248e-05 1.196012e-05
[1] 1.637710e-03 4.199850e-05 1.197278e-05
[1] 1.638087e-03 4.199243e-05 1.197531e-05
[1] 1.638162e-03 4.199116e-05 1.197582e-05
[1] 1.638176e-03 4.199091e-05 1.197592e-05
[1] 1.638179e-03 4.199086e-05 1.197594e-05
Algorithm converged after  71  iterations.
[1] 1.006140e-03 2.427615e-05 7.625774e-06
[1] 1.305936e-03 3.082641e-05 1.013268e-05
[1] 1.320207e-03 3.130394e-05 1.038156e-05
[1] 1.323982e-03 3.132661e-05 1.044570e-05
[1] 1.325096e-03 3.132023e-05 1.046529e-05
[1] 1.325445e-03 3.131671e-05 1.047152e-05
[1] 1.325557e-03 3.131542e-05 1.047353e-05
[1] 1.325593e-03 3.131498e-05 1.047418e-05
[1] 1.325605e-03 3.131484e-05 1.047440e-05
[1] 1.325608e-03 3.131479e-05 1.047446e-05
[1] 1.325610e-03 3.131478e-05 1.047449e-05
Algorithm converged after  108  iterations.
[1] 8.114105e-04 1.716531e-05 6.493242e-06
[1] 1.063773e-03 2.255106e-05 8.935494e-06
[1] 1.063133e-03 2.316134e-05 8.786550e-06
[1] 1.061383e-03 2.333018e-05 8.711207e-06
[1] 1.060149e-03 2.338215e-05 8.671124e-06
[1] 1.059406e-03 2.339936e-05 8.649463e-06
[1] 1.058983e-03 2.340553e-05 8.637707e-06
[1] 1.058747e-03 2.340795e-05 8.631320e-06
[1] 1.058617e-03 2.340899e-05 8.627849e-06
[1] 1.058546e-03 2.340948e-05 8.625963e-06
[1] 1.058507e-03 2.340972e-05 8.624938e-06
[1] 1.058486e-03 2.340984e-05 8.624380e-06
[1] 1.058474e-03 2.340990e-05 8.624078e-06
[1] 1.058468e-03 2.340994e-05 8.623913e-06
[1] 1.058465e-03 2.340996e-05 8.623824e-06
[1] 1.058463e-03 2.340997e-05 8.623775e-06
[1] 1.058462e-03 2.340997e-05 8.623749e-06
[1] 1.058461e-03 2.340998e-05 8.623734e-06
[1] 1.058461e-03 2.340998e-05 8.623727e-06
[1] 1.058461e-03 2.340998e-05 8.623722e-06
Algorithm converged after  195  iterations.
[1] 6.479212e-04 1.206410e-05 5.945772e-06
[1] 8.197818e-04 1.637523e-05 6.377685e-06
[1] 8.201292e-04 1.662913e-05 6.394071e-06
[1] 8.222640e-04 1.675265e-05 6.442677e-06
[1] 8.236189e-04 1.680359e-05 6.475935e-06
[1] 8.244794e-04 1.682511e-05 6.498487e-06
[1] 8.250290e-04 1.683430e-05 6.513615e-06
[1] 8.253819e-04 1.683825e-05 6.523673e-06
[1] 8.256095e-04 1.683995e-05 6.530317e-06
[1] 8.257568e-04 1.684069e-05 6.534686e-06
[1] 8.258523e-04 1.684102e-05 6.537550e-06
[1] 8.259143e-04 1.684117e-05 6.539424e-06
[1] 8.259547e-04 1.684124e-05 6.540648e-06
[1] 8.259809e-04 1.684127e-05 6.541447e-06
[1] 8.259980e-04 1.684128e-05 6.541968e-06
[1] 8.260092e-04 1.684129e-05 6.542308e-06
[1] 8.260164e-04 1.684130e-05 6.542530e-06
[1] 8.260211e-04 1.684130e-05 6.542674e-06
[1] 8.260242e-04 1.684130e-05 6.542768e-06
[1] 8.260262e-04 1.684130e-05 6.542829e-06
Algorithm did not converge after  200  iterations.
[1] 5.118931e-04 8.499996e-06 5.291582e-06
[1] 6.281112e-04 1.131072e-05 4.620730e-06
[1] 6.287147e-04 1.137948e-05 4.645474e-06
[1] 6.294787e-04 1.141686e-05 4.666929e-06
[1] 6.300238e-04 1.143522e-05 4.683131e-06
[1] 6.304077e-04 1.144446e-05 4.695116e-06
[1] 6.306769e-04 1.144919e-05 4.703853e-06
[1] 6.308656e-04 1.145166e-05 4.710153e-06
[1] 6.309977e-04 1.145298e-05 4.714661e-06
[1] 6.310902e-04 1.145369e-05 4.717867e-06
[1] 6.311551e-04 1.145410e-05 4.720139e-06
[1] 6.312005e-04 1.145433e-05 4.721744e-06
[1] 6.312324e-04 1.145447e-05 4.722875e-06
[1] 6.312547e-04 1.145455e-05 4.723671e-06
[1] 6.312704e-04 1.145460e-05 4.724230e-06
[1] 6.312814e-04 1.145464e-05 4.724623e-06
[1] 6.312891e-04 1.145466e-05 4.724900e-06
[1] 6.312945e-04 1.145468e-05 4.725093e-06
[1] 6.312983e-04 1.145469e-05 4.725229e-06
[1] 6.313009e-04 1.145469e-05 4.725325e-06
Algorithm did not converge after  200  iterations.
[1] 3.998098e-04 6.064881e-06 4.096875e-06
Algorithm converged after  10  iterations.
[1] 3.084226e-04 4.384446e-06 2.858981e-06
Algorithm converged after  9  iterations.
[1] 2.347538e-04 3.187631e-06 1.891767e-06
Algorithm converged after  8  iterations.
[1] 1.760977e-04 2.311591e-06 1.210118e-06
Algorithm converged after  8  iterations.
[1] 1.300191e-04 1.659975e-06 7.528435e-07
Algorithm converged after  8  iterations.
[1] 9.434922e-05 1.173048e-06 4.560687e-07
Algorithm converged after  8  iterations.
[1] 6.717800e-05 8.112353e-07 2.688066e-07
Algorithm converged after  8  iterations.
[1] 4.684408e-05 5.462666e-07 1.538461e-07
Algorithm converged after  8  iterations.
[1] 3.192174e-05 3.564708e-07 8.526954e-08
Algorithm converged after  8  iterations.
[1] 2.120567e-05 2.243748e-07 4.561506e-08
Algorithm converged after  8  iterations.
[1] 1.369366e-05 1.355730e-07 2.345853e-08
[1] 1.734207e-05 1.719847e-07 2.963469e-08
Algorithm converged after  14  iterations.
[1] 8.567743e-06 7.823518e-08 3.190878e-18
[1] 1.086048e-05 9.805994e-08 1.458520e-08
Algorithm converged after  15  iterations.
[1] 5.174175e-06 4.287645e-08 5.405765e-09
Algorithm converged after  9  iterations.
[1] 3.002726e-06 2.217513e-08 1.123309e-09
[1] 3.464269e-06 2.596646e-08 1.142282e-09
Algorithm converged after  15  iterations.
[1] 1.665814e-06 1.074408e-08 4.224655e-10
[1] 1.926325e-06 1.242848e-08 4.300039e-10
Algorithm converged after  11  iterations.
[1] 8.780081e-07 4.835227e-09 1.453628e-10
Algorithm converged after  9  iterations.
[1] 4.364627e-07 2.000855e-09 4.526359e-11
Algorithm converged after  8  iterations.
[1] 2.028392e-07 7.521555e-10 1.257337e-11
[1] 2.332423e-07 8.490726e-10 1.195276e-11
Algorithm converged after  15  iterations.
[1] 8.719444e-08 2.531251e-10 3.550612e-12
[1] 9.975893e-08 2.814242e-10 3.048469e-12
Algorithm converged after  13  iterations.
[1] 3.422220e-08 7.490826e-11 2.812496e-25
Algorithm converged after  7  iterations.
[1] 1.206790e-08 1.906752e-11 6.988427e-13
Algorithm converged after  8  iterations.
