myseed=1749 

Attaching package: ‘pls’

The following object is masked from ‘package:stats’:

    loadings

Loading required package: lattice
Loading required package: ggplot2
Registered S3 methods overwritten by 'ggplot2':
  method         from 
  [.quosures     rlang
  c.quosures     rlang
  print.quosures rlang

Attaching package: ‘caret’

The following object is masked from ‘package:pls’:

    R2

Loading required package: Matrix
Loading required package: foreach
Loaded glmnet 2.0-18

Parsed with column specification:
cols(
  .default = col_double()
)
See spec(...) for full column specifications.
Parsed with column specification:
cols(
  X1 = col_double()
)
Parsed with column specification:
cols(
  X1 = col_double()
)
[1] "Best 2step parameter is:"
   gam  rankJ rankA1 rankA2 rankA3 
    24      2      1      0      0 
[1] 0.004804084
Algorithm converged after  2  iterations.
[1] 0.004118452
Algorithm converged after  2  iterations.
[1] 0.003511738
Algorithm converged after  2  iterations.
[1] 0.002977171
Algorithm converged after  2  iterations.
[1] 0.002508424
Algorithm converged after  2  iterations.
[1] 0.002099548
Algorithm converged after  2  iterations.
[1] 0.001744936
Algorithm converged after  2  iterations.
[1] 0.001439295
Algorithm converged after  2  iterations.
[1] 0.001177632
Algorithm converged after  2  iterations.
[1] 0.000955243
Algorithm converged after  2  iterations.
[1] 0.0007677087
Algorithm converged after  2  iterations.
[1] 0.0006108959
Algorithm converged after  2  iterations.
[1] 0.0004809584
Algorithm converged after  2  iterations.
[1] 0.0003743387
Algorithm converged after  2  iterations.
[1] 0.000287771
Algorithm converged after  2  iterations.
[1] 0.0002182808
Algorithm converged after  2  iterations.
[1] 0.0001631839
Algorithm converged after  2  iterations.
[1] 0.0001200813
Algorithm converged after  2  iterations.
[1] 8.685174e-05
Algorithm converged after  2  iterations.
[1] 6.164108e-05
Algorithm converged after  2  iterations.
[1] 4.284828e-05
Algorithm converged after  2  iterations.
[1] 2.910947e-05
Algorithm converged after  2  iterations.
[1] 1.927979e-05
Algorithm converged after  2  iterations.
[1] 1.241381e-05
Algorithm converged after  2  iterations.
[1] 7.744956e-06
Algorithm converged after  2  iterations.
[1] 4.664345e-06
Algorithm converged after  2  iterations.
[1] 2.699546e-06
Algorithm converged after  2  iterations.
[1] 1.493667e-06
Algorithm converged after  2  iterations.
[1] 7.852412e-07
Algorithm converged after  2  iterations.
[1] 3.89361e-07
Algorithm converged after  2  iterations.
[1] 1.805012e-07
Algorithm converged after  2  iterations.
[1] 7.740353e-08
Algorithm converged after  2  iterations.
[1] 3.030709e-08
Algorithm converged after  2  iterations.
[1] 1.066235e-08
Algorithm converged after  2  iterations.
[1] 3.303448e-09
Algorithm converged after  2  iterations.
[1] 8.787148e-10
Algorithm converged after  2  iterations.
[1] 1.942244e-10
Algorithm converged after  2  iterations.
[1] 3.418089e-11
Algorithm converged after  2  iterations.
[1] 4.52436e-12
Algorithm converged after  2  iterations.
[1] 4.167842e-13
Algorithm converged after  2  iterations.
[1] 2.396929e-14
Algorithm converged after  2  iterations.
[1] 7.355923e-16
Algorithm converged after  2  iterations.
[1] 9.520205e-18
Algorithm converged after  2  iterations.
[1] 3.589939e-20
Algorithm converged after  2  iterations.
[1] 2.129766e-23
Algorithm converged after  2  iterations.
[1] 6.556895e-28
Algorithm converged after  2  iterations.
[1] 1.139979e-34
Algorithm converged after  2  iterations.
[1] 6.329744e-46
Algorithm converged after  2  iterations.
[1] 2.031486e-68
Algorithm converged after  2  iterations.
[1] 7.33176e-136
Algorithm converged after  2  iterations.
[1] 0.1722965
Algorithm converged after  2  iterations.
[1] 0.0048040838 0.0005468619
[1] 0.007559554 0.000746085
Algorithm converged after  15  iterations.
[1] 0.0041184523 0.0004335046
[1] 0.0065169974 0.0005871693
Algorithm converged after  14  iterations.
[1] 0.0035117376 0.0003414033
[1] 0.0055682639 0.0004599922
Algorithm converged after  12  iterations.
[1] 0.0029771711 0.0002666831
[1] 0.0047176962 0.0003579339
Algorithm converged after  11  iterations.
[1] 0.0025084240 0.0002063806
Algorithm converged after  10  iterations.
[1] 0.0020995479 0.0001580886
Algorithm converged after  10  iterations.
[1] 0.001744936 0.000119779
Algorithm converged after  9  iterations.
[1] 1.439295e-03 8.971225e-05
Algorithm converged after  9  iterations.
[1] 1.177632e-03 6.638749e-05
Algorithm converged after  8  iterations.
[1] 9.552430e-04 4.851349e-05
Algorithm converged after  8  iterations.
[1] 7.677087e-04 3.498836e-05
Algorithm converged after  8  iterations.
[1] 6.108959e-04 2.488372e-05
Algorithm converged after  7  iterations.
[1] 4.809584e-04 1.743098e-05
Algorithm converged after  6  iterations.
[1] 3.743387e-04 1.200694e-05
Algorithm converged after  7  iterations.
[1] 2.877710e-04 8.116323e-06
Algorithm converged after  7  iterations.
[1] 2.182808e-04 5.371318e-06
Algorithm converged after  7  iterations.
[1] 1.631839e-04 3.471225e-06
Algorithm converged after  8  iterations.
[1] 1.200813e-04 2.184633e-06
Algorithm converged after  8  iterations.
[1] 8.685174e-05 1.335091e-06
Algorithm converged after  8  iterations.
[1] 6.164108e-05 7.898387e-07
Algorithm converged after  7  iterations.
[1] 4.284828e-05 4.508270e-07
Algorithm converged after  7  iterations.
[1] 2.910947e-05 2.473626e-07
Algorithm converged after  7  iterations.
[1] 1.927979e-05 1.299396e-07
Algorithm converged after  7  iterations.
[1] 1.241381e-05 6.504900e-08
Algorithm converged after  7  iterations.
[1] 7.744956e-06 3.087220e-08
Algorithm converged after  7  iterations.
[1] 4.664345e-06 1.380777e-08
Algorithm converged after  7  iterations.
[1] 2.699546e-06 5.779632e-09
Algorithm converged after  7  iterations.
[1] 1.493667e-06 2.245870e-09
Algorithm converged after  6  iterations.
[1] 7.852412e-07 8.024910e-10
Algorithm converged after  6  iterations.
[1] 3.893610e-07 2.607064e-10
Algorithm converged after  6  iterations.
[1] 1.805012e-07 7.596700e-11
Algorithm converged after  6  iterations.
[1] 7.740353e-08 1.953090e-11
Algorithm converged after  6  iterations.
[1] 3.030709e-08 4.342204e-12
Algorithm converged after  5  iterations.
[1] 1.066235e-08 8.142990e-13
Algorithm converged after  5  iterations.
[1] 3.303448e-09 1.248572e-13
Algorithm converged after  5  iterations.
[1] 8.787148e-10 1.504638e-14
Algorithm converged after  5  iterations.
[1] 1.942244e-10 1.354356e-15
Algorithm converged after  4  iterations.
[1] 3.418089e-11 8.518656e-17
Algorithm converged after  4  iterations.
[1] 4.524360e-12 3.425421e-18
Algorithm converged after  4  iterations.
[1] 4.167842e-13 7.799163e-20
Algorithm converged after  4  iterations.
[1] 2.396929e-14 8.482888e-22
Algorithm converged after  4  iterations.
[1] 7.355923e-16 3.447805e-24
Algorithm converged after  5  iterations.
[1] 9.520205e-18 3.622945e-27
Algorithm converged after  5  iterations.
[1] 3.589939e-20 5.517433e-31
Algorithm converged after  5  iterations.
[1] 2.129766e-23 4.642233e-36
Algorithm converged after  5  iterations.
[1] 6.556895e-28 3.804688e-43
Algorithm converged after  5  iterations.
[1] 1.139979e-34 9.451473e-54
Algorithm converged after  5  iterations.
[1] 6.329744e-46 2.171539e-71
Algorithm converged after  6  iterations.
[1]  2.031486e-68 1.317316e-106
Algorithm converged after  6  iterations.
[1] 7.331760e-136 4.063811e-212
Algorithm converged after  6  iterations.
[1] 0.1677557
Algorithm converged after  2  iterations.
[1] 0.0048040838 0.0003411726
Algorithm converged after  9  iterations.
[1] 0.0041184523 0.0002632874
Algorithm converged after  9  iterations.
[1] 0.0035117376 0.0002061785
Algorithm converged after  8  iterations.
[1] 0.0029771711 0.0001769056
Algorithm converged after  7  iterations.
[1] 0.0025084240 0.0001526518
Algorithm converged after  7  iterations.
[1] 0.0020995479 0.0001317042
Algorithm converged after  7  iterations.
[1] 0.0017449357 0.0001132929
Algorithm converged after  7  iterations.
[1] 1.439295e-03 9.696112e-05
Algorithm converged after  7  iterations.
[1] 1.177632e-03 8.240763e-05
Algorithm converged after  7  iterations.
[1] 9.552430e-04 6.942371e-05
Algorithm converged after  7  iterations.
[1] 7.677087e-04 5.786126e-05
Algorithm converged after  7  iterations.
[1] 6.108959e-04 4.761384e-05
Algorithm converged after  7  iterations.
[1] 4.809584e-04 3.860313e-05
Algorithm converged after  7  iterations.
[1] 0.0003743387 0.0000307676
Algorithm converged after  7  iterations.
[1] 2.877710e-04 2.405214e-05
Algorithm converged after  7  iterations.
[1] 2.182808e-04 1.839882e-05
Algorithm converged after  7  iterations.
[1] 1.631839e-04 1.373963e-05
Algorithm converged after  7  iterations.
[1] 1.200813e-04 9.992275e-06
Algorithm converged after  7  iterations.
[1] 8.685174e-05 7.059659e-06
Algorithm converged after  7  iterations.
[1] 6.164108e-05 4.832884e-06
Algorithm converged after  7  iterations.
[1] 4.284828e-05 3.196853e-06
Algorithm converged after  7  iterations.
[1] 2.910947e-05 2.037055e-06
Algorithm converged after  7  iterations.
[1] 1.927979e-05 1.246104e-06
Algorithm converged after  7  iterations.
[1] 1.241381e-05 7.289124e-07
Algorithm converged after  7  iterations.
[1] 7.744956e-06 4.058825e-07
Algorithm converged after  7  iterations.
[1] 4.664345e-06 2.140121e-07
Algorithm converged after  7  iterations.
[1] 2.699546e-06 1.061939e-07
Algorithm converged after  7  iterations.
[1] 1.493667e-06 4.922727e-08
Algorithm converged after  7  iterations.
[1] 7.852412e-07 2.113379e-08
Algorithm converged after  7  iterations.
[1] 3.893610e-07 8.315572e-09
Algorithm converged after  7  iterations.
[1] 1.805012e-07 2.961416e-09
Algorithm converged after  7  iterations.
[1] 7.740353e-08 9.401114e-10
Algorithm converged after  7  iterations.
[1] 3.030709e-08 2.611075e-10
Algorithm converged after  7  iterations.
[1] 1.066235e-08 6.199819e-11
Algorithm converged after  7  iterations.
[1] 3.303448e-09 1.222613e-11
Algorithm converged after  7  iterations.
[1] 8.787148e-10 1.930246e-12
Algorithm converged after  6  iterations.
[1] 1.942244e-10 2.327258e-13
Algorithm converged after  6  iterations.
[1] 3.418089e-11 2.014453e-14
Algorithm converged after  6  iterations.
[1] 4.524360e-12 1.152847e-15
Algorithm converged after  6  iterations.
[1] 4.167842e-13 3.898410e-17
Algorithm converged after  6  iterations.
[1] 2.396929e-14 6.655503e-19
Algorithm converged after  6  iterations.
[1] 7.355923e-16 4.570461e-21
Algorithm converged after  6  iterations.
[1] 9.520205e-18 8.978237e-24
Algorithm converged after  6  iterations.
[1] 3.589939e-20 2.952989e-27
Algorithm converged after  6  iterations.
[1] 2.129766e-23 6.660560e-32
Algorithm converged after  6  iterations.
[1] 6.556895e-28 2.066314e-38
Algorithm converged after  6  iterations.
[1] 1.139979e-34 3.547548e-48
Algorithm converged after  6  iterations.
[1] 6.329744e-46 1.870609e-64
Algorithm converged after  5  iterations.
[1] 2.031486e-68 5.183531e-97
Algorithm converged after  5  iterations.
[1] 7.331760e-136 1.110676e-194
Algorithm converged after  5  iterations.
[1] 0.164922
Algorithm converged after  2  iterations.
[1] 0.0048040838 0.0003437832
[1] 0.0058834377 0.0006590564
[1] 0.0049539721 0.0006801883
Algorithm converged after  24  iterations.
[1] 0.0041184523 0.0002692024
[1] 0.0055565700 0.0003802806
[1] 0.0041636950 0.0005209306
Algorithm converged after  27  iterations.
[1] 0.0035117376 0.0002090734
[1] 0.0045434792 0.0002978195
[1] 0.0043276059 0.0002929485
Algorithm converged after  22  iterations.
[1] 0.0029771711 0.0001609724
[1] 0.0036020464 0.0002329231
Algorithm converged after  16  iterations.
[1] 0.002508424 0.000122840
[1] 0.0029962307 0.0001852866
Algorithm converged after  13  iterations.
[1] 2.099548e-03 9.291844e-05
[1] 0.0024876659 0.0001473842
Algorithm converged after  11  iterations.
[1] 1.744936e-03 6.970988e-05
Algorithm converged after  10  iterations.
[1] 0.0014392952 0.0000519484
Algorithm converged after  9  iterations.
[1] 1.177632e-03 3.858593e-05
Algorithm converged after  9  iterations.
[1] 9.55243e-04 2.87967e-05
Algorithm converged after  9  iterations.
[1] 7.677087e-04 2.192801e-05
Algorithm converged after  8  iterations.
[1] 6.108959e-04 1.715623e-05
Algorithm converged after  8  iterations.
[1] 4.809584e-04 1.363803e-05
Algorithm converged after  8  iterations.
[1] 3.743387e-04 1.088396e-05
Algorithm converged after  7  iterations.
[1] 2.877710e-04 8.642735e-06
Algorithm converged after  7  iterations.
[1] 2.182808e-04 6.781727e-06
Algorithm converged after  7  iterations.
[1] 1.631839e-04 5.229069e-06
Algorithm converged after  7  iterations.
[1] 1.200813e-04 3.943465e-06
Algorithm converged after  7  iterations.
[1] 8.685174e-05 2.897082e-06
Algorithm converged after  7  iterations.
[1] 6.164108e-05 2.065932e-06
Algorithm converged after  7  iterations.
[1] 4.284828e-05 1.425210e-06
Algorithm converged after  7  iterations.
[1] 2.910947e-05 9.479636e-07
Algorithm converged after  7  iterations.
[1] 1.927979e-05 6.057947e-07
Algorithm converged after  7  iterations.
[1] 1.241381e-05 3.705163e-07
Algorithm converged after  7  iterations.
[1] 7.744956e-06 2.159478e-07
Algorithm converged after  7  iterations.
[1] 4.664345e-06 1.193365e-07
Algorithm converged after  7  iterations.
[1] 2.699546e-06 6.216376e-08
Algorithm converged after  7  iterations.
[1] 1.493667e-06 3.031358e-08
Algorithm converged after  7  iterations.
[1] 7.852412e-07 1.372464e-08
Algorithm converged after  7  iterations.
[1] 3.89361e-07 5.71280e-09
Algorithm converged after  7  iterations.
[1] 1.805012e-07 2.160318e-09
Algorithm converged after  7  iterations.
[1] 7.740353e-08 7.315246e-10
Algorithm converged after  7  iterations.
[1] 3.030709e-08 2.179129e-10
Algorithm converged after  7  iterations.
[1] 1.066235e-08 5.586551e-11
Algorithm converged after  7  iterations.
[1] 3.303448e-09 1.199137e-11
Algorithm converged after  7  iterations.
[1] 8.787148e-10 2.081182e-12
Algorithm converged after  7  iterations.
[1] 1.942244e-10 2.792380e-13
Algorithm converged after  6  iterations.
[1] 3.418089e-11 2.731209e-14
Algorithm converged after  6  iterations.
[1] 4.524360e-12 1.800653e-15
Algorithm converged after  6  iterations.
[1] 4.167842e-13 7.191094e-17
Algorithm converged after  6  iterations.
[1] 2.396929e-14 1.497879e-18
Algorithm converged after  6  iterations.
[1] 7.355923e-16 1.311058e-20
Algorithm converged after  6  iterations.
[1] 9.520205e-18 3.486992e-23
Algorithm converged after  6  iterations.
[1] 3.589939e-20 1.693347e-26
Algorithm converged after  6  iterations.
[1] 2.129766e-23 6.424348e-31
Algorithm converged after  5  iterations.
[1] 6.556895e-28 4.131573e-37
Algorithm converged after  5  iterations.
[1] 1.139979e-34 2.120836e-46
Algorithm converged after  5  iterations.
[1] 6.329744e-46 6.959736e-62
Algorithm converged after  5  iterations.
[1] 2.031486e-68 7.507701e-93
Algorithm converged after  5  iterations.
[1] 7.331760e-136 9.598072e-186
Algorithm converged after  5  iterations.
[1] 0.1623308
Algorithm converged after  2  iterations.
[1] 0.0048040838 0.0008145805
Algorithm converged after  2  iterations.
[1] 0.0041184523 0.0006582102
Algorithm converged after  2  iterations.
[1] 0.0035117376 0.0005303284
Algorithm converged after  2  iterations.
[1] 0.0029771711 0.0004270961
Algorithm converged after  2  iterations.
[1] 0.0025084240 0.0003452843
Algorithm converged after  2  iterations.
[1] 0.0020995479 0.0002826432
Algorithm converged after  2  iterations.
[1] 0.0017449357 0.0002371067
Algorithm converged after  2  iterations.
[1] 0.0014392952 0.0002031594
Algorithm converged after  2  iterations.
[1] 0.0011776323 0.0001756323
Algorithm converged after  2  iterations.
[1] 0.0009552430 0.0001520031
Algorithm converged after  2  iterations.
[1] 0.0007677087 0.0001310357
Algorithm converged after  2  iterations.
[1] 0.0006108959 0.0001120853
Algorithm converged after  2  iterations.
[1] 4.809584e-04 9.482523e-05
Algorithm converged after  2  iterations.
[1] 3.743387e-04 7.911619e-05
Algorithm converged after  2  iterations.
[1] 2.877710e-04 6.492825e-05
Algorithm converged after  2  iterations.
[1] 2.182808e-04 5.228524e-05
Algorithm converged after  2  iterations.
[1] 1.631839e-04 4.122159e-05
Algorithm converged after  2  iterations.
[1] 1.200813e-04 3.175021e-05
Algorithm converged after  2  iterations.
[1] 8.685174e-05 2.384217e-05
Algorithm converged after  2  iterations.
[1] 6.164108e-05 1.741872e-05
Algorithm converged after  2  iterations.
[1] 4.284828e-05 1.235395e-05
Algorithm converged after  2  iterations.
[1] 2.910947e-05 8.485464e-06
Algorithm converged after  2  iterations.
[1] 1.927979e-05 5.629359e-06
Algorithm converged after  2  iterations.
[1] 1.241381e-05 3.595968e-06
Algorithm converged after  2  iterations.
[1] 7.744956e-06 2.203872e-06
Algorithm converged after  2  iterations.
[1] 4.664345e-06 1.290441e-06
Algorithm converged after  2  iterations.
[1] 2.699546e-06 7.182967e-07
Algorithm converged after  2  iterations.
[1] 1.493667e-06 3.778405e-07
Algorithm converged after  2  iterations.
[1] 7.852412e-07 1.864988e-07
Algorithm converged after  2  iterations.
[1] 3.893610e-07 8.564705e-08
Algorithm converged after  2  iterations.
[1] 1.805012e-07 3.622049e-08
Algorithm converged after  2  iterations.
[1] 7.740353e-08 1.393058e-08
Algorithm converged after  2  iterations.
[1] 3.030709e-08 4.798336e-09
Algorithm converged after  2  iterations.
[1] 1.066235e-08 1.452303e-09
Algorithm converged after  2  iterations.
[1] 3.303448e-09 3.771546e-10
Algorithm converged after  2  iterations.
[1] 8.787148e-10 8.153518e-11
Algorithm converged after  2  iterations.
[1] 1.942244e-10 1.411335e-11
Algorithm converged after  2  iterations.
[1] 3.418089e-11 1.858876e-12
Algorithm converged after  2  iterations.
[1] 4.52436e-12 1.74056e-13
Algorithm converged after  2  iterations.
[1] 4.167842e-13 1.056037e-14
Algorithm converged after  2  iterations.
[1] 2.396929e-14 3.646138e-16
Algorithm converged after  2  iterations.
[1] 7.355923e-16 5.938635e-18
Algorithm converged after  2  iterations.
[1] 9.520205e-18 3.443749e-20
Algorithm converged after  2  iterations.
[1] 3.589939e-20 4.568941e-23
Algorithm converged after  2  iterations.
[1] 2.129766e-23 6.636577e-27
Algorithm converged after  2  iterations.
[1] 6.556895e-28 2.800558e-32
Algorithm converged after  2  iterations.
[1] 1.139979e-34 2.417579e-40
Algorithm converged after  2  iterations.
[1] 6.329744e-46 8.741813e-54
Algorithm converged after  2  iterations.
[1] 2.031486e-68 1.137001e-80
Algorithm converged after  2  iterations.
[1] 7.331760e-136 2.486188e-161
Algorithm converged after  2  iterations.
[1] 0.1504059
Algorithm converged after  2  iterations.
[1] 0.0048040838 0.0005468619 0.0001959493
Algorithm converged after  10  iterations.
[1] 0.0041184523 0.0004335046 0.0001516074
[1] 0.0042618130 0.0004405491 0.0001548340
Algorithm converged after  11  iterations.
[1] 0.0035117376 0.0003414033 0.0001146198
[1] 0.0037145448 0.0003486737 0.0001149291
Algorithm converged after  11  iterations.
[1] 2.977171e-03 2.666831e-04 8.548048e-05
[1] 3.261691e-03 2.756307e-04 8.479501e-05
Algorithm converged after  12  iterations.
[1] 2.508424e-03 2.063806e-04 6.336866e-05
[1] 0.0028870738 0.0002176262 0.0000627928
Algorithm converged after  12  iterations.
[1] 2.099548e-03 1.580886e-04 4.709098e-05
[1] 2.532370e-03 1.705015e-04 4.701265e-05
Algorithm converged after  11  iterations.
[1] 1.744936e-03 1.197790e-04 3.543046e-05
Algorithm converged after  10  iterations.
[1] 1.439295e-03 8.971225e-05 2.726074e-05
[1] 1.805037e-03 1.001194e-04 2.781701e-05
Algorithm converged after  11  iterations.
[1] 1.177632e-03 6.638749e-05 2.155699e-05
[1] 1.523479e-03 7.611514e-05 2.404858e-05
Algorithm converged after  12  iterations.
[1] 9.552430e-04 4.851349e-05 1.728055e-05
[1] 1.262053e-03 5.686531e-05 2.055628e-05
Algorithm converged after  11  iterations.
[1] 7.677087e-04 3.498836e-05 1.373057e-05
[1] 1.027225e-03 4.170400e-05 1.670737e-05
Algorithm converged after  11  iterations.
[1] 6.108959e-04 2.488372e-05 1.064099e-05
Algorithm converged after  10  iterations.
[1] 4.809584e-04 1.743098e-05 7.969655e-06
Algorithm converged after  10  iterations.
[1] 3.743387e-04 1.200694e-05 5.748448e-06
Algorithm converged after  10  iterations.
[1] 2.877710e-04 8.116323e-06 3.993550e-06
Algorithm converged after  10  iterations.
[1] 2.182808e-04 5.371318e-06 2.675747e-06
Algorithm converged after  10  iterations.
[1] 1.631839e-04 3.471225e-06 1.730968e-06
Algorithm converged after  9  iterations.
[1] 1.200813e-04 2.184633e-06 1.081487e-06
Algorithm converged after  9  iterations.
[1] 8.685174e-05 1.335091e-06 6.522037e-07
Algorithm converged after  9  iterations.
[1] 6.164108e-05 7.898387e-07 3.790908e-07
Algorithm converged after  9  iterations.
[1] 4.284828e-05 4.508270e-07 2.118988e-07
Algorithm converged after  9  iterations.
[1] 2.910947e-05 2.473626e-07 1.135636e-07
Algorithm converged after  8  iterations.
[1] 1.927979e-05 1.299396e-07 5.813602e-08
Algorithm converged after  8  iterations.
[1] 1.241381e-05 6.504900e-08 2.829877e-08
Algorithm converged after  8  iterations.
[1] 7.744956e-06 3.087220e-08 1.302684e-08
Algorithm converged after  8  iterations.
[1] 4.664345e-06 1.380777e-08 5.634434e-09
Algorithm converged after  8  iterations.
[1] 2.699546e-06 5.779632e-09 2.272347e-09
Algorithm converged after  7  iterations.
[1] 1.493667e-06 2.245870e-09 8.467770e-10
Algorithm converged after  7  iterations.
[1] 7.852412e-07 8.024910e-10 2.884346e-10
Algorithm converged after  7  iterations.
[1] 3.893610e-07 2.607064e-10 8.865704e-11
Algorithm converged after  6  iterations.
[1] 1.805012e-07 7.596700e-11 2.421273e-11
Algorithm converged after  6  iterations.
[1] 7.740353e-08 1.953090e-11 5.766369e-12
Algorithm converged after  6  iterations.
[1] 3.030709e-08 4.342204e-12 1.170449e-12
Algorithm converged after  6  iterations.
[1] 1.066235e-08 8.142990e-13 1.968513e-13
Algorithm converged after  5  iterations.
[1] 3.303448e-09 1.248572e-13 2.648255e-14
Algorithm converged after  5  iterations.
[1] 8.787148e-10 1.504638e-14 2.725598e-15
Algorithm converged after  5  iterations.
[1] 1.942244e-10 1.354356e-15 2.026666e-16
Algorithm converged after  5  iterations.
[1] 3.418089e-11 8.518656e-17 1.010254e-17
Algorithm converged after  4  iterations.
[1] 4.524360e-12 3.425421e-18 3.055655e-19
Algorithm converged after  4  iterations.
[1] 4.167842e-13 7.799163e-20 4.895124e-21
Algorithm converged after  5  iterations.
[1] 2.396929e-14 8.482888e-22 3.433668e-23
Algorithm converged after  5  iterations.
[1] 7.355923e-16 3.447805e-24 8.011235e-26
Algorithm converged after  5  iterations.
[1] 9.520205e-18 3.622945e-27 4.116165e-29
Algorithm converged after  5  iterations.
[1] 3.589939e-20 5.517433e-31 2.436051e-33
Algorithm converged after  5  iterations.
[1] 2.129766e-23 4.642233e-36 5.638577e-39
Algorithm converged after  6  iterations.
[1] 6.556895e-28 3.804688e-43 7.303291e-47
Algorithm converged after  6  iterations.
[1] 1.139979e-34 9.451473e-54 1.083594e-58
Algorithm converged after  6  iterations.
[1] 6.329744e-46 2.171539e-71 2.111213e-78
Algorithm converged after  6  iterations.
[1]  2.031486e-68 1.317316e-106 8.138877e-118
Algorithm converged after  6  iterations.
[1] 7.331760e-136 4.063811e-212 4.827044e-236
Algorithm converged after  7  iterations.
[1] 0.1656444
Algorithm converged after  2  iterations.
[1] 4.804084e-03 3.411726e-04 9.374772e-05
[1] 0.0062983718 0.0004113684 0.0002516755
Algorithm converged after  17  iterations.
[1] 4.118452e-03 2.632874e-04 8.453371e-05
[1] 0.0055015246 0.0003207271 0.0001985266
Algorithm converged after  15  iterations.
[1] 0.0035117376 0.0002061785 0.0001435737
[1] 0.0047312598 0.0002435110 0.0001509945
Algorithm converged after  14  iterations.
[1] 0.0029771711 0.0001769056 0.0001101626
[1] 0.0041471394 0.0002016665 0.0001165535
Algorithm converged after  15  iterations.
[1] 2.508424e-03 1.526518e-04 8.129759e-05
[1] 3.575203e-03 1.702932e-04 8.808718e-05
Algorithm converged after  16  iterations.
[1] 2.099548e-03 1.317042e-04 5.887273e-05
[1] 3.028544e-03 1.456690e-04 6.502705e-05
Algorithm converged after  15  iterations.
[1] 1.744936e-03 1.132929e-04 4.195626e-05
[1] 2.527416e-03 1.252886e-04 4.694028e-05
Algorithm converged after  14  iterations.
[1] 1.439295e-03 9.696112e-05 2.944243e-05
[1] 2.081852e-03 1.075618e-04 3.319962e-05
Algorithm converged after  13  iterations.
[1] 1.177632e-03 8.240763e-05 2.034195e-05
[1] 1.692503e-03 9.165186e-05 2.304078e-05
Algorithm converged after  15  iterations.
[1] 9.552430e-04 6.942371e-05 1.383218e-05
[1] 1.354447e-03 7.715162e-05 1.570488e-05
Algorithm converged after  17  iterations.
[1] 7.677087e-04 5.786126e-05 9.253160e-06
[1] 1.060107e-03 6.388603e-05 1.052337e-05
Algorithm converged after  19  iterations.
[1] 6.108959e-04 4.761384e-05 6.088515e-06
[1] 8.082364e-04 5.199711e-05 6.947023e-06
Algorithm converged after  18  iterations.
[1] 4.809584e-04 3.860313e-05 3.942804e-06
[1] 6.114134e-04 4.187694e-05 4.533932e-06
Algorithm converged after  14  iterations.
[1] 3.743387e-04 3.076760e-05 2.518182e-06
[1] 4.658894e-04 3.339280e-05 2.925692e-06
Algorithm converged after  11  iterations.
[1] 2.877710e-04 2.405214e-05 1.590438e-06
Algorithm converged after  10  iterations.
[1] 2.182808e-04 1.839882e-05 9.931986e-07
Algorithm converged after  8  iterations.
[1] 1.631839e-04 1.373963e-05 2.203980e-10
Algorithm converged after  9  iterations.
[1] 1.200813e-04 9.992275e-06 3.698101e-07
Algorithm converged after  7  iterations.
[1] 8.685174e-05 7.059659e-06 2.188672e-07
Algorithm converged after  7  iterations.
[1] 6.164108e-05 4.832884e-06 4.845134e-10
[1] 7.858935e-05 5.329842e-06 1.445631e-07
[1] 7.865128e-05 5.350689e-06 7.942683e-12
[1] 8.068716e-05 5.478970e-06 1.340905e-07
[1] 7.773549e-05 5.286429e-06 1.462913e-07
Algorithm converged after  42  iterations.
[1] 4.284828e-05 3.196853e-06 7.076739e-08
Algorithm converged after  7  iterations.
[1] 2.910947e-05 2.037055e-06 2.038463e-08
Algorithm converged after  10  iterations.
[1] 1.927979e-05 1.246104e-06 9.544114e-09
Algorithm converged after  8  iterations.
[1] 1.241381e-05 7.289124e-07 4.235819e-09
Algorithm converged after  8  iterations.
[1] 7.744956e-06 4.058825e-07 1.772718e-09
Algorithm converged after  8  iterations.
[1] 4.664345e-06 2.140121e-07 6.950143e-10
Algorithm converged after  8  iterations.
[1] 2.699546e-06 1.061939e-07 2.532750e-10
Algorithm converged after  8  iterations.
[1] 1.493667e-06 4.922727e-08 8.499260e-11
Algorithm converged after  8  iterations.
[1] 7.852412e-07 2.113379e-08 2.597294e-11
Algorithm converged after  8  iterations.
[1] 3.893610e-07 8.315572e-09 7.131922e-12
Algorithm converged after  8  iterations.
[1] 1.805012e-07 2.961416e-09 1.731540e-12
Algorithm converged after  8  iterations.
[1] 7.740353e-08 9.401114e-10 3.644936e-13
Algorithm converged after  8  iterations.
[1] 3.030709e-08 2.611075e-10 1.602662e-13
Algorithm converged after  8  iterations.
[1] 1.066235e-08 6.199819e-11 2.785071e-14
Algorithm converged after  8  iterations.
[1] 3.303448e-09 1.222613e-11 6.929065e-27
Algorithm converged after  8  iterations.
[1] 8.787148e-10 1.930246e-12 9.656009e-17
Algorithm converged after  7  iterations.
[1] 1.942244e-10 2.327258e-13 6.014814e-18
[1] 2.806170e-10 2.514148e-13 6.917360e-18
[1] 3.129618e-10 2.580390e-13 7.446777e-18
Algorithm converged after  21  iterations.
[1] 3.418089e-11 2.014453e-14 3.473077e-36
[1] 5.456510e-11 2.216378e-14 2.917133e-19
Algorithm converged after  12  iterations.
[1] 4.524360e-12 1.152847e-15 8.702501e-22
[1] 7.180682e-12 1.260865e-15 7.111224e-21
[1] 7.207479e-12 1.261917e-15 4.255515e-42
[1] 7.162636e-12 1.260402e-15 4.753003e-41
[1] 7.196359e-12 1.261758e-15 7.025868e-21
[1] 6.566234e-12 1.237823e-15 5.618120e-31
[1] 6.433957e-12 1.232960e-15 6.812077e-21
[1] 7.223881e-12 1.262564e-15 2.387649e-23
[1] 6.648796e-12 1.241649e-15 6.886487e-21
[1] 6.775574e-12 1.246409e-15 6.893392e-21
[1] 7.233851e-12 1.264485e-15 8.141839e-20
[1] 6.152951e-12 1.222257e-15 6.601912e-21
Algorithm converged after  116  iterations.
[1] 4.167842e-13 3.898410e-17 1.151259e-33
[1] 6.134258e-13 4.179688e-17 1.661338e-20
[1] 6.206435e-13 4.189146e-17 4.660991e-25
[1] 6.007128e-13 4.161883e-17 7.609318e-24
[1] 6.632045e-13 4.246758e-17 8.955806e-23
Algorithm converged after  42  iterations.
[1] 2.396929e-14 6.655503e-19 3.856100e-25
[1] 3.412106e-14 7.066018e-19 6.732255e-37
[1] 3.435088e-14 7.075013e-19 4.371327e-25
[1] 3.399589e-14 7.064118e-19 2.771788e-26
[1] 3.665282e-14 7.158829e-19 2.871731e-26
[1] 3.217868e-14 6.994203e-19 8.516040e-28
[1] 3.369192e-14 7.052415e-19 1.188531e-52
[1] 3.630028e-14 7.147306e-19 1.495467e-37
[1] 3.401701e-14 7.066664e-19 4.411822e-25
[1] 3.313637e-14 7.032230e-19 3.657905e-44
[1] 3.530444e-14 7.114041e-19 2.864970e-26
[1] 3.421402e-14 7.074310e-19 4.362774e-25
[1] 3.351583e-14 7.049090e-19 4.351560e-25
[1] 3.788944e-14 7.212332e-19 1.902323e-44
Algorithm converged after  138  iterations.
[1] 7.355923e-16 4.570461e-21 7.353165e-25
[1] 1.041121e-15 4.829365e-21 4.621903e-26
[1] 1.043528e-15 4.832015e-21 7.179742e-28
[1] 1.137978e-15 4.903963e-21 2.794889e-29
[1] 1.149191e-15 4.914464e-21 7.468000e-28
[1] 1.146044e-15 4.912062e-21 1.182636e-40
[1] 1.025648e-15 4.818754e-21 6.829640e-35
[1] 1.105956e-15 4.881142e-21 7.224023e-28
[1] 1.062465e-15 4.848898e-21 3.734479e-37
[1] 1.059894e-15 4.846079e-21 7.130899e-28
[1] 1.061184e-15 4.848334e-21 1.143169e-43
Algorithm converged after  107  iterations.
[1] 9.520205e-18 8.978237e-24 4.648143e-36
[1] 1.217573e-17 9.306367e-24 3.740430e-29
[1] 1.327152e-17 9.430769e-24 7.946595e-47
[1] 1.331632e-17 9.435619e-24 1.924672e-33
[1] 1.475251e-17 9.595210e-24 1.781512e-33
[1] 1.207542e-17 9.296180e-24 2.293089e-31
[1] 1.263364e-17 9.361470e-24 1.974736e-33
[1] 1.469372e-17 9.590003e-24 4.155804e-36
[1] 1.206606e-17 9.297232e-24 4.484169e-36
[1] 1.352310e-17 9.461899e-24 1.906591e-33
[1] 1.320058e-17 9.426671e-24 3.805966e-29
[1] 1.208276e-17 9.300511e-24 4.482360e-36
[1] 1.478746e-17 9.603036e-24 7.224251e-34
Algorithm converged after  129  iterations.
[1] 3.589939e-20 2.952989e-27 1.762463e-53
[1] 4.777996e-20 3.070462e-27 2.166728e-41
[1] 5.045164e-20 3.094558e-27 2.609411e-38
[1] 4.518689e-20 3.046434e-27 2.470059e-41
[1] 5.125395e-20 3.102513e-27 3.286564e-38
[1] 4.871175e-20 3.079008e-27 3.908507e-38
[1] 5.514610e-20 3.137082e-27 2.312784e-38
[1] 5.263292e-20 3.115171e-27 3.440012e-49
[1] 4.933713e-20 3.085360e-27 2.155528e-41
[1] 4.533013e-20 3.048422e-27 1.470986e-43
[1] 4.776276e-20 3.071319e-27 7.914544e-36
[1] 5.175183e-20 3.107373e-27 3.428773e-49
[1] 4.544164e-20 3.049959e-27 2.447829e-41
[1] 4.954770e-20 3.088160e-27 2.413984e-41
[1] 4.521850e-20 3.048280e-27 4.086647e-38
[1] 4.909147e-20 3.084237e-27 4.246092e-33
[1] 4.518967e-20 3.048276e-27 2.868500e-38
[1] 4.778191e-20 3.072685e-27 2.433051e-41
[1] 4.953604e-20 3.088750e-27 2.414531e-41
[1] 4.517626e-20 3.048465e-27 3.494836e-38
Algorithm did not converge after  200  iterations.
[1] 2.129766e-23 6.660560e-32 4.241483e-85
[1] 2.963852e-23 6.945613e-32 2.479354e-48
[1] 2.843430e-23 6.907888e-32 1.113576e-46
[1] 2.677361e-23 6.853608e-32 2.521497e-48
[1] 2.841826e-23 6.907809e-32 2.391168e-38
[1] 2.914129e-23 6.930639e-32 1.914235e-48
[1] 3.150930e-23 7.006434e-32 1.255973e-46
[1] 3.027982e-23 6.967442e-32 2.471598e-48
[1] 2.856159e-23 6.913045e-32 2.497490e-48
[1] 2.844814e-23 6.910127e-32 8.904908e-42
[1] 2.672406e-23 6.853810e-32 3.921554e-79
[1] 2.927230e-23 6.936914e-32 2.484649e-48
[1] 2.676998e-23 6.855786e-32 1.939659e-48
[1] 3.234095e-23 7.034185e-32 1.094119e-46
[1] 2.675366e-23 6.855658e-32 2.525926e-48
[1] 2.672700e-23 6.854986e-32 2.664272e-60
[1] 2.841735e-23 6.910856e-32 1.915409e-48
[1] 3.226674e-23 7.034802e-32 2.427850e-48
[1] 2.998226e-23 6.963570e-32 2.472018e-48
[1] 2.877400e-23 6.925371e-32 8.897830e-42
Algorithm did not converge after  200  iterations.
[1] 6.556895e-28 2.066314e-38 3.935186e-55
[1] 9.107745e-28 2.146674e-38 1.638657e-67
[1] 9.210700e-28 2.149717e-38 4.002355e-55
[1] 8.750814e-28 2.136297e-38 5.069432e-61
[1] 9.045821e-28 2.145037e-38 4.332885e-58
[1] 9.200742e-28 2.149663e-38 2.089626e-67
[1] 9.378579e-28 2.154911e-38 2.474388e-58
[1] 8.138474e-28 2.118015e-38 2.308553e-67
[1] 9.048260e-28 2.145440e-38 1.469104e-60
[1] 8.960927e-28 2.142887e-38 2.485161e-58
[1] 8.970599e-28 2.143213e-38 1.102313e-72
[1] 9.188594e-28 2.149726e-38 1.038080e-59
[1] 8.114275e-28 2.117605e-38 6.774654e-86
[1] 9.353541e-28 2.154632e-38 4.002975e-55
[1] 9.330191e-28 2.154126e-38 7.681976e-82
[1] 9.287029e-28 2.152894e-38 8.553021e-60
[1] 9.045828e-28 2.145857e-38 7.647006e-60
[1] 9.136273e-28 2.148603e-38 2.481948e-58
[1] 9.189682e-28 2.150432e-38 2.921242e-60
[1] 9.266642e-28 2.152629e-38 9.722461e-60
Algorithm did not converge after  200  iterations.
[1] 1.139979e-34 3.547548e-48 1.156545e-72
[1] 1.566302e-34 3.667943e-48 1.722923e-91
[1] 1.518485e-34 3.655385e-48 1.389771e-85
[1]  1.567283e-34  3.668250e-48 1.792555e-117
[1] 2.156143e-34 3.812271e-48 1.003961e-72
[1] 1.570013e-34 3.669602e-48 5.942270e-94
[1] 1.633438e-34 3.686128e-48 1.282109e-90
[1] 1.567724e-34 3.669021e-48 1.291713e-90
[1] 1.613327e-34 3.681089e-48 2.723653e-93
[1] 1.576937e-34 3.671496e-48 2.723007e-93
[1]  1.612072e-34  3.680641e-48 5.957040e-108
[1]  1.609128e-34  3.679992e-48 2.766159e-112
[1] 1.575418e-34 3.671219e-48 2.723540e-93
[1]  1.633878e-34  3.686471e-48 4.943408e-126
[1] 1.632229e-34 3.686142e-48 9.166554e-92
[1]  1.612108e-34  3.680892e-48 8.729076e-105
[1] 1.633714e-34 3.686533e-48 5.983479e-94
[1] 1.613728e-34 3.681400e-48 2.728572e-93
[1] 1.568076e-34 3.669446e-48 1.291747e-90
[1] 1.634098e-34 3.686675e-48 5.958649e-94
Algorithm did not converge after  200  iterations.
[1] 6.329744e-46 1.870609e-64 9.351539e-98
[1] 8.612885e-46 1.925460e-64 1.447756e-86
[1]  8.685620e-46  1.927102e-64 1.028958e-108
[1]  8.609490e-46  1.925414e-64 3.631008e-110
[1] 7.768182e-46 1.906118e-64 9.064702e-98
[1]  8.586210e-46  1.924954e-64 1.710993e-122
[1]  8.930154e-46  1.932593e-64 3.701147e-110
[1]  8.668594e-46  1.926807e-64 1.030568e-108
[1]  8.707072e-46  1.927686e-64 3.694504e-110
[1]  8.612926e-46  1.925581e-64 1.595578e-109
[1]  8.856910e-46  1.931063e-64 3.697332e-110
[1]  8.929280e-46  1.932633e-64 3.701392e-110
[1]  8.123013e-46  1.914450e-64 9.245361e-110
[1]  8.633915e-46  1.926090e-64 5.354566e-113
[1] 8.501962e-46 1.923109e-64 8.919392e-98
[1]  9.081285e-46  1.936059e-64 8.923015e-114
[1]  8.285183e-46  1.918253e-64 8.801368e-168
[1]  8.826470e-46  1.930431e-64 1.606248e-109
[1]  8.839108e-46  1.930736e-64 3.614959e-110
[1]  8.753101e-46  1.928818e-64 3.620676e-110
Algorithm did not converge after  200  iterations.
[1]  2.031486e-68  5.183531e-97 3.167146e-150
[1]  2.929533e-68  5.344785e-97 4.182110e-180
[1]  2.778358e-68  5.319398e-97 4.111413e-160
[1]  2.745453e-68  5.313805e-97 4.196668e-160
[1]  2.674956e-68  5.301739e-97 3.160771e-134
[1]  2.933423e-68  5.345459e-97 3.997122e-160
[1]  2.852666e-68  5.331972e-97 7.012721e-160
[1]  2.929077e-68  5.344765e-97 4.154125e-155
[1]  2.776882e-68  5.319218e-97 4.132746e-155
[1]  2.697945e-68  5.305732e-97 1.057989e-156
[1]  2.745424e-68  5.313895e-97 4.196838e-160
[1]  2.852668e-68  5.332053e-97 4.189612e-180
[1]  2.930974e-68  5.345152e-97 4.159037e-155
[1]  2.727295e-68  5.310816e-97 3.051540e-165
[1]  2.777879e-68  5.319478e-97 4.048442e-166
[1]  2.736153e-68  5.312380e-97 3.637797e-167
[1]  2.839914e-68  5.330021e-97 6.177552e-155
[1]  2.929824e-68  5.345056e-97 5.079275e-164
[1]  2.776872e-68  5.319365e-97 4.132694e-155
[1]  2.746880e-68  5.314299e-97 4.139288e-155
Algorithm did not converge after  200  iterations.
[1] 7.331760e-136 1.110676e-194 1.299127e-294
Algorithm converged after  8  iterations.
[1] 0.1605308
Algorithm converged after  2  iterations.
[1] 4.804084e-03 3.437832e-04 9.024802e-05
[1] 5.976735e-03 3.893129e-04 9.830057e-05
Algorithm converged after  14  iterations.
[1] 4.118452e-03 2.692024e-04 7.136282e-05
[1] 5.188212e-03 3.044641e-04 7.655545e-05
Algorithm converged after  14  iterations.
[1] 3.511738e-03 2.090734e-04 5.564244e-05
[1] 4.470353e-03 2.364274e-04 5.923279e-05
Algorithm converged after  13  iterations.
[1] 2.977171e-03 1.609724e-04 4.286621e-05
[1] 3.819591e-03 1.820479e-04 4.545419e-05
Algorithm converged after  13  iterations.
[1] 2.508424e-03 1.228400e-04 3.273192e-05
[1] 3.234844e-03 1.388439e-04 3.452157e-05
Algorithm converged after  12  iterations.
[1] 2.099548e-03 9.291844e-05 2.492411e-05
[1] 2.717131e-03 1.048620e-04 2.588303e-05
[1] 2.716948e-03 1.048644e-04 2.587894e-05
Algorithm converged after  26  iterations.
[1] 1.744936e-03 6.970988e-05 1.919747e-05
[1] 2.370665e-03 8.140380e-05 2.019564e-05
[1] 2.414536e-03 8.321696e-05 1.915853e-05
[1] 2.427808e-03 8.401072e-05 1.854303e-05
[1] 2.430364e-03 8.436729e-05 1.819743e-05
[1] 2.429488e-03 8.453079e-05 1.799800e-05
[1] 2.427754e-03 8.460639e-05 1.787853e-05
[1] 2.426054e-03 8.464129e-05 1.780476e-05
[1] 2.424652e-03 8.465726e-05 1.775799e-05
[1] 2.423577e-03 8.466445e-05 1.772769e-05
[1] 2.422786e-03 8.466759e-05 1.770771e-05
[1] 2.422216e-03 8.466890e-05 1.769437e-05
[1] 2.421811e-03 8.466938e-05 1.768538e-05
[1] 2.421527e-03 8.466952e-05 1.767927e-05
[1] 2.421328e-03 8.466953e-05 1.767510e-05
[1] 2.421189e-03 8.466949e-05 1.767225e-05
[1] 2.421093e-03 8.466943e-05 1.767029e-05
[1] 2.421026e-03 8.466939e-05 1.766894e-05
[1] 2.420980e-03 8.466935e-05 1.766801e-05
[1] 2.420948e-03 8.466933e-05 1.766737e-05
Algorithm did not converge after  200  iterations.
[1] 0.0014392952 0.0000519484 0.0000156280
[1] 1.905704e-03 6.171384e-05 1.214682e-05
[1] 2.011808e-03 6.274367e-05 1.384335e-05
[1] 2.014569e-03 6.313270e-05 1.423008e-05
[1] 2.010522e-03 6.339991e-05 1.391513e-05
[1] 2.010772e-03 6.366754e-05 1.389328e-05
[1] 2.007265e-03 6.384053e-05 1.378069e-05
[1] 2.003907e-03 6.398250e-05 1.370086e-05
[1] 2.000420e-03 6.409648e-05 1.363224e-05
[1] 1.996942e-03 6.418877e-05 1.357167e-05
[1] 1.993552e-03 6.426372e-05 1.351719e-05
[1] 1.990303e-03 6.432455e-05 1.346761e-05
[1] 1.987223e-03 6.437375e-05 1.342217e-05
[1] 1.984330e-03 6.441337e-05 1.338039e-05
[1] 1.981631e-03 6.444505e-05 1.334193e-05
[1] 1.979127e-03 6.447017e-05 1.330651e-05
[1] 1.976814e-03 6.448990e-05 1.327391e-05
[1] 1.974685e-03 6.450521e-05 1.324394e-05
[1] 1.972731e-03 6.451691e-05 1.321641e-05
[1] 1.970941e-03 6.452568e-05 1.319116e-05
Algorithm did not converge after  200  iterations.
[1] 1.177632e-03 3.858593e-05 1.492582e-05
[1] 1.524197e-03 4.413744e-05 8.662881e-06
[1] 1.504093e-03 4.359334e-05 1.190225e-05
[1] 1.522342e-03 4.435764e-05 8.642969e-06
[1] 1.561519e-03 4.474001e-05 8.909802e-06
[1] 1.459888e-03 4.331430e-05 1.260707e-05
[1] 1.441839e-03 4.328211e-05 1.133752e-05
[1] 1.489527e-03 4.380187e-05 1.013479e-05
[1] 1.432933e-03 4.328001e-05 1.106141e-05
[1] 1.512729e-03 4.452395e-05 8.873584e-06
[1] 1.424557e-03 4.337217e-05 1.140383e-05
[1] 1.470780e-03 4.397946e-05 1.366756e-05
[1] 1.415280e-03 4.351175e-05 1.012707e-05
[1] 1.569984e-03 4.502095e-05 9.775152e-06
[1] 1.401897e-03 4.347018e-05 1.094729e-05
[1] 1.402748e-03 4.365626e-05 1.304670e-05
[1] 1.473036e-03 4.444091e-05 9.361933e-06
[1] 1.443619e-03 4.412049e-05 9.872864e-06
[1] 1.426477e-03 4.396915e-05 1.171251e-05
[1] 1.370771e-03 4.369030e-05 1.150167e-05
Algorithm did not converge after  200  iterations.
[1] 9.552430e-04 2.879670e-05 1.477537e-05
[1] 1.187921e-03 3.147324e-05 1.462391e-05
Algorithm converged after  14  iterations.
[1] 7.677087e-04 2.192801e-05 1.313363e-05
[1] 9.478015e-04 2.438178e-05 1.453250e-05
Algorithm converged after  17  iterations.
[1] 6.108959e-04 1.715623e-05 1.003797e-05
[1] 7.455361e-04 1.956054e-05 1.106137e-05
Algorithm converged after  20  iterations.
