myseed=1394 

Attaching package: ‘pls’

The following object is masked from ‘package:stats’:

    loadings

Loading required package: lattice
Loading required package: ggplot2
Registered S3 methods overwritten by 'ggplot2':
  method         from 
  [.quosures     rlang
  c.quosures     rlang
  print.quosures rlang

Attaching package: ‘caret’

The following object is masked from ‘package:pls’:

    R2

Loading required package: Matrix
Loading required package: foreach
Loaded glmnet 2.0-18

Parsed with column specification:
cols(
  .default = col_double()
)
See spec(...) for full column specifications.
Parsed with column specification:
cols(
  X1 = col_double()
)
Parsed with column specification:
cols(
  X1 = col_double()
)
[1] "Best 2step parameter is:"
     gam    rankJ   rankA1   rankA2   rankA3 
9.714286 2.000000 1.000000 0.000000 0.000000 
[1] 0.004958649
Algorithm converged after  2  iterations.
[1] 0.004259408
Algorithm converged after  2  iterations.
[1] 0.003639168
Algorithm converged after  2  iterations.
[1] 0.003091374
Algorithm converged after  2  iterations.
[1] 0.002609872
Algorithm converged after  2  iterations.
[1] 0.002188857
Algorithm converged after  2  iterations.
[1] 0.00182283
Algorithm converged after  2  iterations.
[1] 0.001506582
Algorithm converged after  2  iterations.
[1] 0.001235174
Algorithm converged after  2  iterations.
[1] 0.001003934
Algorithm converged after  2  iterations.
[1] 0.0008084542
Algorithm converged after  2  iterations.
[1] 0.0006445941
Algorithm converged after  2  iterations.
[1] 0.0005084833
Algorithm converged after  2  iterations.
[1] 0.000396526
Algorithm converged after  2  iterations.
[1] 0.000305406
Algorithm converged after  2  iterations.
[1] 0.000232089
Algorithm converged after  2  iterations.
[1] 0.0001738241
Algorithm converged after  2  iterations.
[1] 0.0001281408
Algorithm converged after  2  iterations.
[1] 9.2845e-05
Algorithm converged after  2  iterations.
[1] 6.600995e-05
Algorithm converged after  2  iterations.
[1] 4.596498e-05
Algorithm converged after  2  iterations.
[1] 3.128113e-05
Algorithm converged after  2  iterations.
[1] 2.075441e-05
Algorithm converged after  2  iterations.
[1] 1.338704e-05
Algorithm converged after  2  iterations.
[1] 8.367349e-06
Algorithm converged after  2  iterations.
[1] 5.048638e-06
Algorithm converged after  2  iterations.
[1] 2.92767e-06
Algorithm converged after  2  iterations.
[1] 1.623211e-06
Algorithm converged after  2  iterations.
[1] 8.551961e-07
Algorithm converged after  2  iterations.
[1] 4.250303e-07
Algorithm converged after  2  iterations.
[1] 1.97528e-07
Algorithm converged after  2  iterations.
[1] 8.493421e-08
Algorithm converged after  2  iterations.
[1] 3.335415e-08
Algorithm converged after  2  iterations.
[1] 1.177269e-08
Algorithm converged after  2  iterations.
[1] 3.660738e-09
Algorithm converged after  2  iterations.
[1] 9.777419e-10
Algorithm converged after  2  iterations.
[1] 2.171185e-10
Algorithm converged after  2  iterations.
[1] 3.841438e-11
Algorithm converged after  2  iterations.
[1] 5.116394e-12
Algorithm converged after  2  iterations.
[1] 4.747882e-13
Algorithm converged after  2  iterations.
[1] 2.754614e-14
Algorithm converged after  2  iterations.
[1] 8.544974e-16
Algorithm converged after  2  iterations.
[1] 1.12089e-17
Algorithm converged after  2  iterations.
[1] 4.300629e-20
Algorithm converged after  2  iterations.
[1] 2.611206e-23
Algorithm converged after  2  iterations.
[1] 8.305035e-28
Algorithm converged after  2  iterations.
[1] 1.516399e-34
Algorithm converged after  2  iterations.
[1] 9.138705e-46
Algorithm converged after  2  iterations.
[1] 3.457219e-68
Algorithm converged after  2  iterations.
[1] 2.04661e-135
Algorithm converged after  2  iterations.
[1] 0.172237
Algorithm converged after  2  iterations.
[1] 0.0049586490 0.0007516316
[1] 0.0083291992 0.0009929602
Algorithm converged after  14  iterations.
[1] 0.0042594075 0.0005953527
[1] 0.0071681580 0.0007820727
Algorithm converged after  13  iterations.
[1] 0.0036391676 0.0004671264
[1] 0.0061233574 0.0006107284
Algorithm converged after  12  iterations.
[1] 0.0030913735 0.0003627693
[1] 0.0051905593 0.0004724046
Algorithm converged after  11  iterations.
[1] 0.0026098721 0.0002786529
[1] 0.0043645824 0.0003616756
Algorithm converged after  11  iterations.
[1] 0.002188857 0.000211577
Algorithm converged after  10  iterations.
[1] 0.001822830 0.000158709
Algorithm converged after  10  iterations.
[1] 0.001506582 0.000117553
Algorithm converged after  9  iterations.
[1] 1.235174e-03 8.593033e-05
Algorithm converged after  8  iterations.
[1] 1.003934e-03 6.196253e-05
Algorithm converged after  8  iterations.
[1] 8.084542e-04 4.405257e-05
Algorithm converged after  8  iterations.
[1] 6.445941e-04 3.086255e-05
Algorithm converged after  8  iterations.
[1] 5.084833e-04 2.128999e-05
Algorithm converged after  7  iterations.
[1] 0.000396526 0.000014444
Algorithm converged after  6  iterations.
[1] 3.054060e-04 9.621015e-06
Algorithm converged after  7  iterations.
[1] 2.32089e-04 6.27791e-06
Algorithm converged after  7  iterations.
[1] 1.738241e-04 4.002671e-06
Algorithm converged after  8  iterations.
[1] 1.281408e-04 2.486533e-06
Algorithm converged after  8  iterations.
[1] 9.284500e-05 1.500475e-06
Algorithm converged after  8  iterations.
[1] 6.600995e-05 8.766846e-07
Algorithm converged after  8  iterations.
[1] 4.596498e-05 4.942194e-07
Algorithm converged after  8  iterations.
[1] 3.128113e-05 2.677945e-07
Algorithm converged after  8  iterations.
[1] 2.075441e-05 1.388854e-07
Algorithm converged after  8  iterations.
[1] 1.338704e-05 6.861686e-08
Algorithm converged after  7  iterations.
[1] 8.367349e-06 3.212142e-08
Algorithm converged after  7  iterations.
[1] 5.048638e-06 1.416053e-08
Algorithm converged after  7  iterations.
[1] 2.927670e-06 5.837134e-09
Algorithm converged after  7  iterations.
[1] 1.623211e-06 2.231291e-09
Algorithm converged after  7  iterations.
[1] 8.551961e-07 7.832809e-10
Algorithm converged after  7  iterations.
[1] 4.250303e-07 2.496115e-10
Algorithm converged after  7  iterations.
[1] 1.975280e-07 7.121833e-11
Algorithm converged after  6  iterations.
[1] 8.493421e-08 1.789139e-11
Algorithm converged after  6  iterations.
[1] 3.335415e-08 3.877636e-12
Algorithm converged after  6  iterations.
[1] 1.177269e-08 7.070209e-13
Algorithm converged after  6  iterations.
[1] 3.660738e-09 1.050958e-13
Algorithm converged after  6  iterations.
[1] 9.777419e-10 1.223862e-14
Algorithm converged after  5  iterations.
[1] 2.171185e-10 1.060805e-15
Algorithm converged after  5  iterations.
[1] 3.841438e-11 6.400382e-17
Algorithm converged after  5  iterations.
[1] 5.116394e-12 2.458355e-18
Algorithm converged after  5  iterations.
[1] 4.747882e-13 5.321401e-20
Algorithm converged after  4  iterations.
[1] 2.754614e-14 5.473100e-22
Algorithm converged after  4  iterations.
[1] 8.544974e-16 2.090197e-24
Algorithm converged after  4  iterations.
[1] 1.120890e-17 2.047626e-27
Algorithm converged after  4  iterations.
[1] 4.300629e-20 2.877326e-31
Algorithm converged after  4  iterations.
[1] 2.611206e-23 2.201403e-36
Algorithm converged after  4  iterations.
[1] 8.305035e-28 1.603970e-43
Algorithm converged after  5  iterations.
[1] 1.516399e-34 3.406538e-54
Algorithm converged after  5  iterations.
[1] 9.138705e-46 6.187288e-72
Algorithm converged after  5  iterations.
[1]  3.457219e-68 2.434840e-107
Algorithm converged after  5  iterations.
[1] 2.046610e-135 2.191718e-213
Algorithm converged after  6  iterations.
[1] 0.1678402
Algorithm converged after  2  iterations.
[1] 0.0049586490 0.0004240547
Algorithm converged after  9  iterations.
[1] 0.0042594075 0.0003272004
Algorithm converged after  8  iterations.
[1] 0.003639168 0.000251977
Algorithm converged after  8  iterations.
[1] 0.0030913735 0.0001947806
Algorithm converged after  7  iterations.
[1] 0.0026098721 0.0001576771
Algorithm converged after  8  iterations.
[1] 0.0021888568 0.0001332591
Algorithm converged after  9  iterations.
[1] 0.0018228304 0.0001132364
Algorithm converged after  9  iterations.
[1] 1.506582e-03 9.615815e-05
Algorithm converged after  9  iterations.
[1] 1.235174e-03 8.133111e-05
Algorithm converged after  9  iterations.
[1] 1.003934e-03 6.834394e-05
Algorithm converged after  8  iterations.
[1] 8.084542e-04 5.692906e-05
Algorithm converged after  8  iterations.
[1] 6.445941e-04 4.690342e-05
Algorithm converged after  8  iterations.
[1] 5.084833e-04 3.813706e-05
Algorithm converged after  7  iterations.
[1] 3.965260e-04 3.053319e-05
Algorithm converged after  7  iterations.
[1] 3.054060e-04 2.401376e-05
Algorithm converged after  7  iterations.
[1] 2.320890e-04 1.850825e-05
Algorithm converged after  6  iterations.
[1] 1.738241e-04 1.394496e-05
Algorithm converged after  6  iterations.
[1] 1.281408e-04 1.024516e-05
Algorithm converged after  6  iterations.
[1] 9.284500e-05 7.320445e-06
Algorithm converged after  6  iterations.
[1] 6.600995e-05 5.073288e-06
Algorithm converged after  6  iterations.
[1] 4.596498e-05 3.400264e-06
Algorithm converged after  6  iterations.
[1] 3.128113e-05 2.197021e-06
Algorithm converged after  6  iterations.
[1] 2.075441e-05 1.363741e-06
Algorithm converged after  6  iterations.
[1] 1.338704e-05 8.100027e-07
Algorithm converged after  6  iterations.
[1] 8.367349e-06 4.582795e-07
Algorithm converged after  6  iterations.
[1] 5.048638e-06 2.456885e-07
Algorithm converged after  6  iterations.
[1] 2.927670e-06 1.240469e-07
Algorithm converged after  6  iterations.
[1] 1.623211e-06 5.855933e-08
Algorithm converged after  6  iterations.
[1] 8.551961e-07 2.562661e-08
Algorithm converged after  6  iterations.
[1] 4.250303e-07 1.029012e-08
Algorithm converged after  6  iterations.
[1] 1.975280e-07 3.744754e-09
Algorithm converged after  6  iterations.
[1] 8.493421e-08 1.216722e-09
Algorithm converged after  6  iterations.
[1] 3.335415e-08 3.465373e-10
Algorithm converged after  6  iterations.
[1] 1.177269e-08 8.457260e-11
Algorithm converged after  6  iterations.
[1] 3.660738e-09 1.718997e-11
Algorithm converged after  6  iterations.
[1] 9.777419e-10 2.806851e-12
Algorithm converged after  6  iterations.
[1] 2.171185e-10 3.514824e-13
Algorithm converged after  6  iterations.
[1] 3.841438e-11 3.176518e-14
Algorithm converged after  6  iterations.
[1] 5.116394e-12 1.910661e-15
Algorithm converged after  6  iterations.
[1] 4.747882e-13 6.848809e-17
Algorithm converged after  6  iterations.
[1] 2.754614e-14 1.253317e-18
Algorithm converged after  6  iterations.
[1] 8.544974e-16 9.364206e-21
Algorithm converged after  5  iterations.
[1] 1.120890e-17 2.043011e-23
Algorithm converged after  5  iterations.
[1] 4.300629e-20 7.686126e-27
Algorithm converged after  5  iterations.
[1] 2.611206e-23 2.072754e-31
Algorithm converged after  5  iterations.
[1] 8.305035e-28 8.253022e-38
Algorithm converged after  5  iterations.
[1] 1.516399e-34 2.058882e-47
Algorithm converged after  5  iterations.
[1] 9.138705e-46 2.022145e-63
Algorithm converged after  5  iterations.
[1] 3.457219e-68 1.941806e-95
Algorithm converged after  5  iterations.
[1] 2.046610e-135 1.727682e-191
Algorithm converged after  5  iterations.
[1] 0.1640702
Algorithm converged after  2  iterations.
[1] 0.0049586490 0.0004032424
[1] 0.0070414958 0.0005828873
[1] 0.0065248079 0.0005927174
Algorithm converged after  26  iterations.
[1] 0.0042594075 0.0003165129
[1] 0.0054253346 0.0004707649
Algorithm converged after  19  iterations.
[1] 0.0036391676 0.0002460611
[1] 0.0045194694 0.0003720054
Algorithm converged after  16  iterations.
[1] 0.0030913735 0.0001894122
[1] 0.0037680171 0.0002936466
Algorithm converged after  13  iterations.
[1] 0.0026098721 0.0001443674
[1] 0.0031387030 0.0002321552
Algorithm converged after  12  iterations.
[1] 0.0021888568 0.0001089826
[1] 0.0026137901 0.0001823966
Algorithm converged after  11  iterations.
[1] 1.822830e-03 8.155637e-05
Algorithm converged after  10  iterations.
[1] 1.506582e-03 6.062535e-05
Algorithm converged after  9  iterations.
[1] 1.235174e-03 4.497028e-05
Algorithm converged after  9  iterations.
[1] 1.003934e-03 3.362884e-05
Algorithm converged after  9  iterations.
[1] 8.084542e-04 2.572374e-05
Algorithm converged after  9  iterations.
[1] 6.445941e-04 2.012881e-05
Algorithm converged after  8  iterations.
[1] 5.084833e-04 1.593452e-05
Algorithm converged after  7  iterations.
[1] 3.965260e-04 1.263904e-05
Algorithm converged after  8  iterations.
[1] 3.054060e-04 9.970759e-06
Algorithm converged after  8  iterations.
[1] 2.320890e-04 7.776221e-06
Algorithm converged after  8  iterations.
[1] 1.738241e-04 5.965158e-06
Algorithm converged after  8  iterations.
[1] 1.281408e-04 4.480892e-06
Algorithm converged after  8  iterations.
[1] 9.284500e-05 3.283088e-06
Algorithm converged after  8  iterations.
[1] 6.600995e-05 2.337776e-06
Algorithm converged after  8  iterations.
[1] 4.596498e-05 1.612214e-06
Algorithm converged after  8  iterations.
[1] 3.128113e-05 1.073102e-06
Algorithm converged after  8  iterations.
[1] 2.075441e-05 6.868948e-07
Algorithm converged after  8  iterations.
[1] 1.338704e-05 4.211794e-07
Algorithm converged after  7  iterations.
[1] 8.367349e-06 2.463005e-07
Algorithm converged after  7  iterations.
[1] 5.048638e-06 1.366790e-07
Algorithm converged after  7  iterations.
[1] 2.927670e-06 7.155473e-08
Algorithm converged after  7  iterations.
[1] 1.623211e-06 3.509853e-08
Algorithm converged after  7  iterations.
[1] 8.551961e-07 1.599961e-08
Algorithm converged after  7  iterations.
[1] 4.250303e-07 6.712121e-09
Algorithm converged after  7  iterations.
[1] 1.975280e-07 2.561115e-09
Algorithm converged after  7  iterations.
[1] 8.493421e-08 8.762042e-10
Algorithm converged after  7  iterations.
[1] 3.335415e-08 2.641022e-10
Algorithm converged after  7  iterations.
[1] 1.177269e-08 6.862733e-11
Algorithm converged after  7  iterations.
[1] 3.660738e-09 1.496126e-11
Algorithm converged after  7  iterations.
[1] 9.777419e-10 2.643645e-12
Algorithm converged after  7  iterations.
[1] 2.171185e-10 3.621762e-13
Algorithm converged after  6  iterations.
[1] 3.841438e-11 3.629835e-14
Algorithm converged after  6  iterations.
[1] 5.116394e-12 2.462914e-15
Algorithm converged after  6  iterations.
[1] 4.747882e-13 1.017884e-16
Algorithm converged after  6  iterations.
[1] 2.754614e-14 2.209807e-18
Algorithm converged after  6  iterations.
[1] 8.544974e-16 2.034989e-20
Algorithm converged after  6  iterations.
[1] 1.120890e-17 5.768125e-23
Algorithm converged after  6  iterations.
[1] 4.300629e-20 3.040164e-26
Algorithm converged after  6  iterations.
[1] 2.611206e-23 1.286383e-30
Algorithm converged after  5  iterations.
[1] 8.305035e-28 9.635731e-37
Algorithm converged after  5  iterations.
[1] 1.516399e-34 6.213980e-46
Algorithm converged after  5  iterations.
[1] 9.138705e-46 2.979533e-61
Algorithm converged after  5  iterations.
[1] 3.457219e-68 6.848194e-92
Algorithm converged after  5  iterations.
[1] 2.046610e-135 8.429433e-184
Algorithm converged after  5  iterations.
[1] 0.1616274
Algorithm converged after  2  iterations.
[1] 0.0049586490 0.0008637252
Algorithm converged after  2  iterations.
[1] 0.0042594075 0.0006908307
Algorithm converged after  2  iterations.
[1] 0.0036391676 0.0005501287
Algorithm converged after  2  iterations.
[1] 0.0030913735 0.0004370285
Algorithm converged after  2  iterations.
[1] 0.0026098721 0.0003476878
Algorithm converged after  2  iterations.
[1] 0.0021888568 0.0002796126
Algorithm converged after  2  iterations.
[1] 0.0018228304 0.0002319351
Algorithm converged after  2  iterations.
[1] 0.0015065823 0.0001980625
Algorithm converged after  2  iterations.
[1] 0.0012351741 0.0001710318
Algorithm converged after  2  iterations.
[1] 0.0010039338 0.0001480032
Algorithm converged after  2  iterations.
[1] 0.0008084542 0.0001276763
Algorithm converged after  2  iterations.
[1] 0.0006445941 0.0001093780
Algorithm converged after  2  iterations.
[1] 5.084833e-04 9.275619e-05
Algorithm converged after  2  iterations.
[1] 3.965260e-04 7.764486e-05
Algorithm converged after  2  iterations.
[1] 3.054060e-04 6.398832e-05
Algorithm converged after  2  iterations.
[1] 2.320890e-04 5.178946e-05
Algorithm converged after  2  iterations.
[1] 0.0001738241 0.0000410702
Algorithm converged after  2  iterations.
[1] 1.281408e-04 3.184132e-05
Algorithm converged after  2  iterations.
[1] 9.284500e-05 2.408179e-05
Algorithm converged after  2  iterations.
[1] 6.600995e-05 1.772834e-05
Algorithm converged after  2  iterations.
[1] 4.596498e-05 1.267467e-05
Algorithm converged after  2  iterations.
[1] 3.128113e-05 8.778600e-06
Algorithm converged after  2  iterations.
[1] 2.075441e-05 5.874169e-06
Algorithm converged after  2  iterations.
[1] 1.338704e-05 3.785734e-06
Algorithm converged after  2  iterations.
[1] 8.367349e-06 2.341404e-06
Algorithm converged after  2  iterations.
[1] 5.048638e-06 1.383890e-06
Algorithm converged after  2  iterations.
[1] 2.927670e-06 7.778146e-07
Algorithm converged after  2  iterations.
[1] 1.623211e-06 4.132850e-07
Algorithm converged after  2  iterations.
[1] 8.551961e-07 2.061478e-07
Algorithm converged after  2  iterations.
[1] 4.250303e-07 9.572167e-08
Algorithm converged after  2  iterations.
[1] 1.975280e-07 4.095718e-08
Algorithm converged after  2  iterations.
[1] 8.493421e-08 1.595019e-08
Algorithm converged after  2  iterations.
[1] 3.335415e-08 5.568307e-09
Algorithm converged after  2  iterations.
[1] 1.177269e-08 1.710135e-09
Algorithm converged after  2  iterations.
[1] 3.660738e-09 4.512811e-10
Algorithm converged after  2  iterations.
[1] 9.777419e-10 9.930707e-11
Algorithm converged after  2  iterations.
[1] 2.171185e-10 1.753482e-11
Algorithm converged after  2  iterations.
[1] 3.841438e-11 2.362192e-12
Algorithm converged after  2  iterations.
[1] 5.116394e-12 2.269912e-13
Algorithm converged after  2  iterations.
[1] 4.747882e-13 1.419479e-14
Algorithm converged after  2  iterations.
[1] 2.754614e-14 5.080000e-16
Algorithm converged after  2  iterations.
[1] 8.544974e-16 8.641332e-18
Algorithm converged after  2  iterations.
[1] 1.120890e-17 5.288319e-20
Algorithm converged after  2  iterations.
[1] 4.300629e-20 7.515867e-23
Algorithm converged after  2  iterations.
[1] 2.611206e-23 1.195997e-26
Algorithm converged after  2  iterations.
[1] 8.305035e-28 5.731462e-32
Algorithm converged after  2  iterations.
[1] 1.516399e-34 5.983876e-40
Algorithm converged after  2  iterations.
[1] 9.138705e-46 2.968334e-53
Algorithm converged after  2  iterations.
[1] 3.457219e-68 7.258789e-80
Algorithm converged after  2  iterations.
[1] 2.046610e-135 1.053234e-159
Algorithm converged after  2  iterations.
[1] 0.149117
Algorithm converged after  2  iterations.
[1] 0.0049586490 0.0007516316 0.0002125033
[1] 0.0058364446 0.0008002906 0.0002231288
Algorithm converged after  11  iterations.
[1] 0.0042594075 0.0005953527 0.0001659300
[1] 0.0051188644 0.0006370510 0.0001717854
Algorithm converged after  11  iterations.
[1] 0.0036391676 0.0004671264 0.0001278184
[1] 0.0044855852 0.0005033907 0.0001314850
Algorithm converged after  11  iterations.
[1] 3.091374e-03 3.627693e-04 9.760193e-05
Algorithm converged after  10  iterations.
[1] 2.609872e-03 2.786529e-04 7.418084e-05
Algorithm converged after  9  iterations.
[1] 0.0021888568 0.0002115770 0.0000563388
Algorithm converged after  9  iterations.
[1] 1.822830e-03 1.587090e-04 4.295317e-05
Algorithm converged after  10  iterations.
[1] 1.506582e-03 1.175530e-04 3.311104e-05
[1] 1.974805e-03 1.299312e-04 3.425843e-05
Algorithm converged after  11  iterations.
[1] 1.235174e-03 8.593033e-05 2.610408e-05
[1] 1.645667e-03 9.649482e-05 2.930429e-05
Algorithm converged after  12  iterations.
[1] 1.003934e-03 6.196253e-05 2.103686e-05
[1] 1.362552e-03 7.088575e-05 2.566190e-05
Algorithm converged after  11  iterations.
[1] 8.084542e-04 4.405257e-05 1.697765e-05
[1] 1.108975e-03 5.118503e-05 2.151237e-05
Algorithm converged after  11  iterations.
[1] 6.445941e-04 3.086255e-05 1.345292e-05
Algorithm converged after  10  iterations.
[1] 5.084833e-04 2.128999e-05 1.031175e-05
Algorithm converged after  10  iterations.
[1] 3.965260e-04 1.444400e-05 7.580199e-06
Algorithm converged after  10  iterations.
[1] 3.054060e-04 9.621015e-06 5.333124e-06
Algorithm converged after  10  iterations.
[1] 2.320890e-04 6.277910e-06 3.597887e-06
Algorithm converged after  10  iterations.
[1] 1.738241e-04 4.002671e-06 2.333491e-06
Algorithm converged after  10  iterations.
[1] 1.281408e-04 2.486533e-06 1.457430e-06
Algorithm converged after  9  iterations.
[1] 9.284500e-05 1.500475e-06 8.769089e-07
Algorithm converged after  9  iterations.
[1] 6.600995e-05 8.766846e-07 5.078563e-07
Algorithm converged after  9  iterations.
[1] 4.596498e-05 4.942194e-07 2.825746e-07
Algorithm converged after  9  iterations.
[1] 3.128113e-05 2.677945e-07 1.506332e-07
Algorithm converged after  9  iterations.
[1] 2.075441e-05 1.388854e-07 7.665178e-08
Algorithm converged after  9  iterations.
[1] 1.338704e-05 6.861686e-08 3.706658e-08
Algorithm converged after  8  iterations.
[1] 8.367349e-06 3.212142e-08 1.694133e-08
Algorithm converged after  8  iterations.
[1] 5.048638e-06 1.416053e-08 7.271360e-09
Algorithm converged after  8  iterations.
[1] 2.927670e-06 5.837134e-09 2.908495e-09
Algorithm converged after  8  iterations.
[1] 1.623211e-06 2.231291e-09 1.074420e-09
Algorithm converged after  7  iterations.
[1] 8.551961e-07 7.832809e-10 3.626267e-10
Algorithm converged after  7  iterations.
[1] 4.250303e-07 2.496115e-10 1.103945e-10
Algorithm converged after  7  iterations.
[1] 1.975280e-07 7.121833e-11 2.984909e-11
Algorithm converged after  7  iterations.
[1] 8.493421e-08 1.789139e-11 7.035396e-12
Algorithm converged after  7  iterations.
[1] 3.335415e-08 3.877636e-12 1.412837e-12
Algorithm converged after  6  iterations.
[1] 1.177269e-08 7.070209e-13 2.350080e-13
Algorithm converged after  6  iterations.
[1] 3.660738e-09 1.050958e-13 3.125669e-14
Algorithm converged after  6  iterations.
[1] 9.777419e-10 1.223862e-14 3.178940e-15
Algorithm converged after  6  iterations.
[1] 2.171185e-10 1.060805e-15 2.334441e-16
Algorithm converged after  5  iterations.
[1] 3.841438e-11 6.400382e-17 1.148349e-17
Algorithm converged after  5  iterations.
[1] 5.116394e-12 2.458355e-18 3.424063e-19
Algorithm converged after  5  iterations.
[1] 4.747882e-13 5.321401e-20 5.400096e-21
Algorithm converged after  5  iterations.
[1] 2.754614e-14 5.473100e-22 3.722232e-23
Algorithm converged after  5  iterations.
[1] 8.544974e-16 2.090197e-24 8.513050e-26
Algorithm converged after  5  iterations.
[1] 1.120890e-17 2.047626e-27 4.273235e-29
Algorithm converged after  5  iterations.
[1] 4.300629e-20 2.877326e-31 2.458974e-33
Algorithm converged after  5  iterations.
[1] 2.611206e-23 2.201403e-36 5.494989e-39
Algorithm converged after  5  iterations.
[1] 8.305035e-28 1.603970e-43 6.794572e-47
Algorithm converged after  5  iterations.
[1] 1.516399e-34 3.406538e-54 9.437120e-59
Algorithm converged after  5  iterations.
[1] 9.138705e-46 6.187288e-72 1.654830e-78
Algorithm converged after  5  iterations.
[1]  3.457219e-68 2.434840e-107 5.200008e-118
Algorithm converged after  6  iterations.
[1] 2.046610e-135 2.191718e-213 1.685129e-236
Algorithm converged after  6  iterations.
[1] 0.1657638
Algorithm converged after  2  iterations.
[1] 4.958649e-03 4.240547e-04 9.624305e-05
[1] 0.0047231196 0.0004593822 0.0001281660
Algorithm converged after  17  iterations.
[1] 4.259408e-03 3.272004e-04 8.386203e-05
[1] 0.0039155316 0.0003601183 0.0001237688
Algorithm converged after  18  iterations.
[1] 3.639168e-03 2.519770e-04 7.702887e-05
[1] 0.0031688558 0.0002781118 0.0001230414
[1] 0.0031734909 0.0002810789 0.0001241730
[1] 0.0031715164 0.0002892664 0.0001497208
[1] 0.0031723267 0.0002918628 0.0001590590
[1] 0.0031735982 0.0002921851 0.0001601736
[1] 0.0031738044 0.0002922274 0.0001603203
[1] 0.0031738333 0.0002922331 0.0001603402
[1] 0.0031738372 0.0002922339 0.0001603429
Algorithm converged after  90  iterations.
[1] 3.091374e-03 1.947806e-04 7.867387e-05
[1] 0.0026189608 0.0002191004 0.0001285871
[1] 0.0026190745 0.0002193148 0.0001288725
Algorithm converged after  28  iterations.
[1] 2.609872e-03 1.576771e-04 9.837957e-05
[1] 2.158315e-03 1.578894e-04 9.695086e-05
[1] 2.158162e-03 1.576923e-04 9.670716e-05
[1] 2.158150e-03 1.576691e-04 9.667873e-05
[1] 0.0021581492 0.0001576665 0.0000966755
[1] 2.158149e-03 1.576662e-04 9.667514e-05
Algorithm converged after  52  iterations.
[1] 2.188857e-03 1.332591e-04 7.480243e-05
[1] 0.0017752724 0.0001271644 0.0000747624
Algorithm converged after  14  iterations.
[1] 1.822830e-03 1.132364e-04 5.463159e-05
[1] 1.458636e-03 1.059354e-04 5.570581e-05
Algorithm converged after  14  iterations.
[1] 1.506582e-03 9.615815e-05 3.907508e-05
[1] 1.201294e-03 8.933923e-05 4.042850e-05
Algorithm converged after  14  iterations.
[1] 1.235174e-03 8.133111e-05 2.746863e-05
[1] 9.950168e-04 7.552813e-05 2.870758e-05
Algorithm converged after  14  iterations.
[1] 1.003934e-03 6.834394e-05 1.899497e-05
[1] 8.345234e-04 6.378772e-05 1.999086e-05
Algorithm converged after  16  iterations.
[1] 8.084542e-04 5.692906e-05 1.292309e-05
[1] 7.094276e-04 5.397379e-05 1.371580e-05
Algorithm converged after  15  iterations.
[1] 6.445941e-04 4.690342e-05 8.651372e-06
[1] 5.967025e-04 4.552865e-05 9.314512e-06
Algorithm converged after  12  iterations.
[1] 5.084833e-04 3.813706e-05 5.703571e-06
Algorithm converged after  10  iterations.
[1] 3.965260e-04 3.053319e-05 3.709884e-06
Algorithm converged after  8  iterations.
[1] 3.054060e-04 2.401376e-05 2.384395e-06
Algorithm converged after  8  iterations.
[1] 2.320890e-04 1.850825e-05 1.512746e-06
Algorithm converged after  8  iterations.
[1] 1.738241e-04 1.394496e-05 9.446097e-07
Algorithm converged after  8  iterations.
[1] 1.281408e-04 1.024516e-05 5.785193e-07
Algorithm converged after  8  iterations.
[1] 9.284500e-05 7.320445e-06 3.462639e-07
Algorithm converged after  7  iterations.
[1] 6.600995e-05 5.073288e-06 2.018107e-07
Algorithm converged after  7  iterations.
[1] 4.596498e-05 3.400264e-06 1.141025e-07
Algorithm converged after  7  iterations.
[1] 3.128113e-05 2.197021e-06 6.233388e-08
[1] 3.780125e-05 2.366031e-06 2.608666e-08
Algorithm converged after  18  iterations.
[1] 2.075441e-05 1.363741e-06 1.478495e-08
[1] 2.364123e-05 1.429863e-06 1.333755e-08
Algorithm converged after  15  iterations.
[1] 1.338704e-05 8.100027e-07 6.766611e-09
[1] 1.569331e-05 8.518603e-07 5.843260e-09
Algorithm converged after  12  iterations.
[1] 8.367349e-06 4.582795e-07 2.948765e-09
Algorithm converged after  10  iterations.
[1] 5.048638e-06 2.456885e-07 3.581127e-09
[1] 5.817850e-06 2.521703e-07 1.240843e-09
[1] 5.982991e-06 2.567350e-07 9.897453e-10
Algorithm converged after  21  iterations.
[1] 2.927670e-06 1.240469e-07 1.525735e-09
[1] 3.591580e-06 1.303098e-07 3.519361e-10
Algorithm converged after  11  iterations.
[1] 1.623211e-06 5.855933e-08 1.258123e-10
[1] 1.943383e-06 6.093232e-08 1.251889e-10
Algorithm converged after  11  iterations.
[1] 8.551961e-07 2.562661e-08 3.793572e-11
Algorithm converged after  9  iterations.
[1] 4.250303e-07 1.029012e-08 1.027261e-11
[1] 5.377983e-07 1.077955e-08 1.003467e-11
[1] 5.471044e-07 1.084818e-08 1.491691e-11
[1] 5.356874e-07 1.077667e-08 1.639917e-11
[1] 5.532060e-07 1.085468e-08 9.552462e-12
[1] 5.740265e-07 1.096036e-08 9.058627e-12
[1] 5.606068e-07 1.089618e-08 2.067522e-21
[1] 5.375913e-07 1.078652e-08 6.361687e-11
[1] 5.642905e-07 1.086335e-08 6.989158e-11
[1] 5.489214e-07 1.081073e-08 9.680306e-12
Algorithm converged after  97  iterations.
[1] 1.975280e-07 3.744754e-09 2.458771e-12
[1] 2.572093e-07 3.930571e-09 4.143233e-12
[1] 2.574345e-07 3.936624e-09 2.365412e-12
[1] 2.595662e-07 3.944640e-09 8.078736e-20
[1] 2.593259e-07 3.944870e-09 2.836081e-21
[1] 2.553789e-07 3.931775e-09 1.939549e-11
[1] 2.534470e-07 3.931722e-09 4.733780e-21
[1] 2.569771e-07 3.931901e-09 2.335146e-12
Algorithm converged after  79  iterations.
[1] 8.493421e-08 1.216722e-09 5.101751e-13
Algorithm converged after  9  iterations.
[1] 3.335415e-08 3.465373e-10 8.960463e-14
[1] 4.414868e-08 3.632135e-10 1.661977e-20
[1] 4.346319e-08 3.625984e-10 5.636509e-24
[1] 4.364133e-08 3.631115e-10 8.385774e-14
[1] 4.415308e-08 3.633596e-10 7.433328e-21
[1] 4.439215e-08 3.637827e-10 8.792161e-14
Algorithm converged after  51  iterations.
[1] 1.177269e-08 8.457260e-11 3.949196e-22
Algorithm converged after  6  iterations.
[1] 3.660738e-09 1.718997e-11 4.239572e-14
[1] 4.828877e-09 1.792539e-11 1.300054e-28
Algorithm converged after  17  iterations.
[1] 9.777419e-10 2.806851e-12 5.421032e-16
[1] 1.293614e-09 2.921046e-12 1.268446e-16
Algorithm converged after  17  iterations.
[1] 2.171185e-10 3.514824e-13 4.980975e-16
Algorithm converged after  6  iterations.
[1] 3.841438e-11 3.176518e-14 3.260131e-17
Algorithm converged after  6  iterations.
[1] 5.116394e-12 1.910661e-15 1.362847e-18
Algorithm converged after  6  iterations.
[1] 4.747882e-13 6.848809e-17 3.220179e-20
Algorithm converged after  6  iterations.
[1] 2.754614e-14 1.253317e-18 3.624496e-22
Algorithm converged after  7  iterations.
[1] 8.544974e-16 9.364206e-21 1.517969e-24
Algorithm converged after  8  iterations.
[1] 1.120890e-17 2.043011e-23 2.675737e-31
Algorithm converged after  7  iterations.
[1] 4.300629e-20 7.686126e-27 3.213718e-33
Algorithm converged after  5  iterations.
[1] 2.611206e-23 2.072754e-31 1.618140e-38
Algorithm converged after  5  iterations.
[1] 8.305035e-28 8.253022e-38 6.646131e-46
Algorithm converged after  5  iterations.
[1] 1.516399e-34 2.058882e-47 6.134907e-57
Algorithm converged after  5  iterations.
[1] 9.138705e-46 2.022145e-63 2.950262e-75
Algorithm converged after  5  iterations.
[1]  3.457219e-68  1.941806e-95 9.530704e-112
Algorithm converged after  5  iterations.
[1] 2.046610e-135 1.727682e-191 8.904716e-221
Algorithm converged after  5  iterations.
[1] 0.1595057
Algorithm converged after  2  iterations.
[1] 0.0049586490 0.0004032424 0.0001093461
[1] 0.0060840078 0.0004561401 0.0001122131
Algorithm converged after  14  iterations.
[1] 4.259408e-03 3.165129e-04 8.270604e-05
[1] 5.340211e-03 3.595999e-04 8.420455e-05
Algorithm converged after  14  iterations.
[1] 3.639168e-03 2.460611e-04 6.222052e-05
[1] 0.0046733677 0.0002815466 0.0000629707
Algorithm converged after  14  iterations.
[1] 3.091374e-03 1.894122e-04 4.674222e-05
[1] 4.072731e-03 2.185667e-04 4.689067e-05
Algorithm converged after  13  iterations.
[1] 2.609872e-03 1.443674e-04 3.529354e-05
[1] 3.532491e-03 1.680303e-04 3.469834e-05
Algorithm converged after  13  iterations.
[1] 2.188857e-03 1.089826e-04 2.713673e-05
[1] 3.051519e-03 1.278948e-04 2.543242e-05
[1] 3.051404e-03 1.279042e-04 2.541951e-05
[1] 0.0030514014 0.0001279044 0.0000254192
Algorithm converged after  31  iterations.
[1] 1.822830e-03 8.155637e-05 2.195263e-05
[1] 2.658684e-03 9.689433e-05 1.945378e-05
[1] 2.683420e-03 9.757361e-05 1.897731e-05
[1] 2.696647e-03 9.796993e-05 1.854417e-05
[1] 2.703707e-03 9.820452e-05 1.824247e-05
[1] 2.707522e-03 9.835128e-05 1.802667e-05
[1] 2.709541e-03 9.844729e-05 1.786725e-05
[1] 2.710531e-03 9.851226e-05 1.774647e-05
[1] 2.710922e-03 9.855738e-05 1.765319e-05
[1] 2.710965e-03 9.858938e-05 1.758004e-05
[1] 2.710812e-03 9.861244e-05 1.752200e-05
[1] 2.710554e-03 9.862930e-05 1.747548e-05
[1] 2.710249e-03 9.864177e-05 1.743791e-05
[1] 2.709930e-03 9.865110e-05 1.740735e-05
[1] 2.709618e-03 9.865815e-05 1.738236e-05
[1] 2.709324e-03 9.866352e-05 1.736182e-05
[1] 2.709055e-03 9.866764e-05 1.734487e-05
[1] 2.708813e-03 9.867085e-05 1.733082e-05
[1] 2.708598e-03 9.867335e-05 1.731916e-05
[1] 2.708409e-03 9.867532e-05 1.730945e-05
Algorithm did not converge after  200  iterations.
[1] 1.506582e-03 6.062535e-05 1.997043e-05
[1] 2.218107e-03 7.191223e-05 1.259019e-05
[1] 2.183353e-03 7.171403e-05 1.209805e-05
[1] 2.243041e-03 7.183767e-05 1.434340e-05
[1] 2.235117e-03 7.171201e-05 1.364048e-05
[1] 2.224120e-03 7.138018e-05 1.344767e-05
[1] 2.232041e-03 7.152441e-05 1.356055e-05
[1] 2.231732e-03 7.144784e-05 1.357752e-05
[1] 2.233061e-03 7.138166e-05 1.369158e-05
[1] 2.240288e-03 7.135264e-05 1.427779e-05
[1] 2.240280e-03 7.127778e-05 1.428389e-05
[1] 2.242356e-03 7.121868e-05 1.448942e-05
[1] 2.234517e-03 7.097535e-05 1.426847e-05
[1] 2.244325e-03 7.107577e-05 1.474656e-05
[1] 2.229903e-03 7.078070e-05 1.409272e-05
[1] 2.242605e-03 7.090041e-05 1.475515e-05
[1] 2.230931e-03 7.066183e-05 1.424486e-05
[1] 2.239089e-03 7.071691e-05 1.466191e-05
[1] 2.232889e-03 7.056808e-05 1.443613e-05
[1] 2.234412e-03 7.053585e-05 1.454381e-05
Algorithm did not converge after  200  iterations.
[1] 1.235174e-03 4.497028e-05 1.943845e-05
[1] 1.675588e-03 5.093491e-05 1.843425e-05
Algorithm converged after  15  iterations.
[1] 1.003934e-03 3.362884e-05 1.840528e-05
[1] 1.327886e-03 3.778883e-05 2.038722e-05
Algorithm converged after  17  iterations.
[1] 8.084542e-04 2.572374e-05 1.533447e-05
[1] 1.023844e-03 2.908871e-05 1.765339e-05
Algorithm converged after  19  iterations.
[1] 6.445941e-04 2.012881e-05 1.135425e-05
[1] 7.680247e-04 2.296108e-05 1.284781e-05
Algorithm converged after  18  iterations.
[1] 5.084833e-04 1.593452e-05 7.954006e-06
[1] 5.685609e-04 1.826550e-05 8.892556e-06
Algorithm converged after  18  iterations.
[1] 3.965260e-04 1.263904e-05 5.399678e-06
[1] 4.252786e-04 1.458088e-05 6.014327e-06
Algorithm converged after  15  iterations.
[1] 3.054060e-04 9.970759e-06 3.580436e-06
[1] 3.211964e-04 1.156291e-05 3.981260e-06
Algorithm converged after  12  iterations.
[1] 2.320890e-04 7.776221e-06 2.324883e-06
[1] 2.424162e-04 9.030013e-06 2.577797e-06
Algorithm converged after  11  iterations.
[1] 1.738241e-04 5.965158e-06 1.478431e-06
Algorithm converged after  10  iterations.
[1] 1.281408e-04 4.480892e-06 9.194906e-07
Algorithm converged after  9  iterations.
[1] 9.284500e-05 3.283088e-06 5.580281e-07
Algorithm converged after  8  iterations.
[1] 6.600995e-05 2.337776e-06 3.295119e-07
Algorithm converged after  7  iterations.
[1] 4.596498e-05 1.612214e-06 1.886770e-07
[1] 4.850528e-05 1.799114e-06 2.089754e-07
Algorithm converged after  13  iterations.
[1] 3.128113e-05 1.073102e-06 4.130577e-13
[1] 3.295914e-05 1.179146e-06 1.187181e-07
Algorithm converged after  12  iterations.
[1] 2.075441e-05 6.868948e-07 5.551235e-08
[1] 2.362205e-05 7.641351e-07 1.988430e-14
Algorithm converged after  20  iterations.
[1] 1.338704e-05 4.211794e-07 1.953927e-16
[1] 1.450438e-05 4.633768e-07 3.046892e-08
Algorithm converged after  12  iterations.
[1] 8.367349e-06 2.463005e-07 1.660437e-20
[1] 9.477442e-06 2.792872e-07 1.228116e-08
Algorithm converged after  11  iterations.
[1] 5.048638e-06 1.366790e-07 1.797248e-18
Algorithm converged after  10  iterations.
[1] 2.927670e-06 7.155473e-08 2.698302e-09
Algorithm converged after  9  iterations.
[1] 1.623211e-06 3.509853e-08 4.274774e-10
Algorithm converged after  7  iterations.
[1] 8.551961e-07 1.599961e-08 1.442463e-10
Algorithm converged after  7  iterations.
[1] 4.250303e-07 6.712121e-09 4.388557e-11
Algorithm converged after  7  iterations.
[1] 1.975280e-07 2.561115e-09 1.186353e-11
Algorithm converged after  7  iterations.
[1] 8.493421e-08 8.762042e-10 2.798134e-12
Algorithm converged after  7  iterations.
[1] 3.335415e-08 2.641022e-10 5.630167e-13
[1] 4.591854e-08 3.021697e-10 5.749535e-13
Algorithm converged after  13  iterations.
[1] 1.177269e-08 6.862733e-11 9.398679e-14
[1] 1.589672e-08 7.703749e-11 9.583869e-14
Algorithm converged after  11  iterations.
[1] 3.660738e-09 1.496126e-11 1.257045e-14
Algorithm converged after  7  iterations.
[1] 9.777419e-10 2.643645e-12 1.288745e-15
[1] 1.302624e-09 2.908473e-12 1.305516e-15
Algorithm converged after  14  iterations.
[1] 2.171185e-10 3.621762e-13 9.567963e-17
Algorithm converged after  7  iterations.
[1] 3.841438e-11 3.629835e-14 4.775471e-18
[1] 4.931926e-11 3.894296e-14 2.628869e-17
[1] 5.122247e-11 3.945967e-14 4.776141e-18
Algorithm converged after  23  iterations.
[1] 5.116394e-12 2.462914e-15 1.451137e-19
Algorithm converged after  6  iterations.
[1] 4.747882e-13 1.017884e-16 2.345344e-21
Algorithm converged after  6  iterations.
[1] 2.754614e-14 2.209807e-18 1.668641e-23
Algorithm converged after  6  iterations.
[1] 8.544974e-16 2.034989e-20 1.393311e-27
[1] 1.065460e-15 2.125279e-20 1.386572e-27
[1] 1.064380e-15 2.124851e-20 1.347556e-27
[1] 1.065621e-15 2.125342e-20 1.405948e-27
[1] 1.064807e-15 2.125021e-20 1.373172e-27
[1] 1.065160e-15 2.125160e-20 1.414912e-27
[1] 1.064164e-15 2.124765e-20 1.368039e-27
[1] 1.065664e-15 2.125359e-20 1.359935e-27
[1] 1.064550e-15 2.124919e-20 1.378724e-27
[1] 1.064453e-15 2.124880e-20 1.415846e-27
[1] 1.064847e-15 2.125037e-20 1.392885e-27
[1] 1.065450e-15 2.125275e-20 1.413716e-27
[1] 1.065769e-15 2.125401e-20 1.327119e-27
[1] 1.064270e-15 2.124808e-20 1.353972e-27
[1] 1.064620e-15 2.124947e-20 1.332320e-27
[1] 1.065880e-15 2.125445e-20 1.413114e-27
[1] 1.065839e-15 2.125429e-20 1.411181e-27
[1] 1.064388e-15 2.124855e-20 1.373717e-27
[1] 1.065066e-15 2.125124e-20 1.378574e-27
[1] 1.065154e-15 2.125159e-20 1.367879e-27
Algorithm did not converge after  200  iterations.
[1] 1.120890e-17 5.768125e-23 5.751710e-52
[1] 1.412479e-17 6.009116e-23 6.441378e-63
[1] 1.417193e-17 6.011564e-23 2.111963e-29
Algorithm converged after  25  iterations.
[1] 4.300629e-20 3.040164e-26 4.061123e-41
[1] 5.350860e-20 3.146287e-26 1.670262e-37
[1] 5.390040e-20 3.150461e-26 1.306921e-33
[1] 5.402218e-20 3.151314e-26 1.672838e-37
[1] 5.794351e-20 3.188265e-26 5.775686e-70
[1] 5.344071e-20 3.145299e-26 8.432027e-39
[1] 5.361200e-20 3.147425e-26 1.671541e-37
[1] 5.388017e-20 3.149880e-26 7.007443e-41
[1] 5.393075e-20 3.150495e-26 6.358874e-42
[1] 5.396269e-20 3.151250e-26 8.831195e-39
[1] 5.352599e-20 3.146678e-26 1.306225e-33
[1] 5.391609e-20 3.150880e-26 2.647559e-42
[1] 5.384605e-20 3.150139e-26 1.670112e-37
[1] 5.351696e-20 3.146679e-26 1.306252e-33
[1] 5.381772e-20 3.149484e-26 1.306748e-33
[1] 5.361311e-20 3.147670e-26 1.306362e-33
[1] 5.368972e-20 3.148637e-26 6.513234e-52
[1] 5.204778e-20 3.132291e-26 2.690299e-41
[1] 5.392298e-20 3.151084e-26 1.306567e-33
[1] 5.380156e-20 3.149411e-26 2.100089e-40
Algorithm did not converge after  200  iterations.
[1] 2.611206e-23 1.286383e-30 3.232154e-39
[1] 3.238562e-23 1.325377e-30 3.235167e-39
Algorithm converged after  12  iterations.
[1] 8.305035e-28 9.635731e-37 1.872171e-49
Algorithm converged after  5  iterations.
[1] 1.516399e-34 6.213980e-46 7.820666e-62
Algorithm converged after  5  iterations.
[1] 9.138705e-46 2.979533e-61 1.789613e-82
[1] 1.015598e-45 3.005802e-61 6.084371e-82
[1] 1.072112e-45 3.019763e-61 3.905538e-88
[1] 1.095707e-45 3.025615e-61 3.897176e-88
[1] 1.218330e-45 3.054598e-61 5.980296e-82
[1] 1.089455e-45 3.024123e-61 5.486338e-94
[1] 1.016024e-45 3.005975e-61 3.629953e-94
[1]  1.089458e-45  3.024141e-61 2.066577e-113
[1] 1.059857e-45 3.016824e-61 2.158236e-88
[1] 1.073265e-45 3.020227e-61 2.149251e-88
[1] 1.015872e-45 3.005994e-61 2.153944e-78
[1] 1.048571e-45 3.014182e-61 1.765236e-82
[1]  1.016297e-45  3.006140e-61 4.195749e-138
[1] 1.077201e-45 3.021242e-61 3.901874e-88
[1] 1.062449e-45 3.017573e-61 1.768873e-82
[1]  1.088839e-45  3.024096e-61 6.171470e-109
[1] 1.076018e-45 3.020912e-61 2.155173e-88
[1]  1.016182e-45  3.006170e-61 1.925829e-101
[1] 1.047118e-45 3.013907e-61 2.154838e-78
[1] 1.046066e-45 3.013665e-61 5.398887e-94
Algorithm did not converge after  200  iterations.
[1]  3.457219e-68  6.848194e-92 3.443480e-119
Algorithm converged after  5  iterations.
[1] 2.046610e-135 8.429433e-184 3.513719e-243
Algorithm converged after  5  iterations.
[1] 0.156455
Algorithm converged after  2  iterations.
[1] 0.0049586490 0.0007516316 0.0004240547
[1] 0.009845555 0.001099542 0.001104163
Algorithm converged after  15  iterations.
