myseed=9312 

Attaching package: ‘pls’

The following object is masked from ‘package:stats’:

    loadings

Loading required package: lattice
Loading required package: ggplot2
Registered S3 methods overwritten by 'ggplot2':
  method         from 
  [.quosures     rlang
  c.quosures     rlang
  print.quosures rlang

Attaching package: ‘caret’

The following object is masked from ‘package:pls’:

    R2

Loading required package: Matrix
Loading required package: foreach
Loaded glmnet 2.0-18

Parsed with column specification:
cols(
  .default = col_double()
)
See spec(...) for full column specifications.
Parsed with column specification:
cols(
  X1 = col_double()
)
Parsed with column specification:
cols(
  X1 = col_double()
)
[1] "Best 2step parameter is:"
     gam    rankJ   rankA1   rankA2   rankA3 
1.205882 1.000000 0.000000 1.000000 0.000000 
[1] 0.003681068
Algorithm converged after  2  iterations.
[1] 0.003149631
Algorithm converged after  2  iterations.
[1] 0.002681118
Algorithm converged after  2  iterations.
[1] 0.002269655
Algorithm converged after  2  iterations.
[1] 0.001909875
Algorithm converged after  2  iterations.
[1] 0.001596828
Algorithm converged after  2  iterations.
[1] 0.00132592
Algorithm converged after  2  iterations.
[1] 0.001092871
Algorithm converged after  2  iterations.
[1] 0.0008936875
Algorithm converged after  2  iterations.
[1] 0.0007246436
Algorithm converged after  2  iterations.
[1] 0.0005822662
Algorithm converged after  2  iterations.
[1] 0.0004633292
Algorithm converged after  2  iterations.
[1] 0.0003648491
Algorithm converged after  2  iterations.
[1] 0.0002840814
Algorithm converged after  2  iterations.
[1] 0.0002185187
Algorithm converged after  2  iterations.
[1] 0.0001658876
Algorithm converged after  2  iterations.
[1] 0.0001241443
Algorithm converged after  2  iterations.
[1] 9.146839e-05
Algorithm converged after  2  iterations.
[1] 6.625468e-05
Algorithm converged after  2  iterations.
[1] 4.710285e-05
Algorithm converged after  2  iterations.
[1] 3.280553e-05
Algorithm converged after  2  iterations.
[1] 2.233491e-05
Algorithm converged after  2  iterations.
[1] 1.48283e-05
Algorithm converged after  2  iterations.
[1] 9.572824e-06
Algorithm converged after  2  iterations.
[1] 5.989804e-06
Algorithm converged after  2  iterations.
[1] 3.61879e-06
Algorithm converged after  2  iterations.
[1] 2.101707e-06
Algorithm converged after  2  iterations.
[1] 1.167309e-06
Algorithm converged after  2  iterations.
[1] 6.162295e-07
Algorithm converged after  2  iterations.
[1] 3.069546e-07
Algorithm converged after  2  iterations.
[1] 1.430149e-07
Algorithm converged after  2  iterations.
[1] 6.166891e-08
Algorithm converged after  2  iterations.
[1] 2.429478e-08
Algorithm converged after  2  iterations.
[1] 8.60569e-09
Algorithm converged after  2  iterations.
[1] 2.686699e-09
Algorithm converged after  2  iterations.
[1] 7.208413e-10
Algorithm converged after  2  iterations.
[1] 1.608956e-10
Algorithm converged after  2  iterations.
[1] 2.86348e-11
Algorithm converged after  2  iterations.
[1] 3.839824e-12
Algorithm converged after  2  iterations.
[1] 3.591596e-13
Algorithm converged after  2  iterations.
[1] 2.10339e-14
Algorithm converged after  2  iterations.
[1] 6.5989e-16
Algorithm converged after  2  iterations.
[1] 8.777129e-18
Algorithm converged after  2  iterations.
[1] 3.427215e-20
Algorithm converged after  2  iterations.
[1] 2.129274e-23
Algorithm converged after  2  iterations.
[1] 6.989619e-28
Algorithm converged after  2  iterations.
[1] 1.337013e-34
Algorithm converged after  2  iterations.
[1] 8.695493e-46
Algorithm converged after  2  iterations.
[1] 3.821357e-68
Algorithm converged after  2  iterations.
[1] 3.523846e-135
Algorithm converged after  2  iterations.
[1] 0.1719399
Algorithm converged after  2  iterations.
[1] 0.0036810684 0.0004061423
[1] 0.0055435967 0.0005677393
[1] 0.005544893 0.000567717
Algorithm converged after  21  iterations.
[1] 0.0031496314 0.0003177155
[1] 0.0048045574 0.0004317182
[1] 0.0048061945 0.0004316912
Algorithm converged after  22  iterations.
[1] 0.0026811179 0.0002471771
[1] 0.0041351689 0.0003281282
[1] 0.0041369608 0.0003280978
Algorithm converged after  22  iterations.
[1] 0.0022696551 0.0001906782
[1] 0.0035369357 0.0002482603
[1] 0.0035386450 0.0002482286
Algorithm converged after  22  iterations.
[1] 0.0019098753 0.0001455475
[1] 0.0030058674 0.0001863229
[1] 0.0030072173 0.0001862935
Algorithm converged after  22  iterations.
[1] 0.0015968280 0.0001097556
[1] 0.0025356969 0.0001383828
[1] 0.0025364844 0.0001383602
Algorithm converged after  21  iterations.
[1] 1.325920e-03 8.165778e-05
[1] 0.0021199093 0.0001015536
Algorithm converged after  18  iterations.
[1] 1.092871e-03 5.987104e-05
[1] 1.753108e-03 7.357314e-05
Algorithm converged after  17  iterations.
[1] 0.0008936875 0.0000432139
[1] 1.431725e-03 5.259362e-05
Algorithm converged after  14  iterations.
[1] 7.246436e-04 3.067476e-05
[1] 1.153571e-03 3.708317e-05
Algorithm converged after  13  iterations.
[1] 5.822662e-04 2.139308e-05
[1] 9.167042e-04 2.577997e-05
Algorithm converged after  12  iterations.
[1] 0.0004633292 0.0000146457
[1] 7.186534e-04 1.766279e-05
Algorithm converged after  11  iterations.
[1] 3.648491e-04 9.834807e-06
Algorithm converged after  10  iterations.
[1] 2.840814e-04 6.475798e-06
Algorithm converged after  10  iterations.
[1] 2.185187e-04 4.184181e-06
Algorithm converged after  9  iterations.
[1] 1.658876e-04 2.658702e-06
Algorithm converged after  8  iterations.
[1] 1.241443e-04 1.663441e-06
Algorithm converged after  7  iterations.
[1] 9.146839e-05 1.022954e-06
Algorithm converged after  7  iterations.
[1] 6.625468e-05 6.162538e-07
Algorithm converged after  6  iterations.
[1] 4.710285e-05 5.310134e-12
Algorithm converged after  7  iterations.
[1] 3.280553e-05 2.070658e-07
Algorithm converged after  6  iterations.
[1] 2.233491e-05 1.145644e-07
Algorithm converged after  6  iterations.
[1] 1.482830e-05 3.793191e-08
Algorithm converged after  9  iterations.
[1] 9.572824e-06 1.784066e-08
[1] 1.221074e-05 3.788792e-08
Algorithm converged after  13  iterations.
[1] 5.989804e-06 7.978283e-09
Algorithm converged after  8  iterations.
[1] 3.61879e-06 3.36496e-09
Algorithm converged after  7  iterations.
[1] 2.101707e-06 1.327741e-09
Algorithm converged after  6  iterations.
[1] 1.167309e-06 5.896046e-16
Algorithm converged after  7  iterations.
[1] 6.162295e-07 4.691819e-10
Algorithm converged after  6  iterations.
[1] 3.069546e-07 1.612450e-10
Algorithm converged after  6  iterations.
[1] 1.430149e-07 4.997413e-11
Algorithm converged after  5  iterations.
[1] 6.166891e-08 1.373905e-11
Algorithm converged after  5  iterations.
[1] 2.429478e-08 3.283837e-12
Algorithm converged after  5  iterations.
[1] 8.605690e-09 6.656367e-13
Algorithm converged after  5  iterations.
[1] 2.686699e-09 1.109314e-13
Algorithm converged after  5  iterations.
[1] 7.208413e-10 1.461443e-14
Algorithm converged after  5  iterations.
[1] 1.608956e-10 1.447116e-15
Algorithm converged after  5  iterations.
[1] 2.863480e-11 1.008251e-16
Algorithm converged after  4  iterations.
[1] 3.839824e-12 4.526760e-18
Algorithm converged after  4  iterations.
[1] 3.591596e-13 1.161699e-19
Algorithm converged after  4  iterations.
[1] 2.103390e-14 1.440825e-21
Algorithm converged after  4  iterations.
[1] 6.598900e-16 6.777968e-24
Algorithm converged after  4  iterations.
[1] 8.777129e-18 8.408800e-27
Algorithm converged after  4  iterations.
[1] 3.427215e-20 1.554397e-30
Algorithm converged after  4  iterations.
[1] 2.129274e-23 1.653570e-35
Algorithm converged after  4  iterations.
[1] 6.989619e-28 1.827199e-42
Algorithm converged after  4  iterations.
[1] 1.337013e-34 6.837235e-53
Algorithm converged after  4  iterations.
[1] 8.695493e-46 2.945440e-70
Algorithm converged after  5  iterations.
[1]  3.821357e-68 5.757771e-105
Algorithm converged after  5  iterations.
[1] 3.523846e-135 4.906516e-209
Algorithm converged after  5  iterations.
[1] 0.1669769
Algorithm converged after  2  iterations.
[1] 0.0036810684 0.0004672357
Algorithm converged after  9  iterations.
[1] 0.0031496314 0.0004093498
Algorithm converged after  9  iterations.
[1] 0.0026811179 0.0003574039
Algorithm converged after  9  iterations.
[1] 0.0022696551 0.0003106209
Algorithm converged after  8  iterations.
[1] 0.0019098753 0.0002684693
Algorithm converged after  8  iterations.
[1] 0.0015968280 0.0002305427
Algorithm converged after  8  iterations.
[1] 0.001325920 0.000196508
Algorithm converged after  8  iterations.
[1] 0.0010928705 0.0001660798
Algorithm converged after  8  iterations.
[1] 0.0008936875 0.0001390079
Algorithm converged after  8  iterations.
[1] 0.0007246436 0.0001150695
Algorithm converged after  8  iterations.
[1] 5.822662e-04 9.406354e-05
Algorithm converged after  8  iterations.
[1] 4.633292e-04 7.580498e-05
Algorithm converged after  8  iterations.
[1] 3.648491e-04 6.011811e-05
Algorithm converged after  8  iterations.
[1] 2.840814e-04 4.682872e-05
Algorithm converged after  8  iterations.
[1] 2.185187e-04 3.575615e-05
Algorithm converged after  8  iterations.
[1] 0.0001658876 0.0000267070
Algorithm converged after  8  iterations.
[1] 1.241443e-04 1.947211e-05
Algorithm converged after  8  iterations.
[1] 9.146839e-05 1.382797e-05
Algorithm converged after  8  iterations.
[1] 6.625468e-05 9.542322e-06
Algorithm converged after  8  iterations.
[1] 4.710285e-05 6.382907e-06
Algorithm converged after  8  iterations.
[1] 3.280553e-05 4.127294e-06
Algorithm converged after  8  iterations.
[1] 2.233491e-05 2.571990e-06
Algorithm converged after  8  iterations.
[1] 1.482830e-05 1.539312e-06
Algorithm converged after  8  iterations.
[1] 9.572824e-06 8.812781e-07
Algorithm converged after  8  iterations.
[1] 5.989804e-06 4.804314e-07
Algorithm converged after  8  iterations.
[1] 3.61879e-06 2.48059e-07
Algorithm converged after  7  iterations.
[1] 2.101707e-06 1.205465e-07
Algorithm converged after  7  iterations.
[1] 1.167309e-06 5.472821e-08
Algorithm converged after  7  iterations.
[1] 6.162295e-07 2.300935e-08
Algorithm converged after  7  iterations.
[1] 3.069546e-07 8.864824e-09
Algorithm converged after  7  iterations.
[1] 1.430149e-07 3.090423e-09
Algorithm converged after  7  iterations.
[1] 6.166891e-08 9.600356e-10
Algorithm converged after  7  iterations.
[1] 2.429478e-08 2.608112e-10
Algorithm converged after  7  iterations.
[1] 8.605690e-09 6.054157e-11
Algorithm converged after  7  iterations.
[1] 2.686699e-09 1.166434e-11
Algorithm converged after  7  iterations.
[1] 7.208413e-10 1.797905e-12
Algorithm converged after  6  iterations.
[1] 1.608956e-10 2.114583e-13
Algorithm converged after  6  iterations.
[1] 2.86348e-11 1.78386e-14
Algorithm converged after  6  iterations.
[1] 3.839824e-12 9.939048e-16
Algorithm converged after  6  iterations.
[1] 3.591596e-13 3.268303e-17
Algorithm converged after  6  iterations.
[1] 2.103390e-14 5.418858e-19
Algorithm converged after  6  iterations.
[1] 6.598900e-16 3.608607e-21
Algorithm converged after  6  iterations.
[1] 8.777129e-18 6.862821e-24
Algorithm converged after  6  iterations.
[1] 3.427215e-20 2.181172e-27
Algorithm converged after  5  iterations.
[1] 2.129274e-23 4.743799e-32
Algorithm converged after  5  iterations.
[1] 6.989619e-28 1.415581e-38
Algorithm converged after  5  iterations.
[1] 1.337013e-34 2.331119e-48
Algorithm converged after  5  iterations.
[1] 8.695493e-46 1.175218e-64
Algorithm converged after  5  iterations.
[1] 3.821357e-68 3.102909e-97
Algorithm converged after  5  iterations.
[1] 3.523846e-135 6.325112e-195
Algorithm converged after  4  iterations.
[1] 0.1645482
Algorithm converged after  2  iterations.
[1] 0.0036810684 0.0003710086
[1] 0.0038979356 0.0008806958
Algorithm converged after  19  iterations.
[1] 0.0031496314 0.0002881211
[1] 0.0032419211 0.0006793195
Algorithm converged after  18  iterations.
[1] 0.0026811179 0.0002217102
[1] 0.0026949445 0.0005193137
Algorithm converged after  17  iterations.
[1] 0.0022696551 0.0001689421
[1] 0.0022355200 0.0003929022
Algorithm converged after  18  iterations.
[1] 0.001909875 0.000127408
[1] 0.0018506649 0.0002957182
Algorithm converged after  19  iterations.
[1] 1.596828e-03 9.505693e-05
[1] 0.0021224780 0.0001256364
Algorithm converged after  18  iterations.
[1] 1.325920e-03 7.014617e-05
[1] 1.724630e-03 9.618205e-05
Algorithm converged after  14  iterations.
[1] 1.092871e-03 5.120272e-05
[1] 1.395665e-03 7.349547e-05
Algorithm converged after  11  iterations.
[1] 8.936875e-04 3.699317e-05
Algorithm converged after  10  iterations.
[1] 7.246436e-04 2.649949e-05
Algorithm converged after  9  iterations.
[1] 5.822662e-04 1.890191e-05
Algorithm converged after  8  iterations.
[1] 4.633292e-04 1.356292e-05
Algorithm converged after  8  iterations.
[1] 0.0003648491 0.0000099229
Algorithm converged after  8  iterations.
[1] 2.840814e-04 7.392110e-06
Algorithm converged after  8  iterations.
[1] 2.185187e-04 5.544374e-06
Algorithm converged after  7  iterations.
[1] 1.658876e-04 4.145126e-06
Algorithm converged after  7  iterations.
[1] 1.241443e-04 3.065008e-06
Algorithm converged after  7  iterations.
[1] 9.146839e-05 2.227538e-06
Algorithm converged after  8  iterations.
[1] 6.625468e-05 1.582994e-06
Algorithm converged after  8  iterations.
[1] 4.710285e-05 1.095130e-06
Algorithm converged after  8  iterations.
[1] 3.280553e-05 7.345744e-07
Algorithm converged after  8  iterations.
[1] 2.233491e-05 4.758930e-07
Algorithm converged after  8  iterations.
[1] 1.482830e-05 2.966041e-07
Algorithm converged after  8  iterations.
[1] 9.572824e-06 1.770982e-07
Algorithm converged after  8  iterations.
[1] 5.989804e-06 1.008320e-07
Algorithm converged after  8  iterations.
[1] 3.618790e-06 5.445422e-08
Algorithm converged after  7  iterations.
[1] 2.101707e-06 2.772385e-08
Algorithm converged after  7  iterations.
[1] 1.167309e-06 1.321132e-08
Algorithm converged after  7  iterations.
[1] 6.162295e-07 5.842787e-09
Algorithm converged after  7  iterations.
[1] 3.069546e-07 2.373942e-09
Algorithm converged after  7  iterations.
[1] 1.430149e-07 8.753790e-10
Algorithm converged after  7  iterations.
[1] 6.166891e-08 2.886462e-10
Algorithm converged after  7  iterations.
[1] 2.429478e-08 8.357975e-11
Algorithm converged after  7  iterations.
[1] 8.605690e-09 2.078044e-11
Algorithm converged after  7  iterations.
[1] 2.686699e-09 4.313489e-12
Algorithm converged after  7  iterations.
[1] 7.208413e-10 7.213719e-13
Algorithm converged after  7  iterations.
[1] 1.608956e-10 9.284407e-14
Algorithm converged after  7  iterations.
[1] 2.86348e-11 8.66148e-15
Algorithm converged after  7  iterations.
[1] 3.839824e-12 5.407203e-16
Algorithm converged after  6  iterations.
[1] 3.591596e-13 2.025692e-17
Algorithm converged after  6  iterations.
[1] 2.103390e-14 3.909715e-19
Algorithm converged after  6  iterations.
[1] 6.598900e-16 3.118886e-21
Algorithm converged after  6  iterations.
[1] 8.777129e-18 7.389513e-24
Algorithm converged after  6  iterations.
[1] 3.427215e-20 3.093729e-27
Algorithm converged after  6  iterations.
[1] 2.129274e-23 9.633415e-32
Algorithm converged after  6  iterations.
[1] 6.989619e-28 4.699956e-38
Algorithm converged after  5  iterations.
[1] 1.337013e-34 1.594742e-47
Algorithm converged after  5  iterations.
[1] 8.695493e-46 2.626549e-63
Algorithm converged after  5  iterations.
[1] 3.821357e-68 7.145827e-95
Algorithm converged after  5  iterations.
[1] 3.523846e-135 1.470381e-189
Algorithm converged after  5  iterations.
[1] 0.1630217
Algorithm converged after  2  iterations.
[1] 0.0036810684 0.0007658712
Algorithm converged after  2  iterations.
[1] 0.0031496314 0.0006212308
Algorithm converged after  2  iterations.
[1] 0.0026811179 0.0005013179
Algorithm converged after  2  iterations.
[1] 0.002269655 0.000403065
Algorithm converged after  2  iterations.
[1] 0.0019098753 0.0003236709
Algorithm converged after  2  iterations.
[1] 0.0015968280 0.0002608442
Algorithm converged after  2  iterations.
[1] 0.0013259195 0.0002131625
Algorithm converged after  2  iterations.
[1] 0.0010928705 0.0001786469
Algorithm converged after  2  iterations.
[1] 0.0008936875 0.0001522598
Algorithm converged after  2  iterations.
[1] 0.0007246436 0.0001304037
Algorithm converged after  2  iterations.
[1] 0.0005822662 0.0001114367
Algorithm converged after  2  iterations.
[1] 4.633292e-04 9.456217e-05
Algorithm converged after  2  iterations.
[1] 3.648491e-04 7.938401e-05
Algorithm converged after  2  iterations.
[1] 2.840814e-04 6.572193e-05
Algorithm converged after  2  iterations.
[1] 2.185187e-04 5.351319e-05
Algorithm converged after  2  iterations.
[1] 1.658876e-04 4.274936e-05
Algorithm converged after  2  iterations.
[1] 1.241443e-04 3.343199e-05
Algorithm converged after  2  iterations.
[1] 9.146839e-05 2.554293e-05
Algorithm converged after  2  iterations.
[1] 6.625468e-05 1.902810e-05
Algorithm converged after  2  iterations.
[1] 4.710285e-05 1.379319e-05
Algorithm converged after  2  iterations.
[1] 3.280553e-05 9.708483e-06
Algorithm converged after  2  iterations.
[1] 2.233491e-05 6.619607e-06
Algorithm converged after  2  iterations.
[1] 1.482830e-05 4.360589e-06
Algorithm converged after  2  iterations.
[1] 9.572824e-06 2.766604e-06
Algorithm converged after  2  iterations.
[1] 5.989804e-06 1.684488e-06
Algorithm converged after  2  iterations.
[1] 3.618790e-06 9.800766e-07
Algorithm converged after  2  iterations.
[1] 2.101707e-06 5.421722e-07
Algorithm converged after  2  iterations.
[1] 1.167309e-06 2.834670e-07
Algorithm converged after  2  iterations.
[1] 6.162295e-07 1.390769e-07
Algorithm converged after  2  iterations.
[1] 3.069546e-07 6.348539e-08
Algorithm converged after  2  iterations.
[1] 1.430149e-07 2.668491e-08
Algorithm converged after  2  iterations.
[1] 6.166891e-08 1.019918e-08
Algorithm converged after  2  iterations.
[1] 2.429478e-08 3.490345e-09
Algorithm converged after  2  iterations.
[1] 8.605690e-09 1.049229e-09
Algorithm converged after  2  iterations.
[1] 2.686699e-09 2.705013e-10
Algorithm converged after  2  iterations.
[1] 7.208413e-10 5.801924e-11
Algorithm converged after  2  iterations.
[1] 1.608956e-10 9.956265e-12
Algorithm converged after  2  iterations.
[1] 2.863480e-11 1.298732e-12
Algorithm converged after  2  iterations.
[1] 3.839824e-12 1.202804e-13
Algorithm converged after  2  iterations.
[1] 3.591596e-13 7.205798e-15
Algorithm converged after  2  iterations.
[1] 2.103390e-14 2.451045e-16
Algorithm converged after  2  iterations.
[1] 6.598900e-16 3.920955e-18
Algorithm converged after  2  iterations.
[1] 8.777129e-18 2.223706e-20
Algorithm converged after  2  iterations.
[1] 3.427215e-20 2.867761e-23
Algorithm converged after  2  iterations.
[1] 2.129274e-23 4.011820e-27
Algorithm converged after  2  iterations.
[1] 6.989619e-28 1.606449e-32
Algorithm converged after  2  iterations.
[1] 1.337013e-34 1.282083e-40
Algorithm converged after  2  iterations.
[1] 8.695493e-46 4.067975e-54
Algorithm converged after  2  iterations.
[1] 3.821357e-68 4.073950e-81
Algorithm converged after  2  iterations.
[1] 3.523846e-135 4.064281e-162
Algorithm converged after  2  iterations.
[1] 0.1504846
Algorithm converged after  2  iterations.
[1] 0.0036810684 0.0004061423 0.0001463275
Algorithm converged after  10  iterations.
[1] 0.0031496314 0.0003177155 0.0001178436
Algorithm converged after  10  iterations.
[1] 2.681118e-03 2.471771e-04 9.031564e-05
Algorithm converged after  10  iterations.
[1] 0.0022696551 0.0001906782 0.0000670412
Algorithm converged after  10  iterations.
[1] 1.909875e-03 1.455475e-04 4.865035e-05
[1] 2.119038e-03 1.519037e-04 4.810218e-05
Algorithm converged after  11  iterations.
[1] 1.596828e-03 1.097556e-04 3.467999e-05
[1] 1.829758e-03 1.163408e-04 3.419864e-05
Algorithm converged after  12  iterations.
[1] 1.325920e-03 8.165778e-05 2.435346e-05
[1] 1.584075e-03 8.848812e-05 2.403020e-05
Algorithm converged after  14  iterations.
[1] 1.092871e-03 5.987104e-05 1.688349e-05
[1] 1.371809e-03 6.679479e-05 1.675586e-05
Algorithm converged after  18  iterations.
[1] 8.936875e-04 4.321390e-05 1.158078e-05
[1] 1.172206e-03 4.977738e-05 1.161090e-05
[1] 1.173434e-03 4.974503e-05 1.162493e-05
[1] 1.173590e-03 4.974040e-05 1.162698e-05
[1] 1.173611e-03 4.973978e-05 1.162726e-05
[1] 1.173613e-03 4.973969e-05 1.162730e-05
Algorithm converged after  52  iterations.
[1] 7.246436e-04 3.067476e-05 7.882528e-06
[1] 9.959650e-04 3.780640e-05 7.132088e-06
[1] 1.018321e-03 3.836919e-05 6.665067e-06
[1] 1.027504e-03 3.858199e-05 6.514565e-06
[1] 1.032856e-03 3.869437e-05 6.447147e-06
[1] 1.036451e-03 3.876259e-05 6.412594e-06
[1] 1.039059e-03 3.880721e-05 6.393897e-06
[1] 1.041045e-03 3.883771e-05 6.383783e-06
[1] 1.042606e-03 3.885917e-05 6.378648e-06
[1] 1.043863e-03 3.887453e-05 6.376525e-06
[1] 1.044892e-03 3.888565e-05 6.376258e-06
[1] 1.045744e-03 3.889376e-05 6.377134e-06
[1] 1.046458e-03 3.889969e-05 6.378697e-06
[1] 1.047060e-03 3.890403e-05 6.380650e-06
[1] 1.047572e-03 3.890719e-05 6.382796e-06
[1] 1.048008e-03 3.890948e-05 6.385003e-06
[1] 1.048382e-03 3.891113e-05 6.387186e-06
[1] 1.048704e-03 3.891230e-05 6.389289e-06
[1] 1.048982e-03 3.891311e-05 6.391277e-06
[1] 1.049221e-03 3.891367e-05 6.393133e-06
Algorithm did not converge after  200  iterations.
[1] 5.822662e-04 2.139308e-05 5.354276e-06
[1] 8.029985e-04 2.630571e-05 4.871512e-06
[1] 8.249585e-04 2.633897e-05 5.112710e-06
[1] 8.297095e-04 2.650085e-05 5.019276e-06
[1] 8.299397e-04 2.659468e-05 4.906004e-06
[1] 8.302298e-04 2.665465e-05 4.841673e-06
[1] 8.305047e-04 2.669811e-05 4.799072e-06
[1] 8.307963e-04 2.673216e-05 4.769153e-06
[1] 8.311139e-04 2.676034e-05 4.747389e-06
[1] 8.314598e-04 2.678461e-05 4.731247e-06
[1] 8.318343e-04 2.680617e-05 4.719197e-06
[1] 8.322368e-04 2.682580e-05 4.710260e-06
[1] 8.326670e-04 2.684404e-05 4.703780e-06
[1] 8.331243e-04 2.686125e-05 4.699302e-06
[1] 8.336102e-04 2.687773e-05 4.696535e-06
[1] 8.341213e-04 2.689368e-05 4.695174e-06
[1] 8.346590e-04 2.690928e-05 4.695065e-06
[1] 8.352231e-04 2.692465e-05 4.696069e-06
[1] 8.358135e-04 2.693992e-05 4.698075e-06
[1] 8.364301e-04 2.695517e-05 4.700998e-06
Algorithm did not converge after  200  iterations.
[1] 4.633292e-04 1.464570e-05 3.701138e-06
[1] 6.560134e-04 1.782557e-05 5.112384e-06
Algorithm converged after  16  iterations.
[1] 3.648491e-04 9.834807e-06 2.808896e-06
[1] 5.023012e-04 1.189169e-05 3.856573e-06
Algorithm converged after  16  iterations.
[1] 2.840814e-04 6.475798e-06 2.445036e-06
[1] 4.037996e-04 7.906036e-06 4.225951e-06
Algorithm converged after  11  iterations.
[1] 2.185187e-04 4.184181e-06 2.252340e-06
Algorithm converged after  10  iterations.
[1] 1.658876e-04 2.658702e-06 1.850864e-06
Algorithm converged after  10  iterations.
[1] 1.241443e-04 1.663441e-06 1.293839e-06
Algorithm converged after  9  iterations.
[1] 9.146839e-05 1.022954e-06 8.184147e-07
Algorithm converged after  9  iterations.
[1] 6.625468e-05 6.162538e-07 4.864498e-07
Algorithm converged after  9  iterations.
[1] 4.710285e-05 5.310134e-12 7.394741e-12
[1] 6.596328e-05 4.487727e-07 2.871797e-07
Algorithm converged after  16  iterations.
[1] 3.280553e-05 2.070658e-07 1.489878e-07
Algorithm converged after  8  iterations.
[1] 2.233491e-05 1.145644e-07 7.700593e-08
Algorithm converged after  8  iterations.
[1] 1.482830e-05 3.793191e-08 6.052163e-08
Algorithm converged after  8  iterations.
[1] 9.572824e-06 1.784066e-08 2.872939e-08
Algorithm converged after  8  iterations.
[1] 5.989804e-06 7.978283e-09 1.286559e-08
Algorithm converged after  8  iterations.
[1] 3.618790e-06 3.364960e-09 5.414875e-09
Algorithm converged after  8  iterations.
[1] 2.101707e-06 1.327741e-09 2.125235e-09
Algorithm converged after  7  iterations.
[1] 1.167309e-06 5.896046e-16 2.124629e-12
Algorithm converged after  8  iterations.
[1] 6.162295e-07 4.691819e-10 1.431549e-10
Algorithm converged after  7  iterations.
[1] 3.069546e-07 1.612450e-10 4.177378e-11
Algorithm converged after  6  iterations.
[1] 1.430149e-07 4.997413e-11 1.081025e-11
Algorithm converged after  6  iterations.
[1] 6.166891e-08 1.373905e-11 2.434600e-12
Algorithm converged after  6  iterations.
[1] 2.429478e-08 3.283837e-12 4.663173e-13
Algorithm converged after  5  iterations.
[1] 8.605690e-09 6.656367e-13 7.383127e-14
Algorithm converged after  5  iterations.
[1] 2.686699e-09 1.109314e-13 9.325060e-15
Algorithm converged after  5  iterations.
[1] 7.208413e-10 1.461443e-14 8.981230e-16
Algorithm converged after  5  iterations.
[1] 1.608956e-10 1.447116e-15 6.224606e-17
[1] 1.474008e-10 1.436046e-15 4.429948e-33
[1] 1.782551e-10 1.472977e-15 4.483893e-19
Algorithm converged after  29  iterations.
[1] 2.863480e-11 1.008251e-16 8.978114e-21
[1] 2.903071e-11 1.011441e-16 2.832865e-18
[1] 3.543239e-11 1.029155e-16 2.344242e-33
[1] 2.896006e-11 1.015029e-16 2.796001e-18
Algorithm converged after  31  iterations.
[1] 3.839824e-12 4.526760e-18 8.020527e-20
[1] 3.752923e-12 4.534694e-18 7.844396e-20
[1] 3.766420e-12 4.537403e-18 3.524634e-30
[1] 3.742411e-12 4.532995e-18 1.453418e-29
[1] 3.850061e-12 4.535894e-18 7.878345e-20
Algorithm converged after  50  iterations.
[1] 3.591596e-13 1.161699e-19 1.174044e-21
Algorithm converged after  5  iterations.
[1] 2.103390e-14 1.440825e-21 2.774517e-25
Algorithm converged after  4  iterations.
[1] 6.598900e-16 6.777968e-24 1.544522e-26
Algorithm converged after  5  iterations.
[1] 8.777129e-18 8.408800e-27 9.414676e-35
[1] 7.518620e-18 8.445220e-27 1.062953e-46
[1] 7.483326e-18 8.445518e-27 6.949165e-30
[1] 8.902239e-18 8.414399e-27 1.669026e-32
[1] 7.527367e-18 8.448041e-27 2.919480e-45
Algorithm converged after  47  iterations.
[1] 3.427215e-20 1.554397e-30 4.137174e-37
Algorithm converged after  8  iterations.
[1] 2.129274e-23 1.653570e-35 2.687754e-43
[1] 1.703959e-23 1.675034e-35 1.875046e-44
[1] 2.022788e-23 1.659070e-35 6.293014e-40
[1] 1.707768e-23 1.675125e-35 2.642632e-43
[1] 2.021508e-23 1.659359e-35 6.299058e-40
[1] 2.087897e-23 1.656529e-35 9.206856e-45
[1] 2.191845e-23 1.651674e-35 1.113958e-44
[1] 2.199779e-23 1.651567e-35 2.181298e-44
[1] 2.194808e-23 1.652010e-35 1.901964e-44
Algorithm converged after  86  iterations.
[1] 6.989619e-28 1.827199e-42 3.424095e-85
[1] 5.353376e-28 1.862183e-42 6.202543e-48
Algorithm converged after  12  iterations.
[1] 1.337013e-34 6.837235e-53 1.590436e-66
[1] 1.268830e-34 6.869444e-53 2.178616e-82
[1] 9.868676e-35 7.012023e-53 1.590954e-66
Algorithm converged after  27  iterations.
[1] 8.695493e-46 2.945440e-70 5.886396e-80
[1] 7.222299e-46 2.998886e-70 5.642448e-80
[1] 6.118090e-46 3.043287e-70 5.797121e-80
Algorithm converged after  21  iterations.
[1]  3.821357e-68 5.757771e-105 5.854427e-120
[1]  3.465238e-68 5.819837e-105 1.535207e-129
[1]  3.465238e-68 5.819842e-105 1.535207e-129
[1]  3.465237e-68 5.819847e-105 1.535207e-129
[1]  3.465237e-68 5.819851e-105 1.535207e-129
[1]  3.465237e-68 5.819856e-105 1.535207e-129
[1]  3.465237e-68 5.819861e-105 1.535207e-129
[1]  3.465237e-68 5.819865e-105 1.535207e-129
[1]  3.465237e-68 5.819870e-105 1.535207e-129
[1]  3.465237e-68 5.819875e-105 1.535207e-129
[1]  3.465236e-68 5.819879e-105 1.535207e-129
[1]  3.465236e-68 5.819884e-105 1.535208e-129
[1]  3.465236e-68 5.819889e-105 1.535208e-129
[1]  3.465236e-68 5.819893e-105 1.535208e-129
[1]  3.465236e-68 5.819898e-105 1.535208e-129
[1]  3.465236e-68 5.819903e-105 1.535208e-129
[1]  3.465236e-68 5.819907e-105 1.535208e-129
[1]  3.465235e-68 5.819912e-105 1.535208e-129
[1]  3.465235e-68 5.819916e-105 1.535208e-129
[1]  3.465235e-68 5.819921e-105 1.535208e-129
Algorithm did not converge after  200  iterations.
[1] 3.523846e-135 4.906516e-209  0.000000e+00
[1] 2.243046e-135 5.148512e-209 6.470239e-240
[1] 2.244375e-135 5.148824e-209 1.047461e-251
[1] 3.019843e-135 4.996374e-209 6.259643e-240
[1] 3.041622e-135 4.993003e-209 6.154718e-240
[1] 2.242566e-135 5.151260e-209 6.928612e-248
[1] 3.041647e-135 4.994376e-209 6.154790e-240
[1] 2.963947e-135 5.009389e-209 6.149561e-240
[1] 3.041623e-135 4.995923e-209 6.154883e-240
[1] 2.963205e-135 5.011074e-209 6.150060e-240
[1] 3.041595e-135 4.997472e-209 6.154977e-240
[1] 2.964758e-135 5.012335e-209 6.149324e-240
[1] 3.041570e-135 4.999021e-209 6.155070e-240
[1] 2.964307e-135 5.013968e-209 6.149617e-240
[1] 3.041544e-135 5.000570e-209 6.155163e-240
[1] 2.963874e-135 5.015598e-209 6.149918e-240
[1] 3.041517e-135 5.002121e-209 6.155257e-240
[1] 2.964327e-135 5.017064e-209 6.149769e-240
[1] 3.041489e-135 5.003672e-209 6.155352e-240
[1] 2.964315e-135 5.018618e-209 6.149856e-240
Algorithm did not converge after  200  iterations.
[1] 0.1650702
Algorithm converged after  2  iterations.
[1] 0.0036810684 0.0004672357 0.0002578540
[1] 0.0049555607 0.0005708204 0.0002653027
Algorithm converged after  14  iterations.
[1] 0.0031496314 0.0004093498 0.0001944395
[1] 0.0044467511 0.0004915940 0.0002027515
Algorithm converged after  15  iterations.
[1] 0.0026811179 0.0003574039 0.0001448800
[1] 0.0039759197 0.0004236793 0.0001546028
Algorithm converged after  16  iterations.
[1] 0.0022696551 0.0003106209 0.0001068130
[1] 0.0035115503 0.0003643999 0.0001174860
Algorithm converged after  17  iterations.
[1] 1.909875e-03 2.684693e-04 7.795797e-05
[1] 3.035690e-03 3.123627e-04 8.855219e-05
Algorithm converged after  17  iterations.
[1] 1.596828e-03 2.305427e-04 5.633754e-05
[1] 2.564460e-03 2.667902e-04 6.584244e-05
Algorithm converged after  15  iterations.
[1] 1.325920e-03 1.965080e-04 4.031117e-05
[1] 2.125821e-03 2.267883e-04 4.817657e-05
Algorithm converged after  13  iterations.
[1] 1.092871e-03 1.660798e-04 2.855277e-05
[1] 1.734828e-03 1.913900e-04 3.467702e-05
Algorithm converged after  16  iterations.
[1] 8.936875e-04 1.390079e-04 2.001147e-05
[1] 1.394823e-03 1.598984e-04 2.456083e-05
Algorithm converged after  17  iterations.
[1] 7.246436e-04 1.150695e-04 1.386899e-05
[1] 1.104988e-03 1.319584e-04 1.712593e-05
Algorithm converged after  18  iterations.
[1] 5.822662e-04 9.406354e-05 9.498085e-06
[1] 8.646880e-04 1.074671e-04 1.176579e-05
Algorithm converged after  17  iterations.
[1] 4.633292e-04 7.580498e-05 6.423712e-06
[1] 6.722463e-04 8.636042e-05 7.970659e-06
Algorithm converged after  15  iterations.
[1] 3.648491e-04 6.011811e-05 4.288603e-06
[1] 5.213689e-04 6.841346e-05 5.323897e-06
Algorithm converged after  13  iterations.
[1] 2.840814e-04 4.682872e-05 2.825114e-06
[1] 4.030987e-04 5.329862e-05 3.502264e-06
Algorithm converged after  11  iterations.
[1] 2.185187e-04 3.575615e-05 1.834543e-06
Algorithm converged after  10  iterations.
[1] 1.658876e-04 2.670700e-05 1.172283e-06
Algorithm converged after  9  iterations.
[1] 1.241443e-04 1.947211e-05 7.354080e-07
Algorithm converged after  9  iterations.
[1] 9.146839e-05 1.382797e-05 4.516862e-07
Algorithm converged after  8  iterations.
[1] 6.625468e-05 9.542322e-06 1.515056e-11
Algorithm converged after  9  iterations.
[1] 4.710285e-05 6.382907e-06 1.579992e-07
Algorithm converged after  7  iterations.
[1] 3.280553e-05 4.127294e-06 8.938661e-08
Algorithm converged after  7  iterations.
[1] 2.233491e-05 2.571990e-06 2.389100e-12
[1] 3.314792e-05 2.915633e-06 5.588674e-08
Algorithm converged after  12  iterations.
[1] 1.482830e-05 1.539312e-06 2.568018e-08
[1] 2.233718e-05 1.749296e-06 2.825606e-08
Algorithm converged after  15  iterations.
[1] 9.572824e-06 8.812781e-07 1.292357e-08
Algorithm converged after  8  iterations.
[1] 5.989804e-06 4.804314e-07 5.164955e-17
[1] 8.933394e-06 5.362968e-07 7.153624e-09
[1] 9.095091e-06 5.416416e-07 6.691480e-09
Algorithm converged after  21  iterations.
[1] 3.618790e-06 2.480590e-07 1.045863e-09
Algorithm converged after  9  iterations.
[1] 2.101707e-06 1.205465e-07 3.998883e-10
Algorithm converged after  9  iterations.
[1] 1.167309e-06 5.472821e-08 1.407264e-10
Algorithm converged after  8  iterations.
[1] 6.162295e-07 2.300935e-08 4.507856e-11
Algorithm converged after  8  iterations.
[1] 3.069546e-07 8.864824e-09 1.297695e-11
Algorithm converged after  8  iterations.
[1] 1.430149e-07 3.090423e-09 3.304914e-12
Algorithm converged after  8  iterations.
[1] 6.166891e-08 9.600356e-10 7.304678e-13
Algorithm converged after  8  iterations.
[1] 2.429478e-08 2.608112e-10 1.368596e-13
Algorithm converged after  8  iterations.
[1] 8.605690e-09 6.054157e-11 2.111243e-14
Algorithm converged after  8  iterations.
[1] 2.686699e-09 1.166434e-11 2.585693e-15
Algorithm converged after  8  iterations.
[1] 7.208413e-10 1.797905e-12 2.400820e-16
Algorithm converged after  7  iterations.
[1] 1.608956e-10 2.114583e-13 5.610774e-17
Algorithm converged after  8  iterations.
[1] 2.863480e-11 1.783860e-14 6.986437e-19
Algorithm converged after  7  iterations.
[1] 3.839824e-12 9.939048e-16 1.213084e-19
Algorithm converged after  7  iterations.
[1] 3.591596e-13 3.268303e-17 2.501932e-21
Algorithm converged after  7  iterations.
[1] 2.103390e-14 5.418858e-19 1.087777e-27
Algorithm converged after  7  iterations.
[1] 6.598900e-16 3.608607e-21 2.633915e-27
Algorithm converged after  6  iterations.
[1] 8.777129e-18 6.862821e-24 9.597899e-35
[1] 1.359564e-17 7.146123e-24 9.322170e-35
[1] 1.221167e-17 7.071242e-24 1.096556e-30
[1] 1.249237e-17 7.086547e-24 1.092564e-30
[1] 1.365194e-17 7.150087e-24 7.450603e-35
[1] 1.250875e-17 7.087679e-24 1.025744e-27
[1] 1.342683e-17 7.138301e-24 1.115747e-30
[1] 1.227673e-17 7.075158e-24 1.085693e-30
[1] 1.196856e-17 7.058830e-24 1.437650e-51
[1] 1.248445e-17 7.087653e-24 1.025863e-27
[1] 1.342804e-17 7.139680e-24 1.115732e-30
[1] 1.223790e-17 7.074787e-24 7.426057e-35
[1] 1.365272e-17 7.152139e-24 3.752604e-46
[1] 1.223800e-17 7.075174e-24 1.583354e-50
[1] 1.172028e-17 7.044919e-24 1.068731e-30
[1] 1.343062e-17 7.141058e-24 1.115885e-30
[1] 1.358676e-17 7.149128e-24 7.437382e-35
[1] 1.230756e-17 7.078947e-24 1.082780e-30
[1] 1.223741e-17 7.076248e-24 1.098723e-30
[1] 1.365344e-17 7.153687e-24 7.450790e-35
Algorithm did not converge after  200  iterations.
[1] 3.427215e-20 2.181172e-27 4.190929e-35
[1] 5.195632e-20 2.257934e-27 4.585105e-35
[1] 5.194411e-20 2.257925e-27 8.809847e-40
[1] 5.207919e-20 2.258453e-27 4.589260e-35
Algorithm converged after  34  iterations.
[1] 2.129274e-23 4.743799e-32 1.678564e-41
Algorithm converged after  5  iterations.
[1] 6.989619e-28 1.415581e-38 2.384008e-56
Algorithm converged after  6  iterations.
[1] 1.337013e-34 2.331119e-48 2.501750e-62
[1] 1.712247e-34 2.362438e-48 1.575200e-80
[1] 1.751867e-34 2.365541e-48 1.779244e-54
Algorithm converged after  28  iterations.
[1] 8.695493e-46 1.175218e-64 3.704511e-83
[1] 1.138285e-45 1.189675e-64 1.025814e-88
Algorithm converged after  16  iterations.
[1]  3.821357e-68  3.102909e-97 3.354947e-130
[1]  4.626108e-68  3.124209e-97 1.076877e-138
[1]  5.045221e-68  3.134601e-97 2.963203e-133
[1]  5.178770e-68  3.137822e-97 6.352500e-130
[1]  4.456445e-68  3.119896e-97 1.635790e-123
[1]  5.175272e-68  3.137748e-97 6.334859e-130
[1]  4.659787e-68  3.125070e-97 6.063192e-202
[1]  5.182656e-68  3.137928e-97 6.352811e-130
[1]  4.674634e-68  3.125460e-97 2.136684e-122
[1]  4.651559e-68  3.124882e-97 3.822782e-142
[1]  4.628083e-68  3.124295e-97 6.851051e-145
[1]  4.880215e-68  3.130589e-97 8.340134e-125
[1]  4.627662e-68  3.124285e-97 3.824564e-142
[1]  5.178774e-68  3.137848e-97 6.352499e-130
[1]  5.178775e-68  3.137851e-97 6.352499e-130
[1]  4.622509e-68  3.124148e-97 1.056278e-136
[1]  4.726860e-68  3.126791e-97 2.139351e-122
[1]  4.880057e-68  3.130601e-97 2.963442e-133
[1]  4.660757e-68  3.125124e-97 8.398147e-150
[1]  4.688773e-68  3.125846e-97 8.310001e-125
Algorithm did not converge after  200  iterations.
[1] 3.523846e-135 6.325112e-195 2.360027e-259
Algorithm converged after  4  iterations.
[1] 0.1600629
Algorithm converged after  2  iterations.
[1] 3.681068e-03 3.710086e-04 9.904142e-05
[1] 0.0050940683 0.0004649711 0.0001162895
Algorithm converged after  17  iterations.
[1] 3.149631e-03 2.881211e-04 7.735472e-05
[1] 4.396122e-03 3.570310e-04 8.962732e-05
Algorithm converged after  15  iterations.
[1] 2.681118e-03 2.217102e-04 6.007526e-05
[1] 3.769750e-03 2.721796e-04 6.885353e-05
Algorithm converged after  14  iterations.
[1] 2.269655e-03 1.689421e-04 4.631336e-05
[1] 3.208986e-03 2.059028e-04 5.268469e-05
Algorithm converged after  14  iterations.
[1] 1.909875e-03 1.274080e-04 3.539237e-05
[1] 2.709933e-03 1.544938e-04 4.009715e-05
Algorithm converged after  13  iterations.
[1] 1.596828e-03 9.505693e-05 2.679526e-05
[1] 2.269401e-03 1.148989e-04 3.029418e-05
Algorithm converged after  17  iterations.
[1] 1.325920e-03 7.014617e-05 2.011911e-05
[1] 1.881437e-03 8.475501e-05 2.265067e-05
[1] 1.883144e-03 8.471757e-05 2.265243e-05
[1] 1.884013e-03 8.469345e-05 2.265535e-05
[1] 1.884475e-03 8.467890e-05 2.265762e-05
[1] 1.884727e-03 8.467038e-05 2.265910e-05
[1] 1.884866e-03 8.466547e-05 2.266000e-05
[1] 1.884944e-03 8.466266e-05 2.266053e-05
[1] 1.884988e-03 8.466107e-05 2.266084e-05
[1] 1.885012e-03 8.466016e-05 2.266102e-05
[1] 1.885026e-03 8.465965e-05 2.266112e-05
[1] 1.885034e-03 8.465936e-05 2.266117e-05
[1] 0.0018850383 0.0000846592 0.0000226612
[1] 1.885041e-03 8.465910e-05 2.266122e-05
[1] 1.885042e-03 8.465905e-05 2.266123e-05
[1] 1.885043e-03 8.465902e-05 2.266124e-05
Algorithm converged after  154  iterations.
[1] 1.092871e-03 5.120272e-05 1.505760e-05
[1] 1.691349e-03 6.540618e-05 1.662947e-05
[1] 1.753288e-03 6.844905e-05 1.554402e-05
[1] 1.748734e-03 6.952355e-05 1.419519e-05
[1] 1.740830e-03 6.998841e-05 1.355111e-05
[1] 1.734038e-03 7.021026e-05 1.320645e-05
[1] 1.728843e-03 7.032195e-05 1.301027e-05
[1] 1.725008e-03 7.038005e-05 1.289344e-05
[1] 1.722218e-03 7.041106e-05 1.282122e-05
[1] 1.720203e-03 7.042803e-05 1.277518e-05
[1] 1.718755e-03 7.043755e-05 1.274507e-05
[1] 1.717716e-03 7.044304e-05 1.272498e-05
[1] 1.716974e-03 7.044629e-05 1.271134e-05
[1] 1.716443e-03 7.044828e-05 1.270198e-05
[1] 1.716064e-03 7.044953e-05 1.269548e-05
[1] 1.715794e-03 7.045034e-05 1.269094e-05
[1] 1.715602e-03 7.045087e-05 1.268775e-05
[1] 1.715465e-03 7.045122e-05 1.268551e-05
[1] 1.715367e-03 7.045147e-05 1.268392e-05
[1] 1.715297e-03 7.045163e-05 1.268279e-05
Algorithm did not converge after  200  iterations.
[1] 8.936875e-04 3.699317e-05 1.142638e-05
[1] 1.374583e-03 4.980730e-05 1.039113e-05
[1] 1.300765e-03 4.970954e-05 9.237482e-06
[1] 1.369537e-03 5.020394e-05 9.856648e-06
[1] 1.397232e-03 5.035451e-05 1.107508e-05
[1] 1.386290e-03 5.031989e-05 1.054869e-05
[1] 1.392403e-03 5.043990e-05 1.073734e-05
[1] 1.378092e-03 5.033552e-05 1.027547e-05
[1] 1.386619e-03 5.042858e-05 1.063308e-05
[1] 1.378425e-03 5.038219e-05 1.036490e-05
[1] 1.379768e-03 5.041714e-05 1.043962e-05
[1] 1.377127e-03 5.041575e-05 1.037453e-05
[1] 1.375556e-03 5.042167e-05 1.034473e-05
[1] 1.373960e-03 5.042500e-05 1.031481e-05
[1] 1.372447e-03 5.042725e-05 1.028770e-05
[1] 1.371008e-03 5.042864e-05 1.026283e-05
[1] 1.369637e-03 5.042937e-05 1.023984e-05
[1] 1.368329e-03 5.042957e-05 1.021847e-05
[1] 1.367079e-03 5.042937e-05 1.019848e-05
[1] 1.365886e-03 5.042886e-05 1.017972e-05
Algorithm did not converge after  200  iterations.
[1] 7.246436e-04 2.649949e-05 9.418779e-06
[1] 9.937927e-04 3.458819e-05 1.814766e-05
Algorithm converged after  17  iterations.
[1] 5.822662e-04 1.890191e-05 9.145658e-06
[1] 7.945351e-04 2.499511e-05 1.466576e-05
[1] 7.930609e-04 2.496943e-05 1.464966e-05
Algorithm converged after  21  iterations.
[1] 4.633292e-04 1.356292e-05 8.476861e-06
[1] 6.197967e-04 1.622653e-05 1.021545e-05
Algorithm converged after  15  iterations.
[1] 3.648491e-04 9.922900e-06 6.656951e-06
[1] 4.838309e-04 1.234150e-05 7.824732e-06
Algorithm converged after  16  iterations.
[1] 2.840814e-04 7.392110e-06 4.677107e-06
[1] 3.717100e-04 9.457633e-06 5.313735e-06
Algorithm converged after  17  iterations.
[1] 2.185187e-04 5.544374e-06 3.122328e-06
[1] 2.812409e-04 7.183285e-06 3.470064e-06
Algorithm converged after  19  iterations.
[1] 1.658876e-04 4.145126e-06 2.017951e-06
