myseed=3441 

Attaching package: ‘pls’

The following object is masked from ‘package:stats’:

    loadings

Loading required package: lattice
Loading required package: ggplot2
Registered S3 methods overwritten by 'ggplot2':
  method         from 
  [.quosures     rlang
  c.quosures     rlang
  print.quosures rlang

Attaching package: ‘caret’

The following object is masked from ‘package:pls’:

    R2

Loading required package: Matrix
Loading required package: foreach
Loaded glmnet 2.0-18

Parsed with column specification:
cols(
  .default = col_double()
)
See spec(...) for full column specifications.
Parsed with column specification:
cols(
  X1 = col_double()
)
Parsed with column specification:
cols(
  X1 = col_double()
)
[1] "Best 2step parameter is:"
   gam  rankJ rankA1 rankA2 rankA3 
 1e+10  2e+00  0e+00  1e+00  0e+00 
[1] 0.004626479
Algorithm converged after  2  iterations.
[1] 0.00397388
Algorithm converged after  2  iterations.
[1] 0.003394872
Algorithm converged after  2  iterations.
[1] 0.002883393
Algorithm converged after  2  iterations.
[1] 0.002433747
Algorithm converged after  2  iterations.
[1] 0.002040556
Algorithm converged after  2  iterations.
[1] 0.001698721
Algorithm converged after  2  iterations.
[1] 0.001403404
Algorithm converged after  2  iterations.
[1] 0.001150012
Algorithm converged after  2  iterations.
[1] 0.000934193
Algorithm converged after  2  iterations.
[1] 0.0007518338
Algorithm converged after  2  iterations.
[1] 0.0005990634
Algorithm converged after  2  iterations.
[1] 0.0004722572
Algorithm converged after  2  iterations.
[1] 0.0003680427
Algorithm converged after  2  iterations.
[1] 0.0002833052
Algorithm converged after  2  iterations.
[1] 0.0002151926
Algorithm converged after  2  iterations.
[1] 0.0001611182
Algorithm converged after  2  iterations.
[1] 0.0001187608
Algorithm converged after  2  iterations.
[1] 8.606103e-05
Algorithm converged after  2  iterations.
[1] 6.121446e-05
Algorithm converged after  2  iterations.
[1] 4.266037e-05
Algorithm converged after  2  iterations.
[1] 2.906774e-05
Algorithm converged after  2  iterations.
[1] 1.931839e-05
Algorithm converged after  2  iterations.
[1] 1.24882e-05
Algorithm converged after  2  iterations.
[1] 7.827185e-06
Algorithm converged after  2  iterations.
[1] 4.738808e-06
Algorithm converged after  2  iterations.
[1] 2.759303e-06
Algorithm converged after  2  iterations.
[1] 1.53736e-06
Algorithm converged after  2  iterations.
[1] 8.146524e-07
Algorithm converged after  2  iterations.
[1] 4.07629e-07
Algorithm converged after  2  iterations.
[1] 1.909437e-07
Algorithm converged after  2  iterations.
[1] 8.28624e-08
Algorithm converged after  2  iterations.
[1] 3.289123e-08
Algorithm converged after  2  iterations.
[1] 1.175524e-08
Algorithm converged after  2  iterations.
[1] 3.709048e-09
Algorithm converged after  2  iterations.
[1] 1.007743e-09
Algorithm converged after  2  iterations.
[1] 2.283401e-10
Algorithm converged after  2  iterations.
[1] 4.137858e-11
Algorithm converged after  2  iterations.
[1] 5.671422e-12
Algorithm converged after  2  iterations.
[1] 5.448662e-13
Algorithm converged after  2  iterations.
[1] 3.298557e-14
Algorithm converged after  2  iterations.
[1] 1.078977e-15
Algorithm converged after  2  iterations.
[1] 1.514273e-17
Algorithm converged after  2  iterations.
[1] 6.346747e-20
Algorithm converged after  2  iterations.
[1] 4.343624e-23
Algorithm converged after  2  iterations.
[1] 1.637626e-27
Algorithm converged after  2  iterations.
[1] 3.872302e-34
Algorithm converged after  2  iterations.
[1] 3.609392e-45
Algorithm converged after  2  iterations.
[1] 3.296259e-67
Algorithm converged after  2  iterations.
[1] 2.806698e-133
Algorithm converged after  2  iterations.
[1] 0.1711466
Algorithm converged after  2  iterations.
[1] 0.0046264789 0.0004368246
[1] 0.007011857 0.000578521
[1] 0.007015750 0.000578507
Algorithm converged after  23  iterations.
[1] 0.0039738797 0.0003418473
[1] 0.0060668183 0.0004465334
[1] 0.0060710082 0.0004465173
Algorithm converged after  24  iterations.
[1] 0.0033948722 0.0002653784
[1] 0.005217709 0.000342324
[1] 0.0052217425 0.0003423041
Algorithm converged after  24  iterations.
[1] 0.0028833929 0.0002040316
[1] 0.0044586508 0.0002601745
[1] 0.0044618822 0.0002601508
Algorithm converged after  23  iterations.
[1] 0.0024337470 0.0001551492
[1] 0.0037814965 0.0001957634
[1] 0.0037833538 0.0001957387
Algorithm converged after  22  iterations.
[1] 0.0020405556 0.0001165547
[1] 0.0031774339 0.0001456832
Algorithm converged after  19  iterations.
[1] 1.698721e-03 8.641661e-05
[1] 0.0026393685 0.0001071547
Algorithm converged after  17  iterations.
[1] 1.403404e-03 6.317483e-05
[1] 2.163940e-03 7.787199e-05
Algorithm converged after  14  iterations.
[1] 1.150012e-03 4.549717e-05
[1] 1.750448e-03 5.590638e-05
Algorithm converged after  14  iterations.
[1] 9.341930e-04 3.225196e-05
[1] 1.397806e-03 3.964819e-05
Algorithm converged after  12  iterations.
[1] 0.0007518338 0.0000224874
Algorithm converged after  10  iterations.
[1] 5.990634e-04 1.541378e-05
Algorithm converged after  10  iterations.
[1] 4.722572e-04 1.038685e-05
Algorithm converged after  9  iterations.
[1] 3.680427e-04 6.890797e-06
Algorithm converged after  8  iterations.
[1] 2.833052e-04 4.515334e-06
Algorithm converged after  7  iterations.
[1] 2.151926e-04 2.928687e-06
Algorithm converged after  7  iterations.
[1] 1.611182e-04 1.876615e-06
Algorithm converged after  6  iterations.
[1] 1.187608e-04 1.183212e-06
Algorithm converged after  6  iterations.
[1] 8.606103e-05 7.309362e-07
Algorithm converged after  6  iterations.
[1] 6.121446e-05 4.405726e-07
Algorithm converged after  6  iterations.
[1] 4.266037e-05 2.580473e-07
Algorithm converged after  6  iterations.
[1] 2.906774e-05 8.220070e-08
Algorithm converged after  10  iterations.
[1] 1.931839e-05 4.493211e-14
Algorithm converged after  7  iterations.
[1] 1.248820e-05 4.182678e-08
Algorithm converged after  6  iterations.
[1] 7.827185e-06 2.089426e-08
Algorithm converged after  6  iterations.
[1] 4.738808e-06 9.897358e-09
Algorithm converged after  6  iterations.
[1] 2.759303e-06 4.415203e-09
Algorithm converged after  6  iterations.
[1] 1.537360e-06 1.840136e-09
Algorithm converged after  6  iterations.
[1] 8.146524e-07 7.097976e-10
Algorithm converged after  6  iterations.
[1] 4.076290e-07 2.505867e-10
Algorithm converged after  6  iterations.
[1] 1.909437e-07 7.989440e-11
Algorithm converged after  6  iterations.
[1] 8.286240e-08 2.263561e-11
Algorithm converged after  5  iterations.
[1] 3.289123e-08 5.587499e-12
Algorithm converged after  5  iterations.
[1] 1.175524e-08 1.172778e-12
Algorithm converged after  5  iterations.
[1] 3.709048e-09 2.030369e-13
Algorithm converged after  5  iterations.
[1] 1.007743e-09 2.789771e-14
Algorithm converged after  5  iterations.
[1] 2.283401e-10 2.895354e-15
Algorithm converged after  5  iterations.
[1] 4.137858e-11 2.127546e-16
Algorithm converged after  5  iterations.
[1] 5.671422e-12 1.015446e-17
Algorithm converged after  4  iterations.
[1] 5.448662e-13 2.798985e-19
Algorithm converged after  4  iterations.
[1] 3.298557e-14 3.780020e-21
Algorithm converged after  4  iterations.
[1] 1.078977e-15 1.972554e-23
Algorithm converged after  4  iterations.
[1] 1.514273e-17 2.786236e-26
Algorithm converged after  4  iterations.
[1] 6.346747e-20 6.090536e-30
Algorithm converged after  4  iterations.
[1] 4.343624e-23 8.118019e-35
Algorithm converged after  4  iterations.
[1] 1.637626e-27 1.234925e-41
Algorithm converged after  4  iterations.
[1] 3.872302e-34 7.521530e-52
Algorithm converged after  5  iterations.
[1] 3.609392e-45 7.409981e-69
Algorithm converged after  5  iterations.
[1]  3.296259e-67 7.837729e-103
Algorithm converged after  5  iterations.
[1] 2.806698e-133 1.173671e-204
Algorithm converged after  5  iterations.
[1] 0.1653972
Algorithm converged after  2  iterations.
[1] 0.0046264789 0.0003683382
Algorithm converged after  9  iterations.
[1] 0.0039738797 0.0002841916
Algorithm converged after  9  iterations.
[1] 3.394872e-03 4.842749e-06
Algorithm converged after  8  iterations.
[1] 0.0028833929 0.0001863294
Algorithm converged after  7  iterations.
[1] 0.0024337470 0.0001594657
Algorithm converged after  8  iterations.
[1] 0.0020405556 0.0001367379
Algorithm converged after  8  iterations.
[1] 0.0016987209 0.0001171098
Algorithm converged after  8  iterations.
[1] 0.0014034040 0.0000999751
Algorithm converged after  8  iterations.
[1] 1.150012e-03 8.492521e-05
Algorithm converged after  8  iterations.
[1] 9.341930e-04 7.166338e-05
Algorithm converged after  8  iterations.
[1] 7.518338e-04 5.996551e-05
Algorithm converged after  7  iterations.
[1] 0.0005990634 0.0000496592
Algorithm converged after  7  iterations.
[1] 4.722572e-04 4.061135e-05
Algorithm converged after  7  iterations.
[1] 0.0003680427 0.0000327192
Algorithm converged after  6  iterations.
[1] 2.833052e-04 2.590227e-05
Algorithm converged after  6  iterations.
[1] 2.151926e-04 2.009385e-05
Algorithm converged after  6  iterations.
[1] 0.0001611182 0.0000152319
Algorithm converged after  6  iterations.
[1] 1.187608e-04 1.125055e-05
Algorithm converged after  6  iterations.
[1] 8.606103e-05 8.073860e-06
Algorithm converged after  6  iterations.
[1] 6.121446e-05 5.613385e-06
Algorithm converged after  6  iterations.
[1] 4.266037e-05 3.769763e-06
Algorithm converged after  7  iterations.
[1] 2.906774e-05 2.437697e-06
Algorithm converged after  7  iterations.
[1] 1.931839e-05 1.512599e-06
Algorithm converged after  7  iterations.
[1] 1.248820e-05 8.971473e-07
Algorithm converged after  7  iterations.
[1] 7.827185e-06 5.063728e-07
Algorithm converged after  7  iterations.
[1] 4.738808e-06 2.705827e-07
Algorithm converged after  7  iterations.
[1] 2.759303e-06 1.360557e-07
Algorithm converged after  7  iterations.
[1] 1.537360e-06 6.391467e-08
Algorithm converged after  7  iterations.
[1] 8.146524e-07 2.781213e-08
Algorithm converged after  7  iterations.
[1] 4.076290e-07 1.109587e-08
Algorithm converged after  7  iterations.
[1] 1.909437e-07 4.008691e-09
Algorithm converged after  7  iterations.
[1] 8.286240e-08 1.291864e-09
Algorithm converged after  7  iterations.
[1] 3.289123e-08 3.645699e-10
Algorithm converged after  7  iterations.
[1] 1.175524e-08 8.805561e-11
Algorithm converged after  7  iterations.
[1] 3.709048e-09 1.768889e-11
Algorithm converged after  6  iterations.
[1] 1.007743e-09 2.849874e-12
Algorithm converged after  6  iterations.
[1] 2.283401e-10 3.514132e-13
Algorithm converged after  6  iterations.
[1] 4.137858e-11 3.119576e-14
Algorithm converged after  6  iterations.
[1] 5.671422e-12 1.837394e-15
Algorithm converged after  6  iterations.
[1] 5.448662e-13 6.423582e-17
Algorithm converged after  6  iterations.
[1] 3.298557e-14 1.140530e-18
Algorithm converged after  6  iterations.
[1] 1.078977e-15 8.210755e-21
Algorithm converged after  6  iterations.
[1] 1.514273e-17 1.709605e-23
Algorithm converged after  6  iterations.
[1] 6.346747e-20 6.054931e-27
Algorithm converged after  6  iterations.
[1] 4.343624e-23 1.506034e-31
Algorithm converged after  6  iterations.
[1] 1.637626e-27 5.352858e-38
Algorithm converged after  6  iterations.
[1] 3.872302e-34 1.125872e-47
Algorithm converged after  5  iterations.
[1] 3.609392e-45 8.319429e-64
Algorithm converged after  5  iterations.
[1] 3.296259e-67 4.524805e-96
Algorithm converged after  5  iterations.
[1] 2.806698e-133 7.344526e-193
Algorithm converged after  5  iterations.
[1] 0.1632975
Algorithm converged after  2  iterations.
[1] 0.0046264789 0.0003912543
[1] 0.0064446502 0.0006008189
Algorithm converged after  20  iterations.
[1] 0.0039738797 0.0003106001
[1] 0.0053491942 0.0004830762
Algorithm converged after  16  iterations.
[1] 0.0033948722 0.0002444892
[1] 0.0044566464 0.0003891574
Algorithm converged after  14  iterations.
[1] 0.0028833929 0.0001907597
[1] 0.0037154365 0.0003136442
Algorithm converged after  13  iterations.
[1] 0.0024337470 0.0001475246
[1] 0.0030964613 0.0002519986
Algorithm converged after  11  iterations.
[1] 0.0020405556 0.0001131274
Algorithm converged after  10  iterations.
[1] 1.698721e-03 8.611981e-05
Algorithm converged after  10  iterations.
[1] 1.403404e-03 6.525929e-05
Algorithm converged after  9  iterations.
[1] 1.150012e-03 4.952532e-05
Algorithm converged after  9  iterations.
[1] 9.341930e-04 3.808992e-05
Algorithm converged after  9  iterations.
[1] 7.518338e-04 2.993854e-05
Algorithm converged after  9  iterations.
[1] 5.990634e-04 2.389562e-05
Algorithm converged after  8  iterations.
[1] 4.722572e-04 1.918386e-05
Algorithm converged after  8  iterations.
[1] 0.0003680427 0.0000153721
Algorithm converged after  8  iterations.
[1] 2.833052e-04 1.221574e-05
Algorithm converged after  8  iterations.
[1] 2.151926e-04 9.573223e-06
Algorithm converged after  8  iterations.
[1] 1.611182e-04 7.361772e-06
Algorithm converged after  8  iterations.
[1] 1.187608e-04 5.530523e-06
Algorithm converged after  8  iterations.
[1] 8.606103e-05 4.042893e-06
Algorithm converged after  8  iterations.
[1] 6.121446e-05 2.865525e-06
Algorithm converged after  8  iterations.
[1] 4.266037e-05 1.962650e-06
Algorithm converged after  8  iterations.
[1] 2.906774e-05 1.294699e-06
Algorithm converged after  8  iterations.
[1] 1.931839e-05 8.197534e-07
Algorithm converged after  8  iterations.
[1] 1.248820e-05 4.963052e-07
Algorithm converged after  8  iterations.
[1] 7.827185e-06 2.860957e-07
Algorithm converged after  8  iterations.
[1] 4.738808e-06 1.562508e-07
Algorithm converged after  8  iterations.
[1] 2.759303e-06 8.038155e-08
Algorithm converged after  8  iterations.
[1] 1.537360e-06 3.868275e-08
Algorithm converged after  8  iterations.
[1] 8.146524e-07 1.727138e-08
Algorithm converged after  8  iterations.
[1] 4.076290e-07 7.084127e-09
Algorithm converged after  8  iterations.
[1] 1.909437e-07 2.637538e-09
Algorithm converged after  7  iterations.
[1] 8.286240e-08 8.784904e-10
Algorithm converged after  7  iterations.
[1] 3.289123e-08 2.571202e-10
Algorithm converged after  7  iterations.
[1] 1.175524e-08 6.468081e-11
Algorithm converged after  7  iterations.
[1] 3.709048e-09 1.360205e-11
Algorithm converged after  7  iterations.
[1] 1.007743e-09 2.308549e-12
Algorithm converged after  7  iterations.
[1] 2.283401e-10 3.022133e-13
Algorithm converged after  7  iterations.
[1] 4.137858e-11 2.876067e-14
Algorithm converged after  7  iterations.
[1] 5.671422e-12 1.838594e-15
Algorithm converged after  7  iterations.
[1] 5.448662e-13 7.089041e-17
Algorithm converged after  6  iterations.
[1] 3.298557e-14 1.417782e-18
Algorithm converged after  6  iterations.
[1] 1.078977e-15 1.182959e-20
Algorithm converged after  6  iterations.
[1] 1.514273e-17 2.970455e-23
Algorithm converged after  6  iterations.
[1] 6.346747e-20 1.343743e-26
Algorithm converged after  6  iterations.
[1] 4.343624e-23 4.657121e-31
Algorithm converged after  6  iterations.
[1] 1.637626e-27 2.654381e-37
Algorithm converged after  5  iterations.
[1] 3.872302e-34 1.147005e-46
Algorithm converged after  5  iterations.
[1] 3.609392e-45 2.866997e-62
Algorithm converged after  5  iterations.
[1] 3.296259e-67 1.846003e-93
Algorithm converged after  5  iterations.
[1] 2.806698e-133 5.413834e-187
Algorithm converged after  4  iterations.
[1] 0.1614935
Algorithm converged after  2  iterations.
[1] 0.0046264789 0.0008034127
Algorithm converged after  2  iterations.
[1] 0.0039738797 0.0006405391
Algorithm converged after  2  iterations.
[1] 0.003394872 0.000508173
Algorithm converged after  2  iterations.
[1] 0.0028833929 0.0004018534
Algorithm converged after  2  iterations.
[1] 0.0024337470 0.0003177123
Algorithm converged after  2  iterations.
[1] 0.0020405556 0.0002528057
Algorithm converged after  2  iterations.
[1] 0.0016987209 0.0002063794
Algorithm converged after  2  iterations.
[1] 0.0014034040 0.0001761376
Algorithm converged after  2  iterations.
[1] 0.0011500121 0.0001534925
Algorithm converged after  2  iterations.
[1] 0.0009341930 0.0001346346
Algorithm converged after  2  iterations.
[1] 0.0007518338 0.0001180523
Algorithm converged after  2  iterations.
[1] 0.0005990634 0.0001029858
Algorithm converged after  2  iterations.
[1] 4.722572e-04 8.903308e-05
Algorithm converged after  2  iterations.
[1] 3.680427e-04 7.600658e-05
Algorithm converged after  2  iterations.
[1] 0.0002833052 0.0000638619
Algorithm converged after  2  iterations.
[1] 2.151926e-04 5.264909e-05
Algorithm converged after  2  iterations.
[1] 0.0001611182 0.0000424692
Algorithm converged after  2  iterations.
[1] 1.187608e-04 3.343304e-05
Algorithm converged after  2  iterations.
[1] 8.606103e-05 2.562561e-05
Algorithm converged after  2  iterations.
[1] 6.121446e-05 1.908129e-05
Algorithm converged after  2  iterations.
[1] 4.266037e-05 1.377299e-05
Algorithm converged after  2  iterations.
[1] 2.906774e-05 9.614915e-06
Algorithm converged after  2  iterations.
[1] 1.931839e-05 6.475450e-06
Algorithm converged after  2  iterations.
[1] 1.248820e-05 4.195229e-06
Algorithm converged after  2  iterations.
[1] 7.827185e-06 2.605810e-06
Algorithm converged after  2  iterations.
[1] 4.738808e-06 1.545608e-06
Algorithm converged after  2  iterations.
[1] 2.759303e-06 8.712783e-07
Algorithm converged after  2  iterations.
[1] 1.537360e-06 4.641257e-07
Algorithm converged after  2  iterations.
[1] 8.146524e-07 2.320345e-07
Algorithm converged after  2  iterations.
[1] 4.076290e-07 1.079709e-07
Algorithm converged after  2  iterations.
[1] 1.909437e-07 4.629457e-08
Algorithm converged after  2  iterations.
[1] 8.286240e-08 1.806723e-08
Algorithm converged after  2  iterations.
[1] 3.289123e-08 6.321728e-09
Algorithm converged after  2  iterations.
[1] 1.175524e-08 1.946388e-09
Algorithm converged after  2  iterations.
[1] 3.709048e-09 5.150774e-10
Algorithm converged after  2  iterations.
[1] 1.007743e-09 1.137145e-10
Algorithm converged after  2  iterations.
[1] 2.283401e-10 2.015503e-11
Algorithm converged after  2  iterations.
[1] 4.137858e-11 2.727368e-12
Algorithm converged after  2  iterations.
[1] 5.671422e-12 2.634909e-13
Algorithm converged after  2  iterations.
[1] 5.448662e-13 1.658459e-14
Algorithm converged after  2  iterations.
[1] 3.298557e-14 5.982736e-16
Algorithm converged after  2  iterations.
[1] 1.078977e-15 1.027864e-17
Algorithm converged after  2  iterations.
[1] 1.514273e-17 6.370521e-20
Algorithm converged after  2  iterations.
[1] 6.346747e-20 9.205201e-23
Algorithm converged after  2  iterations.
[1] 4.343624e-23 1.498067e-26
Algorithm converged after  2  iterations.
[1] 1.637626e-27 7.411550e-32
Algorithm converged after  2  iterations.
[1] 3.872302e-34 8.122074e-40
Algorithm converged after  2  iterations.
[1] 3.609392e-45 4.372271e-53
Algorithm converged after  2  iterations.
[1] 3.296259e-67 1.261630e-79
Algorithm converged after  2  iterations.
[1] 2.806698e-133 3.024362e-159
Algorithm converged after  2  iterations.
[1] 0.1475141
Algorithm converged after  2  iterations.
[1] 0.0046264789 0.0004368246 0.0001443377
[1] 0.0051482559 0.0004606634 0.0001528032
Algorithm converged after  12  iterations.
[1] 0.0039738797 0.0003418473 0.0001120397
[1] 0.0045272175 0.0003629397 0.0001156248
Algorithm converged after  12  iterations.
[1] 3.394872e-03 2.653784e-04 8.480242e-05
[1] 3.965539e-03 2.844968e-04 8.632578e-05
Algorithm converged after  11  iterations.
[1] 2.883393e-03 2.040316e-04 6.294506e-05
[1] 3.460771e-03 2.213649e-04 6.370631e-05
Algorithm converged after  11  iterations.
[1] 0.0024337470 0.0001551492 0.0000459975
[1] 3.009314e-03 1.707393e-04 4.654829e-05
Algorithm converged after  12  iterations.
[1] 2.040556e-03 1.165547e-04 3.318166e-05
[1] 0.0026042203 0.0001303659 0.0000337364
Algorithm converged after  12  iterations.
[1] 1.698721e-03 8.641661e-05 2.367665e-05
[1] 2.235131e-03 9.832267e-05 2.429690e-05
Algorithm converged after  13  iterations.
[1] 1.403404e-03 6.317483e-05 1.673860e-05
[1] 1.890950e-03 7.300741e-05 1.739042e-05
[1] 1.891157e-03 7.300456e-05 1.739350e-05
Algorithm converged after  25  iterations.
[1] 1.150012e-03 4.549717e-05 1.174672e-05
[1] 1.563850e-03 5.381094e-05 1.189174e-05
[1] 1.584756e-03 5.441871e-05 1.159628e-05
[1] 1.601490e-03 5.481678e-05 1.140946e-05
[1] 1.613078e-03 5.504644e-05 1.131825e-05
[1] 1.620893e-03 5.517546e-05 1.128224e-05
[1] 1.626194e-03 5.524773e-05 1.127384e-05
[1] 1.629839e-03 5.528819e-05 1.127794e-05
[1] 1.632380e-03 5.531077e-05 1.128685e-05
[1] 1.634174e-03 5.532331e-05 1.129683e-05
[1] 1.635456e-03 5.533020e-05 1.130618e-05
[1] 1.636382e-03 5.533394e-05 1.131426e-05
[1] 1.637056e-03 5.533593e-05 1.132093e-05
[1] 1.637551e-03 5.533696e-05 1.132628e-05
[1] 1.637916e-03 5.533747e-05 1.133051e-05
[1] 0.0016381868 0.0000553377 0.0000113338
[1] 1.638388e-03 5.533778e-05 1.133634e-05
[1] 1.638539e-03 5.533780e-05 1.133829e-05
[1] 1.638652e-03 5.533778e-05 1.133977e-05
[1] 1.638736e-03 5.533775e-05 1.134091e-05
Algorithm did not converge after  200  iterations.
[1] 9.341930e-04 3.225196e-05 8.215577e-06
[1] 1.315396e-03 3.894171e-05 8.312760e-06
[1] 1.342896e-03 3.941913e-05 8.485728e-06
[1] 1.348406e-03 3.967903e-05 8.311061e-06
[1] 1.346282e-03 3.978028e-05 8.106754e-06
[1] 1.345603e-03 3.984533e-05 8.007914e-06
[1] 1.345021e-03 3.988782e-05 7.943610e-06
[1] 1.344579e-03 3.991804e-05 7.900145e-06
[1] 1.344257e-03 3.994075e-05 7.870006e-06
[1] 1.344028e-03 3.995853e-05 7.848927e-06
[1] 1.343873e-03 3.997290e-05 7.834294e-06
[1] 1.343776e-03 3.998479e-05 7.824407e-06
[1] 1.343722e-03 3.999483e-05 7.818107e-06
[1] 1.343702e-03 4.000344e-05 7.814575e-06
[1] 1.343706e-03 4.001091e-05 7.813212e-06
[1] 1.343726e-03 4.001746e-05 7.813564e-06
[1] 1.343758e-03 4.002325e-05 7.815285e-06
[1] 1.343794e-03 4.002840e-05 7.818098e-06
[1] 1.343831e-03 4.003300e-05 7.821784e-06
[1] 1.343864e-03 4.003712e-05 7.826162e-06
Algorithm did not converge after  200  iterations.
[1] 7.518338e-04 2.248740e-05 5.811767e-06
[1] 1.053945e-03 2.721874e-05 6.537645e-06
[1] 1.010897e-03 2.715101e-05 5.216873e-06
[1] 9.937559e-04 2.691577e-05 5.206505e-06
[1] 9.931269e-04 2.686585e-05 5.269074e-06
[1] 1.029333e-03 2.721334e-05 5.546726e-06
[1] 1.012569e-03 2.713599e-05 5.257594e-06
[1] 1.007663e-03 2.712076e-05 5.209295e-06
[1] 1.042750e-03 2.728729e-05 5.890055e-06
[1] 1.011780e-03 2.712578e-05 5.263417e-06
[1] 1.022993e-03 2.719576e-05 5.420381e-06
[1] 1.011571e-03 2.714158e-05 5.264088e-06
[1] 1.000131e-03 2.704926e-05 5.186750e-06
[1] 9.918239e-04 2.676372e-05 5.435541e-06
[1] 9.820651e-04 2.686120e-05 5.095432e-06
[1] 1.062260e-03 2.742047e-05 6.585882e-06
[1] 9.970806e-04 2.705669e-05 5.150465e-06
[1] 1.015499e-03 2.717932e-05 5.305827e-06
[1] 1.010414e-03 2.714322e-05 5.259648e-06
[1] 9.879672e-04 2.686156e-05 5.239149e-06
Algorithm did not converge after  200  iterations.
[1] 5.990634e-04 1.541378e-05 4.487774e-06
[1] 7.911400e-04 1.832302e-05 4.050877e-06
[1] 7.772927e-04 1.824759e-05 3.731586e-06
[1] 7.626410e-04 1.798944e-05 3.925912e-06
[1] 7.840322e-04 1.829415e-05 3.850723e-06
[1] 7.931339e-04 1.833427e-05 4.113322e-06
[1] 7.714659e-04 1.821431e-05 3.663235e-06
[1] 8.074464e-04 1.838869e-05 4.775641e-06
[1] 7.694012e-04 1.796751e-05 4.432101e-06
[1] 7.780370e-04 1.826534e-05 3.742870e-06
[1] 7.698172e-04 1.820931e-05 3.644269e-06
[1] 8.100420e-04 1.839904e-05 4.904858e-06
[1] 8.008900e-04 1.835380e-05 4.434476e-06
[1] 7.596955e-04 1.808335e-05 3.638676e-06
[1] 7.666230e-04 1.814178e-05 3.696799e-06
[1] 8.169893e-04 1.841192e-05 5.308267e-06
[1] 7.738859e-04 1.799777e-05 4.508996e-06
[1] 7.804564e-04 1.801784e-05 4.881155e-06
[1] 7.595626e-04 1.806651e-05 3.672447e-06
[1] 7.651978e-04 1.810021e-05 3.763744e-06
Algorithm did not converge after  200  iterations.
[1] 4.722572e-04 1.038685e-05 4.050243e-06
[1] 6.300338e-04 1.228856e-05 6.328945e-06
Algorithm converged after  12  iterations.
[1] 3.680427e-04 6.890797e-06 3.800038e-06
[1] 4.942334e-04 8.292519e-06 5.355153e-06
Algorithm converged after  11  iterations.
[1] 2.833052e-04 4.515334e-06 3.149681e-06
Algorithm converged after  10  iterations.
[1] 2.151926e-04 2.928687e-06 2.234330e-06
Algorithm converged after  10  iterations.
[1] 1.611182e-04 1.876615e-06 1.445715e-06
Algorithm converged after  10  iterations.
[1] 1.187608e-04 1.183212e-06 8.851097e-07
Algorithm converged after  9  iterations.
[1] 8.606103e-05 7.309362e-07 5.192583e-07
Algorithm converged after  9  iterations.
[1] 6.121446e-05 4.405726e-07 2.929033e-07
Algorithm converged after  9  iterations.
[1] 4.266037e-05 2.580473e-07 1.588102e-07
Algorithm converged after  9  iterations.
[1] 2.906774e-05 8.220070e-08 1.458101e-07
Algorithm converged after  9  iterations.
[1] 1.931839e-05 4.493211e-14 6.029176e-14
[1] 2.112647e-05 4.479896e-08 7.797819e-08
Algorithm converged after  14  iterations.
[1] 1.248820e-05 4.182678e-08 1.941311e-08
Algorithm converged after  8  iterations.
[1] 7.827185e-06 2.089426e-08 8.690335e-09
Algorithm converged after  8  iterations.
[1] 4.738808e-06 9.897358e-09 3.658531e-09
Algorithm converged after  7  iterations.
[1] 2.759303e-06 4.415203e-09 1.437511e-09
Algorithm converged after  7  iterations.
[1] 1.537360e-06 1.840136e-09 5.224577e-10
Algorithm converged after  7  iterations.
[1] 8.146524e-07 7.097976e-10 1.737798e-10
Algorithm converged after  7  iterations.
[1] 4.076290e-07 2.505867e-10 5.223130e-11
Algorithm converged after  6  iterations.
[1] 1.909437e-07 7.989440e-11 1.397027e-11
Algorithm converged after  6  iterations.
[1] 8.286240e-08 2.263561e-11 3.264171e-12
Algorithm converged after  6  iterations.
[1] 3.289123e-08 5.587499e-12 6.513127e-13
Algorithm converged after  5  iterations.
[1] 1.175524e-08 1.172778e-12 1.079162e-13
Algorithm converged after  5  iterations.
[1] 3.709048e-09 2.030369e-13 1.433665e-14
Algorithm converged after  5  iterations.
[1] 1.007743e-09 2.789771e-14 1.460813e-15
Algorithm converged after  5  iterations.
[1] 2.283401e-10 2.895354e-15 1.078294e-16
Algorithm converged after  5  iterations.
[1] 4.137858e-11 2.127546e-16 3.879016e-36
[1] 4.282076e-11 2.139690e-16 8.135118e-30
[1] 4.783132e-11 2.172667e-16 2.499015e-35
[1] 3.942499e-11 2.124012e-16 5.165927e-18
[1] 4.386979e-11 2.149872e-16 5.103984e-18
[1] 3.927707e-11 2.121677e-16 5.261075e-18
[1] 4.537545e-11 2.154948e-16 5.219238e-18
[1] 3.627418e-11 2.087987e-16 6.569396e-18
Algorithm converged after  73  iterations.
[1] 5.671422e-12 1.015446e-17 1.616305e-19
[1] 5.254478e-12 1.011300e-17 4.944090e-39
Algorithm converged after  16  iterations.
[1] 5.448662e-13 2.798985e-19 2.594154e-21
Algorithm converged after  7  iterations.
[1] 3.298557e-14 3.780020e-21 1.829593e-23
Algorithm converged after  10  iterations.
[1] 1.078977e-15 1.972554e-23 4.309355e-26
Algorithm converged after  7  iterations.
[1] 1.514273e-17 2.786236e-26 2.245949e-29
Algorithm converged after  7  iterations.
[1] 6.346747e-20 6.090536e-30 4.490928e-35
Algorithm converged after  4  iterations.
[1] 4.343624e-23 8.118019e-35 6.453288e-41
Algorithm converged after  5  iterations.
[1] 1.637626e-27 1.234925e-41 5.197750e-49
Algorithm converged after  4  iterations.
[1] 3.872302e-34 7.521530e-52 6.883079e-59
Algorithm converged after  5  iterations.
[1] 3.609392e-45 7.409981e-69 1.487505e-78
[1] 3.117500e-45 7.518284e-69 1.458102e-78
[1]  3.125531e-45  7.517707e-69 1.010633e-108
[1] 3.126558e-45 7.518430e-69 8.928872e-90
[1] 2.459134e-45 7.680725e-69 1.116603e-81
[1] 2.463082e-45 7.680620e-69 1.499583e-78
[1] 2.461054e-45 7.682207e-69 1.117579e-81
[1] 2.463324e-45 7.682584e-69 1.501115e-78
[1] 2.459296e-45 7.684731e-69 1.118648e-81
[1]  3.114785e-45  7.525806e-69 4.358501e-155
[1] 2.452297e-45 7.688410e-69 8.775993e-90
[1] 2.452219e-45 7.689392e-69 1.116059e-81
[1] 2.463025e-45 7.687718e-69 1.116106e-81
[1] 2.463044e-45 7.688762e-69 8.778637e-90
[1]  3.140904e-45  7.525751e-69 1.662030e-113
[1] 2.462821e-45 7.691185e-69 8.779463e-90
[1] 3.141081e-45 7.527628e-69 1.457514e-78
[1] 3.141605e-45 7.527863e-69 1.458732e-78
[1] 3.174674e-45 7.521293e-69 1.473912e-78
[1] 3.126865e-45 7.533042e-69 1.476915e-78
Algorithm did not converge after  200  iterations.
[1]  3.296259e-67 7.837729e-103 3.346447e-122
Algorithm converged after  5  iterations.
[1] 2.806698e-133 1.173671e-204 2.855682e-243
Algorithm converged after  5  iterations.
[1] 0.1632191
Algorithm converged after  2  iterations.
[1] 4.626479e-03 3.683382e-04 9.351744e-05
[1] 0.0042981772 0.0005539546 0.0003391206
Algorithm converged after  17  iterations.
[1] 3.973880e-03 2.841916e-04 8.807307e-05
[1] 0.0049883792 0.0003317367 0.0002007158
Algorithm converged after  16  iterations.
[1] 3.394872e-03 4.842749e-06 1.350381e-06
[1] 0.0031896441 0.0003773338 0.0002097151
Algorithm converged after  16  iterations.
[1] 0.0028833929 0.0001863294 0.0001161725
[1] 0.0038070678 0.0002010426 0.0001192917
Algorithm converged after  14  iterations.
[1] 2.433747e-03 1.594657e-04 8.650213e-05
[1] 3.327136e-03 1.683619e-04 9.138139e-05
Algorithm converged after  14  iterations.
[1] 2.040556e-03 1.367379e-04 6.301017e-05
[1] 2.842887e-03 1.432198e-04 6.854795e-05
Algorithm converged after  14  iterations.
[1] 1.698721e-03 1.171098e-04 4.514951e-05
[1] 2.382967e-03 1.230979e-04 5.023946e-05
Algorithm converged after  13  iterations.
[1] 1.403404e-03 9.997510e-05 3.186596e-05
[1] 0.0019693557 0.0001061357 0.0000360207
Algorithm converged after  12  iterations.
[1] 1.150012e-03 8.492521e-05 2.215721e-05
[1] 1.609679e-03 9.124553e-05 2.531207e-05
Algorithm converged after  11  iterations.
[1] 9.341930e-04 7.166338e-05 1.517384e-05
Algorithm converged after  10  iterations.
[1] 7.518338e-04 5.996551e-05 1.022863e-05
[1] 1.045414e-03 6.582549e-05 1.181578e-05
Algorithm converged after  11  iterations.
[1] 5.990634e-04 4.965920e-05 6.781353e-06
[1] 8.308346e-04 5.493680e-05 7.852929e-06
Algorithm converged after  12  iterations.
[1] 4.722572e-04 4.061135e-05 4.416906e-06
[1] 6.537196e-04 4.517786e-05 5.121792e-06
Algorithm converged after  12  iterations.
[1] 3.680427e-04 3.271920e-05 2.822652e-06
[1] 5.087742e-04 3.652819e-05 3.275714e-06
Algorithm converged after  12  iterations.
[1] 2.833052e-04 2.590227e-05 1.767280e-06
[1] 3.912744e-04 2.897300e-05 2.052248e-06
Algorithm converged after  12  iterations.
[1] 2.151926e-04 2.009385e-05 1.082435e-06
[1] 2.970662e-04 2.249095e-05 1.257874e-06
Algorithm converged after  12  iterations.
[1] 1.611182e-04 1.523190e-05 6.475545e-07
[1] 2.224785e-04 1.704615e-05 7.531400e-07
Algorithm converged after  11  iterations.
[1] 1.187608e-04 1.125055e-05 3.777758e-07
Algorithm converged after  10  iterations.
[1] 8.606103e-05 8.073860e-06 2.145282e-07
Algorithm converged after  9  iterations.
[1] 6.121446e-05 5.613385e-06 2.434075e-11
Algorithm converged after  9  iterations.
[1] 4.266037e-05 3.769763e-06 6.318451e-08
Algorithm converged after  8  iterations.
[1] 2.906774e-05 2.437697e-06 3.255907e-08
Algorithm converged after  8  iterations.
[1] 1.931839e-05 1.512599e-06 1.612077e-08
Algorithm converged after  7  iterations.
[1] 1.248820e-05 8.971473e-07 7.631772e-09
Algorithm converged after  9  iterations.
[1] 7.827185e-06 5.063728e-07 2.013543e-13
[1] 1.142607e-05 5.662561e-07 3.874973e-09
[1] 1.150634e-05 5.684829e-07 3.841710e-09
Algorithm converged after  25  iterations.
[1] 4.738808e-06 2.705827e-07 1.460363e-09
Algorithm converged after  10  iterations.
[1] 2.759303e-06 1.360557e-07 5.306718e-18
Algorithm converged after  9  iterations.
[1] 1.537360e-06 6.391467e-08 1.457080e-10
[1] 2.192755e-06 7.006473e-08 1.675198e-10
[1] 2.309895e-06 7.099076e-08 1.657181e-10
Algorithm converged after  24  iterations.
[1] 8.146524e-07 2.781213e-08 1.504810e-19
[1] 1.105194e-06 2.979558e-08 5.061298e-11
[1] 1.214585e-06 3.076310e-08 8.274092e-11
[1] 1.054462e-06 2.951428e-08 4.986013e-11
[1] 1.216537e-06 3.079159e-08 5.613757e-19
[1] 1.137708e-06 3.022649e-08 7.939466e-11
[1] 1.215484e-06 3.080235e-08 2.511247e-17
[1] 1.097405e-06 2.999844e-08 4.978786e-13
[1] 1.193173e-06 3.059769e-08 1.461000e-19
[1] 1.107771e-06 3.009497e-08 6.022049e-19
[1] 1.054153e-06 2.958973e-08 4.969204e-11
[1] 1.239489e-06 3.097869e-08 6.729052e-17
[1] 1.212738e-06 3.087339e-08 5.640852e-19
[1] 1.120223e-06 3.021999e-08 2.909100e-12
[1] 1.149478e-06 3.040715e-08 5.045443e-11
[1] 1.134612e-06 3.030936e-08 5.016103e-11
[1] 1.136305e-06 3.034312e-08 9.041281e-19
[1] 1.203846e-06 3.084866e-08 8.286843e-11
[1] 1.166587e-06 3.055033e-08 8.021922e-11
[1] 1.123153e-06 3.028344e-08 1.644808e-19
Algorithm did not converge after  200  iterations.
[1] 4.076290e-07 1.109587e-08 1.335917e-11
[1] 6.380258e-07 1.236260e-08 1.525778e-11
[1] 6.192749e-07 1.230083e-08 3.023692e-20
Algorithm converged after  29  iterations.
[1] 1.909437e-07 4.008691e-09 3.395816e-12
[1] 2.915450e-07 4.428599e-09 3.880651e-12
[1] 2.785822e-07 4.365392e-09 3.764267e-12
[1] 3.039845e-07 4.469762e-09 7.049867e-12
[1] 2.801347e-07 4.377770e-09 3.013645e-20
[1] 2.842502e-07 4.403291e-09 3.833015e-12
[1] 2.666216e-07 4.330468e-09 3.727210e-12
[1] 3.039316e-07 4.479749e-09 3.932698e-12
[1] 2.382090e-07 4.207022e-09 3.586777e-12
[1] 3.036240e-07 4.476509e-09 3.910506e-12
Algorithm converged after  94  iterations.
[1] 8.286240e-08 1.291864e-09 4.788938e-17
[1] 1.170446e-07 1.391648e-09 4.281961e-23
[1] 1.325990e-07 1.434656e-09 3.219673e-14
[1] 1.171841e-07 1.392815e-09 1.659417e-12
[1] 1.318224e-07 1.432605e-09 2.832619e-14
[1] 1.325651e-07 1.435597e-09 2.819731e-14
[1] 1.267722e-07 1.416907e-09 2.828324e-23
[1] 1.271866e-07 1.423659e-09 2.192489e-23
[1] 1.162927e-07 1.391881e-09 1.656202e-12
[1] 1.031821e-07 1.352355e-09 7.294253e-24
[1] 1.257899e-07 1.419459e-09 1.694198e-23
[1] 1.325384e-07 1.437772e-09 3.713368e-14
[1] 1.136940e-07 1.386750e-09 1.602392e-23
[1] 1.222556e-07 1.411375e-09 3.670634e-14
[1] 1.155866e-07 1.393688e-09 3.577730e-21
[1] 1.163197e-07 1.395648e-09 6.791596e-20
[1] 1.335274e-07 1.444979e-09 1.723319e-12
[1] 1.167543e-07 1.398511e-09 8.273479e-13
[1] 1.320924e-07 1.440563e-09 9.178951e-13
[1] 1.324075e-07 1.442236e-09 3.692520e-14
Algorithm did not converge after  200  iterations.
[1] 3.289123e-08 3.645699e-10 1.664758e-13
[1] 4.613013e-08 3.913812e-10 3.548971e-22
[1] 4.344665e-08 3.857654e-10 1.734726e-13
[1] 4.481505e-08 3.897061e-10 1.548764e-13
[1] 5.345919e-08 4.051998e-10 1.629079e-13
[1] 5.022575e-08 3.989478e-10 4.381862e-17
[1] 4.627057e-08 3.923049e-10 3.460689e-13
[1] 4.212915e-08 3.842900e-10 1.721069e-13
[1] 4.489647e-08 3.901690e-10 3.257065e-25
[1] 5.343183e-08 4.063118e-10 1.644378e-13
[1] 4.996077e-08 3.999875e-10 1.922087e-19
[1] 5.305882e-08 4.056161e-10 3.596304e-13
[1] 4.213365e-08 3.846018e-10 7.902582e-23
[1] 5.301854e-08 4.061010e-10 1.790131e-13
[1] 4.295663e-08 3.866426e-10 1.494504e-13
[1] 4.961120e-08 4.005627e-10 1.198981e-24
[1] 4.960716e-08 4.008887e-10 1.749769e-13
[1] 4.583545e-08 3.935967e-10 1.723073e-13
[1] 5.307828e-08 4.067783e-10 3.592271e-13
[1] 5.311674e-08 4.074385e-10 1.641575e-13
Algorithm did not converge after  200  iterations.
[1] 1.175524e-08 8.805561e-11 2.160349e-14
[1] 1.916978e-08 9.725978e-11 2.516803e-14
[1] 1.704589e-08 9.481415e-11 2.846235e-14
[1] 1.925713e-08 9.743486e-11 2.535201e-14
[1] 1.583358e-08 9.321975e-11 2.298626e-14
[1] 1.914954e-08 9.734598e-11 7.944749e-24
[1] 1.929555e-08 9.755856e-11 9.066409e-16
[1] 1.806360e-08 9.631298e-11 6.180416e-14
[1] 1.917999e-08 9.749732e-11 2.967127e-14
[1] 1.924397e-08 9.766817e-11 7.469855e-16
[1] 1.930306e-08 9.772020e-11 9.148004e-16
[1] 1.773225e-08 9.602556e-11 3.370448e-23
[1] 1.661690e-08 9.465271e-11 2.407711e-14
[1] 1.792951e-08 9.617290e-11 2.466149e-14
[1] 1.755926e-08 9.595650e-11 2.476299e-14
[1] 1.651890e-08 9.465122e-11 1.380640e-26
[1] 1.787658e-08 9.616802e-11 6.832966e-29
[1] 1.913447e-08 9.776850e-11 2.515233e-14
[1] 1.815177e-08 9.673331e-11 2.513552e-14
[1] 1.758280e-08 9.603495e-11 2.446048e-14
Algorithm did not converge after  200  iterations.
[1] 3.709048e-09 1.768889e-11 2.640432e-15
[1] 5.340958e-09 1.893522e-11 1.270434e-23
[1] 5.336549e-09 1.894828e-11 2.944675e-15
[1] 6.143325e-09 1.951776e-11 3.087824e-15
Algorithm converged after  33  iterations.
[1] 1.007743e-09 2.849874e-12 1.376094e-32
[1] 1.666820e-09 3.125922e-12 9.768735e-16
[1] 1.680316e-09 3.131711e-12 1.382370e-20
[1] 1.667421e-09 3.128482e-12 1.075805e-31
[1] 1.425426e-09 3.033444e-12 2.393285e-26
[1] 1.517634e-09 3.073401e-12 2.228001e-31
[1] 1.553975e-09 3.087367e-12 2.840137e-16
[1] 1.368965e-09 3.013331e-12 1.087367e-21
[1] 1.479161e-09 3.056064e-12 2.736929e-16
[1] 1.495470e-09 3.062986e-12 2.743101e-16
Algorithm converged after  99  iterations.
[1] 2.283401e-10 3.514132e-13 3.805638e-28
[1] 3.810807e-10 3.845649e-13 1.926307e-17
[1] 3.155316e-10 3.713769e-13 1.984635e-19
[1] 3.155316e-10 3.713769e-13 1.984635e-19
[1] 3.155316e-10 3.713769e-13 1.984635e-19
[1] 3.155316e-10 3.713769e-13 1.984635e-19
[1] 3.155316e-10 3.713769e-13 1.984635e-19
[1] 3.155316e-10 3.713769e-13 1.984635e-19
[1] 3.155316e-10 3.713769e-13 1.984635e-19
[1] 3.155316e-10 3.713769e-13 1.984635e-19
[1] 3.155316e-10 3.713769e-13 1.984635e-19
[1] 3.155316e-10 3.713769e-13 1.984635e-19
[1] 3.155316e-10 3.713769e-13 1.984635e-19
[1] 3.155316e-10 3.713769e-13 1.984635e-19
[1] 3.155316e-10 3.713769e-13 1.984635e-19
[1] 3.155316e-10 3.713769e-13 1.984635e-19
[1] 3.155316e-10 3.713769e-13 1.984635e-19
[1] 3.155316e-10 3.713769e-13 1.984635e-19
[1] 3.155316e-10 3.713769e-13 1.984635e-19
[1] 3.155316e-10 3.713769e-13 1.984635e-19
Algorithm did not converge after  200  iterations.
[1] 4.137858e-11 3.119576e-14 3.782363e-18
Algorithm converged after  7  iterations.
[1] 5.671422e-12 1.837394e-15 9.213809e-23
[1] 9.555648e-12 1.994160e-15 8.376031e-23
[1] 9.555592e-12 1.994262e-15 8.376069e-23
[1] 9.555546e-12 1.994364e-15 8.376115e-23
[1] 9.555500e-12 1.994466e-15 8.376160e-23
[1] 9.555454e-12 1.994568e-15 8.376205e-23
[1] 9.555407e-12 1.994669e-15 8.376250e-23
[1] 9.555361e-12 1.994771e-15 8.376295e-23
[1] 9.555314e-12 1.994873e-15 8.376340e-23
[1] 9.555267e-12 1.994975e-15 8.376385e-23
[1] 9.555220e-12 1.995077e-15 8.376430e-23
[1] 9.555173e-12 1.995179e-15 8.376474e-23
[1] 9.555126e-12 1.995281e-15 8.376519e-23
[1] 9.555079e-12 1.995383e-15 8.376563e-23
[1] 9.555032e-12 1.995485e-15 8.376608e-23
[1] 9.554985e-12 1.995587e-15 8.376652e-23
[1] 9.554938e-12 1.995689e-15 8.376696e-23
[1] 9.554891e-12 1.995791e-15 8.376741e-23
[1] 9.554845e-12 1.995893e-15 8.376785e-23
[1] 9.554798e-12 1.995995e-15 8.376829e-23
Algorithm did not converge after  200  iterations.
[1] 5.448662e-13 6.423582e-17 6.803368e-25
[1] 9.183364e-13 6.936742e-17 2.771419e-22
[1] 9.196969e-13 6.940500e-17 4.812271e-25
[1] 9.177096e-13 6.937337e-17 5.131704e-25
[1] 9.199559e-13 6.942212e-17 6.924187e-46
[1] 7.624543e-13 6.741489e-17 7.095182e-22
[1] 8.404238e-13 6.840493e-17 4.898890e-25
[1] 8.360375e-13 6.835883e-17 6.320718e-25
[1] 7.617019e-13 6.742546e-17 7.094291e-22
[1] 7.647692e-13 6.746680e-17 7.097601e-22
[1] 7.647710e-13 6.746727e-17 7.097600e-22
[1] 7.647700e-13 6.746770e-17 7.097594e-22
[1] 7.647708e-13 6.746816e-17 7.097591e-22
[1] 7.647709e-13 6.746861e-17 7.097587e-22
[1] 7.647706e-13 6.746906e-17 7.097583e-22
[1] 7.647702e-13 6.746950e-17 7.097578e-22
[1] 7.647696e-13 6.746994e-17 7.097573e-22
[1] 7.647702e-13 6.747040e-17 7.097570e-22
[1] 7.647702e-13 6.747085e-17 7.097566e-22
[1] 7.647696e-13 6.747129e-17 7.097561e-22
Algorithm did not converge after  200  iterations.
[1] 3.298557e-14 1.140530e-18 1.347251e-24
Algorithm converged after  7  iterations.
[1] 1.078977e-15 8.210755e-21 2.379691e-27
[1] 1.512734e-15 8.561713e-21 2.629179e-27
[1] 1.521867e-15 8.568931e-21 1.384620e-30
[1] 1.832692e-15 8.790781e-21 1.336856e-30
[1] 1.614563e-15 8.636361e-21 6.468173e-30
[1] 1.635590e-15 8.651790e-21 1.077135e-29
[1] 1.512320e-15 8.563409e-21 1.391808e-30
[1] 1.823468e-15 8.787252e-21 2.762770e-27
[1] 1.488114e-15 8.545790e-21 1.400024e-30
[1] 1.521780e-15 8.571728e-21 1.382458e-30
