myseed=7005 

Attaching package: ‘pls’

The following object is masked from ‘package:stats’:

    loadings

Loading required package: lattice
Loading required package: ggplot2
Registered S3 methods overwritten by 'ggplot2':
  method         from 
  [.quosures     rlang
  c.quosures     rlang
  print.quosures rlang

Attaching package: ‘caret’

The following object is masked from ‘package:pls’:

    R2

Loading required package: Matrix
Loading required package: foreach
Loaded glmnet 2.0-18

Parsed with column specification:
cols(
  .default = col_double()
)
See spec(...) for full column specifications.
Parsed with column specification:
cols(
  X1 = col_double()
)
Parsed with column specification:
cols(
  X1 = col_double()
)
[1] "Best 2step parameter is:"
   gam  rankJ rankA1 rankA2 rankA3 
  11.5    3.0    0.0    0.0    0.0 
[1] 0.004348374
Algorithm converged after  2  iterations.
[1] 0.00374087
Algorithm converged after  2  iterations.
[1] 0.003202595
Algorithm converged after  2  iterations.
[1] 0.002727375
Algorithm converged after  2  iterations.
[1] 0.002309547
Algorithm converged after  2  iterations.
[1] 0.001943863
Algorithm converged after  2  iterations.
[1] 0.001625435
Algorithm converged after  2  iterations.
[1] 0.001349688
Algorithm converged after  2  iterations.
[1] 0.001112337
Algorithm converged after  2  iterations.
[1] 0.0009093649
Algorithm converged after  2  iterations.
[1] 0.0007370151
Algorithm converged after  2  iterations.
[1] 0.0005917816
Algorithm converged after  2  iterations.
[1] 0.0004704064
Algorithm converged after  2  iterations.
[1] 0.0003698756
Algorithm converged after  2  iterations.
[1] 0.0002874167
Algorithm converged after  2  iterations.
[1] 0.0002204946
Algorithm converged after  2  iterations.
[1] 0.0001668074
Algorithm converged after  2  iterations.
[1] 0.0001242809
Algorithm converged after  2  iterations.
[1] 9.106119e-05
Algorithm converged after  2  iterations.
[1] 6.5507e-05
Algorithm converged after  2  iterations.
[1] 4.618033e-05
Algorithm converged after  2  iterations.
[1] 3.1836e-05
Algorithm converged after  2  iterations.
[1] 2.141002e-05
Algorithm converged after  2  iterations.
[1] 1.400688e-05
Algorithm converged after  2  iterations.
[1] 8.885759e-06
Algorithm converged after  2  iterations.
[1] 5.445724e-06
Algorithm converged after  2  iterations.
[1] 3.210222e-06
Algorithm converged after  2  iterations.
[1] 1.810987e-06
Algorithm converged after  2  iterations.
[1] 9.718e-07
Algorithm converged after  2  iterations.
[1] 4.924957e-07
Algorithm converged after  2  iterations.
[1] 2.336967e-07
Algorithm converged after  2  iterations.
[1] 1.027549e-07
Algorithm converged after  2  iterations.
[1] 4.133547e-08
Algorithm converged after  2  iterations.
[1] 1.497567e-08
Algorithm converged after  2  iterations.
[1] 4.791367e-09
Algorithm converged after  2  iterations.
[1] 1.320495e-09
Algorithm converged after  2  iterations.
[1] 3.036182e-10
Algorithm converged after  2  iterations.
[1] 5.585609e-11
Algorithm converged after  2  iterations.
[1] 7.775941e-12
Algorithm converged after  2  iterations.
[1] 7.59211e-13
Algorithm converged after  2  iterations.
[1] 4.673975e-14
Algorithm converged after  2  iterations.
[1] 1.555889e-15
Algorithm converged after  2  iterations.
[1] 2.223964e-17
Algorithm converged after  2  iterations.
[1] 9.50222e-20
Algorithm converged after  2  iterations.
[1] 6.635935e-23
Algorithm converged after  2  iterations.
[1] 2.555487e-27
Algorithm converged after  2  iterations.
[1] 6.177252e-34
Algorithm converged after  2  iterations.
[1] 5.886267e-45
Algorithm converged after  2  iterations.
[1] 5.477793e-67
Algorithm converged after  2  iterations.
[1] 4.648191e-133
Algorithm converged after  2  iterations.
[1] 0.172223
Algorithm converged after  2  iterations.
[1] 0.0043483741 0.0005120769
[1] 0.0071355784 0.0006934467
Algorithm converged after  20  iterations.
[1] 0.0037408701 0.0003996454
[1] 0.0062194456 0.0005301256
Algorithm converged after  19  iterations.
[1] 0.0032025951 0.0003102642
[1] 0.0053656719 0.0004045667
Algorithm converged after  18  iterations.
[1] 0.0027273755 0.0002389856
[1] 0.0045844981 0.0003073042
Algorithm converged after  16  iterations.
[1] 0.0023095468 0.0001822889
[1] 0.0038790111 0.0002317581
Algorithm converged after  15  iterations.
[1] 0.0019438629 0.0001374923
[1] 0.0032490342 0.0001732394
Algorithm converged after  13  iterations.
[1] 0.0016254345 0.0001024347
[1] 0.0026930271 0.0001282022
Algorithm converged after  12  iterations.
[1] 1.349688e-03 7.531484e-05
[1] 2.208516e-03 9.384532e-05
Algorithm converged after  12  iterations.
[1] 1.112337e-03 5.460922e-05
[1] 1.792054e-03 6.790679e-05
Algorithm converged after  11  iterations.
[1] 9.093649e-04 3.902641e-05
Algorithm converged after  10  iterations.
[1] 7.370151e-04 2.747901e-05
Algorithm converged after  10  iterations.
[1] 5.917816e-04 1.906194e-05
Algorithm converged after  9  iterations.
[1] 4.704064e-04 1.303204e-05
Algorithm converged after  8  iterations.
[1] 3.698756e-04 8.786420e-06
Algorithm converged after  8  iterations.
[1] 2.874167e-04 5.842931e-06
Algorithm converged after  7  iterations.
[1] 2.204946e-04 3.828081e-06
Algorithm converged after  6  iterations.
[1] 1.668074e-04 2.465348e-06
Algorithm converged after  6  iterations.
[1] 1.242809e-04 1.556257e-06
Algorithm converged after  6  iterations.
[1] 9.106119e-05 9.599202e-07
Algorithm converged after  6  iterations.
[1] 6.550700e-05 5.766404e-07
Algorithm converged after  6  iterations.
[1] 4.618033e-05 3.361741e-07
Algorithm converged after  6  iterations.
[1] 3.183600e-05 1.894797e-07
Algorithm converged after  6  iterations.
[1] 2.141002e-05 1.028224e-07
Algorithm converged after  6  iterations.
[1] 1.400688e-05 5.347105e-08
Algorithm converged after  6  iterations.
[1] 8.885759e-06 2.650775e-08
Algorithm converged after  6  iterations.
[1] 5.445724e-06 1.245212e-08
Algorithm converged after  6  iterations.
[1] 3.210222e-06 5.504539e-09
Algorithm converged after  6  iterations.
[1] 1.810987e-06 2.271440e-09
Algorithm converged after  6  iterations.
[1] 9.71800e-07 8.66692e-10
Algorithm converged after  6  iterations.
[1] 4.924957e-07 3.023606e-10
Algorithm converged after  6  iterations.
[1] 2.336967e-07 9.515550e-11
Algorithm converged after  5  iterations.
[1] 1.027549e-07 2.657805e-11
Algorithm converged after  5  iterations.
[1] 4.133547e-08 6.458977e-12
Algorithm converged after  5  iterations.
[1] 1.497567e-08 1.332614e-12
Algorithm converged after  5  iterations.
[1] 4.791367e-09 2.263795e-13
Algorithm converged after  5  iterations.
[1] 1.320495e-09 3.045853e-14
Algorithm converged after  5  iterations.
[1] 3.036182e-10 3.087862e-15
Algorithm converged after  4  iterations.
[1] 5.585609e-11 2.209834e-16
Algorithm converged after  4  iterations.
[1] 7.775941e-12 1.023418e-17
Algorithm converged after  4  iterations.
[1] 7.592110e-13 2.724279e-19
Algorithm converged after  4  iterations.
[1] 4.673975e-14 3.530862e-21
Algorithm converged after  4  iterations.
[1] 1.555889e-15 1.753254e-23
Algorithm converged after  4  iterations.
[1] 2.223964e-17 2.328181e-26
Algorithm converged after  4  iterations.
[1] 9.502220e-20 4.699814e-30
Algorithm converged after  4  iterations.
[1] 6.635935e-23 5.626260e-35
Algorithm converged after  4  iterations.
[1] 2.555487e-27 7.338933e-42
Algorithm converged after  4  iterations.
[1] 6.177252e-34 3.522401e-52
Algorithm converged after  5  iterations.
[1] 5.886267e-45 2.294055e-69
Algorithm converged after  5  iterations.
[1]  5.477793e-67 1.017883e-103
Algorithm converged after  5  iterations.
[1] 4.648191e-133 9.847057e-207
Algorithm converged after  5  iterations.
[1] 0.1669357
Algorithm converged after  2  iterations.
[1] 0.0043483741 0.0004799112
Algorithm converged after  9  iterations.
[1] 0.0037408701 0.0004008705
Algorithm converged after  8  iterations.
[1] 0.0032025951 0.0003393282
Algorithm converged after  7  iterations.
[1] 0.0027273755 0.0002870853
Algorithm converged after  8  iterations.
[1] 0.0023095468 0.0002419363
Algorithm converged after  8  iterations.
[1] 0.0019438629 0.0002026745
Algorithm converged after  8  iterations.
[1] 0.0016254345 0.0001684976
Algorithm converged after  8  iterations.
[1] 0.0013496878 0.0001388146
Algorithm converged after  8  iterations.
[1] 0.0011123367 0.0001131591
Algorithm converged after  8  iterations.
[1] 9.093649e-04 9.114231e-05
Algorithm converged after  8  iterations.
[1] 7.370151e-04 7.242335e-05
Algorithm converged after  8  iterations.
[1] 5.917816e-04 5.668947e-05
Algorithm converged after  8  iterations.
[1] 4.704064e-04 4.364269e-05
Algorithm converged after  8  iterations.
[1] 3.698756e-04 3.299177e-05
Algorithm converged after  8  iterations.
[1] 2.874167e-04 2.444879e-05
Algorithm converged after  8  iterations.
[1] 2.204946e-04 1.772979e-05
Algorithm converged after  8  iterations.
[1] 1.668074e-04 1.255833e-05
Algorithm converged after  8  iterations.
[1] 1.242809e-04 8.670949e-06
Algorithm converged after  8  iterations.
[1] 9.106119e-05 5.823013e-06
Algorithm converged after  7  iterations.
[1] 6.550700e-05 3.794123e-06
Algorithm converged after  7  iterations.
[1] 4.618033e-05 2.392020e-06
Algorithm converged after  7  iterations.
[1] 3.183600e-05 1.454647e-06
Algorithm converged after  7  iterations.
[1] 2.141002e-05 8.502578e-07
Algorithm converged after  7  iterations.
[1] 1.400688e-05 4.757462e-07
Algorithm converged after  7  iterations.
[1] 8.885759e-06 2.536232e-07
Algorithm converged after  7  iterations.
[1] 5.445724e-06 1.281202e-07
Algorithm converged after  7  iterations.
[1] 3.210222e-06 6.093761e-08
Algorithm converged after  7  iterations.
[1] 1.810987e-06 2.708498e-08
Algorithm converged after  7  iterations.
[1] 9.71800e-07 1.11502e-08
Algorithm converged after  7  iterations.
[1] 4.924957e-07 4.206689e-09
Algorithm converged after  6  iterations.
[1] 2.336967e-07 1.436041e-09
Algorithm converged after  6  iterations.
[1] 1.027549e-07 4.367724e-10
Algorithm converged after  6  iterations.
[1] 4.133547e-08 1.161454e-10
Algorithm converged after  6  iterations.
[1] 1.497567e-08 2.637963e-11
Algorithm converged after  6  iterations.
[1] 4.791367e-09 4.970221e-12
Algorithm converged after  6  iterations.
[1] 1.320495e-09 7.486157e-13
Algorithm converged after  6  iterations.
[1] 3.036182e-10 8.595264e-14
Algorithm converged after  6  iterations.
[1] 5.585609e-11 7.069004e-15
Algorithm converged after  6  iterations.
[1] 7.775941e-12 3.832913e-16
Algorithm converged after  5  iterations.
[1] 7.59211e-13 1.22361e-17
Algorithm converged after  5  iterations.
[1] 4.673975e-14 1.963000e-19
Algorithm converged after  5  iterations.
[1] 1.555889e-15 1.258972e-21
Algorithm converged after  5  iterations.
[1] 2.223964e-17 2.290439e-24
Algorithm converged after  5  iterations.
[1] 9.502220e-20 6.894128e-28
Algorithm converged after  5  iterations.
[1] 6.635935e-23 1.397880e-32
Algorithm converged after  5  iterations.
[1] 2.555487e-27 3.788916e-39
Algorithm converged after  5  iterations.
[1] 6.177252e-34 5.406592e-49
Algorithm converged after  5  iterations.
[1] 5.886267e-45 2.143869e-65
Algorithm converged after  4  iterations.
[1] 5.477793e-67 3.476059e-98
Algorithm converged after  4  iterations.
[1] 4.648191e-133 1.592312e-196
Algorithm converged after  4  iterations.
[1] 0.1651433
Algorithm converged after  2  iterations.
[1] 0.0043483741 0.0003069899
[1] 0.0057680569 0.0004512319
Algorithm converged after  17  iterations.
[1] 0.0037408701 0.0002391664
[1] 0.0048497095 0.0003615672
Algorithm converged after  14  iterations.
[1] 0.0032025951 0.0001850183
[1] 0.0040884903 0.0002913379
Algorithm converged after  12  iterations.
[1] 0.0027273755 0.0001421238
[1] 0.0034524711 0.0002331683
Algorithm converged after  11  iterations.
[1] 0.0023095468 0.0001084486
Algorithm converged after  10  iterations.
[1] 1.943863e-03 8.229421e-05
Algorithm converged after  10  iterations.
[1] 1.625435e-03 6.226653e-05
Algorithm converged after  10  iterations.
[1] 1.349688e-03 4.729235e-05
Algorithm converged after  10  iterations.
[1] 1.112337e-03 3.670051e-05
Algorithm converged after  9  iterations.
[1] 0.0009093649 0.0000294305
Algorithm converged after  9  iterations.
[1] 7.370151e-04 2.394893e-05
Algorithm converged after  8  iterations.
[1] 5.917816e-04 1.950645e-05
Algorithm converged after  9  iterations.
[1] 4.704064e-04 1.577919e-05
Algorithm converged after  9  iterations.
[1] 3.698756e-04 1.261027e-05
Algorithm converged after  9  iterations.
[1] 2.874167e-04 9.917085e-06
Algorithm converged after  9  iterations.
[1] 2.204946e-04 7.650292e-06
Algorithm converged after  9  iterations.
[1] 1.668074e-04 5.773112e-06
Algorithm converged after  8  iterations.
[1] 1.242809e-04 4.250912e-06
Algorithm converged after  8  iterations.
[1] 9.106119e-05 3.046680e-06
Algorithm converged after  8  iterations.
[1] 6.550700e-05 2.120072e-06
Algorithm converged after  8  iterations.
[1] 4.618033e-05 1.428523e-06
Algorithm converged after  8  iterations.
[1] 3.183600e-05 9.292941e-07
Algorithm converged after  8  iterations.
[1] 2.141002e-05 5.817077e-07
Algorithm converged after  8  iterations.
[1] 1.400688e-05 3.490553e-07
Algorithm converged after  8  iterations.
[1] 8.885759e-06 1.999032e-07
Algorithm converged after  8  iterations.
[1] 5.445724e-06 1.087098e-07
Algorithm converged after  8  iterations.
[1] 3.210222e-06 5.580192e-08
Algorithm converged after  8  iterations.
[1] 1.810987e-06 2.684766e-08
Algorithm converged after  8  iterations.
[1] 9.71800e-07 1.20065e-08
Algorithm converged after  8  iterations.
[1] 4.924957e-07 4.941416e-09
Algorithm converged after  7  iterations.
[1] 2.336967e-07 1.849287e-09
Algorithm converged after  7  iterations.
[1] 1.027549e-07 6.202400e-10
Algorithm converged after  7  iterations.
[1] 4.133547e-08 1.831416e-10
Algorithm converged after  7  iterations.
[1] 1.497567e-08 4.657210e-11
Algorithm converged after  7  iterations.
[1] 4.791367e-09 9.922401e-12
Algorithm converged after  7  iterations.
[1] 1.320495e-09 1.710423e-12
Algorithm converged after  7  iterations.
[1] 3.036182e-10 2.280829e-13
Algorithm converged after  7  iterations.
[1] 5.585609e-11 2.218643e-14
Algorithm converged after  7  iterations.
[1] 7.775941e-12 1.455760e-15
Algorithm converged after  6  iterations.
[1] 7.592110e-13 5.790773e-17
Algorithm converged after  6  iterations.
[1] 4.673975e-14 1.202598e-18
Algorithm converged after  6  iterations.
[1] 1.555889e-15 1.050728e-20
Algorithm converged after  6  iterations.
[1] 2.223964e-17 2.793992e-23
Algorithm converged after  6  iterations.
[1] 9.502220e-20 1.359443e-26
Algorithm converged after  6  iterations.
[1] 6.635935e-23 5.183724e-31
Algorithm converged after  6  iterations.
[1] 2.555487e-27 3.366944e-37
Algorithm converged after  5  iterations.
[1] 6.177252e-34 1.760051e-46
Algorithm converged after  5  iterations.
[1] 5.886267e-45 5.977020e-62
Algorithm converged after  5  iterations.
[1] 5.477793e-67 6.937594e-93
Algorithm converged after  5  iterations.
[1] 4.648191e-133 1.110873e-185
Algorithm converged after  5  iterations.
[1] 0.1621912
Algorithm converged after  2  iterations.
[1] 0.0043483741 0.0009464166
Algorithm converged after  2  iterations.
[1] 0.0037408701 0.0007650104
Algorithm converged after  2  iterations.
[1] 0.0032025951 0.0006155371
Algorithm converged after  2  iterations.
[1] 0.0027273755 0.0004940339
Algorithm converged after  2  iterations.
[1] 0.0023095468 0.0003971345
Algorithm converged after  2  iterations.
[1] 0.0019438629 0.0003227594
Algorithm converged after  2  iterations.
[1] 0.0016254345 0.0002689821
Algorithm converged after  2  iterations.
[1] 0.0013496878 0.0002282515
Algorithm converged after  2  iterations.
[1] 0.0011123367 0.0001945599
Algorithm converged after  2  iterations.
[1] 0.0009093649 0.0001653911
Algorithm converged after  2  iterations.
[1] 0.0007370151 0.0001396048
Algorithm converged after  2  iterations.
[1] 0.0005917816 0.0001166459
Algorithm converged after  2  iterations.
[1] 4.704064e-04 9.623967e-05
Algorithm converged after  2  iterations.
[1] 3.698756e-04 7.824443e-05
Algorithm converged after  2  iterations.
[1] 2.874167e-04 6.257018e-05
Algorithm converged after  2  iterations.
[1] 2.204946e-04 4.913053e-05
Algorithm converged after  2  iterations.
[1] 1.668074e-04 3.781652e-05
Algorithm converged after  2  iterations.
[1] 1.242809e-04 2.848546e-05
Algorithm converged after  2  iterations.
[1] 9.106119e-05 2.096058e-05
Algorithm converged after  2  iterations.
[1] 6.550700e-05 1.503771e-05
Algorithm converged after  2  iterations.
[1] 4.618033e-05 1.049603e-05
Algorithm converged after  2  iterations.
[1] 3.18360e-05 7.11014e-06
Algorithm converged after  2  iterations.
[1] 2.141002e-05 4.661589e-06
Algorithm converged after  2  iterations.
[1] 1.400688e-05 2.948486e-06
Algorithm converged after  2  iterations.
[1] 8.885759e-06 1.792482e-06
Algorithm converged after  2  iterations.
[1] 5.445724e-06 1.042822e-06
Algorithm converged after  2  iterations.
[1] 3.210222e-06 5.776231e-07
Algorithm converged after  2  iterations.
[1] 1.810987e-06 3.027854e-07
Algorithm converged after  2  iterations.
[1] 9.718000e-07 1.491306e-07
Algorithm converged after  2  iterations.
[1] 4.924957e-07 6.842525e-08
Algorithm converged after  2  iterations.
[1] 2.336967e-07 2.894684e-08
Algorithm converged after  2  iterations.
[1] 1.027549e-07 1.115014e-08
Algorithm converged after  2  iterations.
[1] 4.133547e-08 3.851153e-09
Algorithm converged after  2  iterations.
[1] 1.497567e-08 1.170276e-09
Algorithm converged after  2  iterations.
[1] 4.791367e-09 3.055318e-10
Algorithm converged after  2  iterations.
[1] 1.320495e-09 6.649892e-11
Algorithm converged after  2  iterations.
[1] 3.036182e-10 1.160740e-11
Algorithm converged after  2  iterations.
[1] 5.585609e-11 1.544547e-12
Algorithm converged after  2  iterations.
[1] 7.775941e-12 1.464359e-13
Algorithm converged after  2  iterations.
[1] 7.592110e-13 9.020295e-15
Algorithm converged after  2  iterations.
[1] 4.673975e-14 3.172756e-16
Algorithm converged after  2  iterations.
[1] 1.555889e-15 5.287808e-18
Algorithm converged after  2  iterations.
[1] 2.223964e-17 3.156458e-20
Algorithm converged after  2  iterations.
[1] 9.502220e-20 4.347237e-23
Algorithm converged after  2  iterations.
[1] 6.635935e-23 6.637135e-27
Algorithm converged after  2  iterations.
[1] 2.555487e-27 3.002566e-32
Algorithm converged after  2  iterations.
[1] 6.177252e-34 2.875580e-40
Algorithm converged after  2  iterations.
[1] 5.886267e-45 1.234878e-53
Algorithm converged after  2  iterations.
[1] 5.477793e-67 2.259619e-80
Algorithm converged after  2  iterations.
[1] 4.648191e-133 1.365372e-160
Algorithm converged after  2  iterations.
[1] 0.1496785
Algorithm converged after  2  iterations.
[1] 0.0043483741 0.0005120769 0.0001813993
Algorithm converged after  10  iterations.
[1] 0.0037408701 0.0003996454 0.0001451459
[1] 0.0038391462 0.0004042789 0.0001506076
Algorithm converged after  11  iterations.
[1] 0.0032025951 0.0003102642 0.0001111934
[1] 0.0033845249 0.0003171325 0.0001120866
Algorithm converged after  12  iterations.
[1] 0.0027273755 0.0002389856 0.0000827117
[1] 3.008011e-03 2.491992e-04 8.219262e-05
Algorithm converged after  12  iterations.
[1] 2.309547e-03 1.822889e-04 6.030512e-05
[1] 2.692480e-03 1.956260e-04 5.970372e-05
Algorithm converged after  13  iterations.
[1] 1.943863e-03 1.374923e-04 4.337519e-05
[1] 2.416945e-03 1.529212e-04 4.309609e-05
Algorithm converged after  14  iterations.
[1] 1.625435e-03 1.024347e-04 3.095194e-05
[1] 2.159008e-03 1.184555e-04 3.105222e-05
Algorithm converged after  15  iterations.
[1] 1.349688e-03 7.531484e-05 2.206324e-05
[1] 1.874324e-03 8.972191e-05 2.243997e-05
Algorithm converged after  14  iterations.
[1] 1.112337e-03 5.460922e-05 1.588868e-05
[1] 1.549628e-03 6.565123e-05 1.621128e-05
Algorithm converged after  12  iterations.
[1] 9.093649e-04 3.902641e-05 1.184886e-05
[1] 0.0012609453 0.0000467160 0.0000131351
Algorithm converged after  13  iterations.
[1] 7.370151e-04 2.747901e-05 9.471394e-06
[1] 1.048886e-03 3.305035e-05 1.258108e-05
Algorithm converged after  12  iterations.
[1] 5.917816e-04 1.906194e-05 7.890448e-06
[1] 8.470476e-04 2.296699e-05 1.094393e-05
Algorithm converged after  11  iterations.
[1] 4.704064e-04 1.303204e-05 6.522674e-06
[1] 6.713869e-04 1.573453e-05 8.629463e-06
Algorithm converged after  11  iterations.
[1] 3.698756e-04 8.786420e-06 5.128106e-06
Algorithm converged after  10  iterations.
[1] 2.874167e-04 5.842931e-06 3.751656e-06
Algorithm converged after  10  iterations.
[1] 2.204946e-04 3.828081e-06 2.567004e-06
Algorithm converged after  10  iterations.
[1] 1.668074e-04 2.465348e-06 1.664844e-06
Algorithm converged after  9  iterations.
[1] 1.242809e-04 1.556257e-06 1.032921e-06
Algorithm converged after  9  iterations.
[1] 9.106119e-05 9.599202e-07 6.156504e-07
Algorithm converged after  9  iterations.
[1] 6.550700e-05 5.766404e-07 3.528480e-07
Algorithm converged after  8  iterations.
[1] 4.618033e-05 3.361741e-07 1.942557e-07
Algorithm converged after  8  iterations.
[1] 3.183600e-05 1.894797e-07 1.024838e-07
Algorithm converged after  8  iterations.
[1] 2.141002e-05 1.028224e-07 5.163479e-08
Algorithm converged after  8  iterations.
[1] 1.400688e-05 5.347105e-08 2.473636e-08
Algorithm converged after  7  iterations.
[1] 8.885759e-06 2.650775e-08 1.120788e-08
Algorithm converged after  7  iterations.
[1] 5.445724e-06 1.245212e-08 4.772488e-09
Algorithm converged after  7  iterations.
[1] 3.210222e-06 5.504539e-09 1.895498e-09
Algorithm converged after  6  iterations.
[1] 1.810987e-06 2.271440e-09 6.959452e-10
Algorithm converged after  6  iterations.
[1] 9.718000e-07 8.666920e-10 2.337125e-10
Algorithm converged after  6  iterations.
[1] 4.924957e-07 3.023606e-10 7.088051e-11
Algorithm converged after  6  iterations.
[1] 2.336967e-07 9.515550e-11 1.911941e-11
Algorithm converged after  5  iterations.
[1] 1.027549e-07 2.657805e-11 4.502791e-12
Algorithm converged after  5  iterations.
[1] 4.133547e-08 6.458977e-12 9.051291e-13
Algorithm converged after  5  iterations.
[1] 1.497567e-08 1.332614e-12 1.510087e-13
Algorithm converged after  5  iterations.
[1] 4.791367e-09 2.263795e-13 2.019077e-14
Algorithm converged after  5  iterations.
[1] 1.320495e-09 3.045853e-14 2.069683e-15
Algorithm converged after  5  iterations.
[1] 3.036182e-10 3.087862e-15 1.536347e-16
Algorithm converged after  5  iterations.
[1] 5.585609e-11 2.209834e-16 7.665229e-18
Algorithm converged after  5  iterations.
[1] 7.775941e-12 1.023418e-17 2.327181e-19
Algorithm converged after  5  iterations.
[1] 7.592110e-13 2.724279e-19 3.754244e-21
Algorithm converged after  5  iterations.
[1] 4.673975e-14 3.530862e-21 2.661763e-23
Algorithm converged after  5  iterations.
[1] 1.555889e-15 1.753254e-23 6.305275e-26
Algorithm converged after  5  iterations.
[1] 2.223964e-17 2.328181e-26 3.307736e-29
Algorithm converged after  5  iterations.
[1] 9.502220e-20 4.699814e-30 2.013755e-33
Algorithm converged after  5  iterations.
[1] 6.635935e-23 5.626260e-35 4.846235e-39
Algorithm converged after  5  iterations.
[1] 2.555487e-27 7.338933e-42 6.634882e-47
Algorithm converged after  5  iterations.
[1] 6.177252e-34 3.522401e-52 5.160279e-67
[1] 4.711489e-34 3.618307e-52 1.077654e-58
Algorithm converged after  14  iterations.
[1] 5.886267e-45 2.294055e-69 6.185553e-86
[1] 5.085112e-45 2.333134e-69 3.259682e-87
[1] 5.085106e-45 2.333170e-69 3.259682e-87
[1] 5.085099e-45 2.333206e-69 3.259683e-87
[1] 5.085093e-45 2.333242e-69 3.259684e-87
[1] 5.085086e-45 2.333278e-69 3.259685e-87
[1] 5.085080e-45 2.333314e-69 3.259686e-87
[1] 5.085073e-45 2.333349e-69 3.259687e-87
[1] 5.085067e-45 2.333385e-69 3.259688e-87
[1] 5.085060e-45 2.333421e-69 3.259689e-87
[1] 5.085054e-45 2.333457e-69 3.259690e-87
[1] 5.085047e-45 2.333493e-69 3.259691e-87
[1] 5.085041e-45 2.333529e-69 3.259692e-87
[1] 5.085034e-45 2.333565e-69 3.259693e-87
[1] 5.085028e-45 2.333601e-69 3.259694e-87
[1] 5.085021e-45 2.333637e-69 3.259694e-87
[1] 5.085015e-45 2.333673e-69 3.259695e-87
[1] 5.085008e-45 2.333709e-69 3.259696e-87
[1] 5.085002e-45 2.333745e-69 3.259697e-87
[1] 5.084995e-45 2.333781e-69 3.259698e-87
Algorithm did not converge after  200  iterations.
[1]  5.477793e-67 1.017883e-103 4.838561e-169
[1]  4.217541e-67 1.051224e-103 1.901717e-141
[1]  4.217541e-67 1.051224e-103 1.901717e-141
[1]  4.217541e-67 1.051224e-103 1.901717e-141
[1]  4.217541e-67 1.051224e-103 1.901717e-141
[1]  4.217541e-67 1.051224e-103 1.901717e-141
[1]  4.217541e-67 1.051224e-103 1.901717e-141
[1]  4.217541e-67 1.051224e-103 1.901717e-141
[1]  4.217541e-67 1.051224e-103 1.901717e-141
[1]  4.217541e-67 1.051224e-103 1.901717e-141
[1]  4.217541e-67 1.051224e-103 1.901717e-141
[1]  4.217541e-67 1.051224e-103 1.901717e-141
[1]  4.217541e-67 1.051224e-103 1.901716e-141
[1]  4.217541e-67 1.051224e-103 1.901716e-141
[1]  4.217541e-67 1.051224e-103 1.901716e-141
[1]  4.217541e-67 1.051224e-103 1.901716e-141
[1]  4.217541e-67 1.051224e-103 1.901716e-141
[1]  4.217542e-67 1.051224e-103 1.901716e-141
[1]  4.217542e-67 1.051224e-103 1.901716e-141
[1]  4.217542e-67 1.051224e-103 1.901716e-141
Algorithm did not converge after  200  iterations.
[1] 4.648191e-133 9.847057e-207 2.985562e-270
[1] 3.472579e-133 1.023503e-206 1.083721e-306
[1] 4.021383e-133 1.004618e-206 2.599838e-282
[1] 3.865944e-133 1.009828e-206 1.142387e-283
[1] 3.472574e-133 1.023554e-206 1.083720e-306
[1] 4.021378e-133 1.004669e-206 2.599840e-282
[1] 3.865941e-133 1.009879e-206 1.142387e-283
[1] 3.472569e-133 1.023606e-206 1.083720e-306
[1] 4.021373e-133 1.004719e-206 2.599842e-282
[1] 3.865939e-133 1.009929e-206 1.142387e-283
[1] 3.472564e-133 1.023657e-206 1.083720e-306
[1] 4.021368e-133 1.004769e-206 2.599843e-282
[1] 3.865936e-133 1.009980e-206 1.142387e-283
[1] 3.472559e-133 1.023708e-206 1.083719e-306
[1] 4.021363e-133 1.004820e-206 2.599845e-282
[1] 3.865933e-133 1.010031e-206 1.142387e-283
[1] 3.472553e-133 1.023760e-206 1.083719e-306
[1] 4.021358e-133 1.004870e-206 2.599847e-282
[1] 4.050774e-133 1.003914e-206 6.277305e-277
[1] 3.865930e-133 1.010095e-206 1.142387e-283
Algorithm did not converge after  200  iterations.
[1] 0.1647662
Algorithm converged after  2  iterations.
[1] 0.0043483741 0.0004799112 0.0002100555
[1] 0.0055802352 0.0005888249 0.0002989845
Algorithm converged after  12  iterations.
[1] 0.0037408701 0.0004008705 0.0002211569
[1] 0.0048135298 0.0004653869 0.0002322024
Algorithm converged after  12  iterations.
[1] 0.0032025951 0.0003393282 0.0001737491
[1] 0.0042228824 0.0003873688 0.0001789529
Algorithm converged after  13  iterations.
[1] 0.0027273755 0.0002870853 0.0001321471
[1] 0.0036883618 0.0003241966 0.0001365497
Algorithm converged after  14  iterations.
[1] 2.309547e-03 2.419363e-04 9.873897e-05
[1] 0.0031945226 0.0002713894 0.0001031386
Algorithm converged after  14  iterations.
[1] 1.943863e-03 2.026745e-04 7.274615e-05
[1] 2.734965e-03 2.264620e-04 7.708356e-05
Algorithm converged after  14  iterations.
[1] 1.625435e-03 1.684976e-04 5.291482e-05
[1] 2.309005e-03 1.878573e-04 5.698493e-05
Algorithm converged after  13  iterations.
[1] 1.349688e-03 1.388146e-04 3.802037e-05
[1] 0.0019199664 0.0001546123 0.0000416511
Algorithm converged after  12  iterations.
[1] 1.112337e-03 1.131591e-04 2.699411e-05
[1] 1.573949e-03 1.260922e-04 3.007925e-05
Algorithm converged after  12  iterations.
[1] 9.093649e-04 9.114231e-05 1.894650e-05
[1] 1.276486e-03 1.017751e-04 2.144767e-05
Algorithm converged after  11  iterations.
[1] 7.370151e-04 7.242335e-05 1.315536e-05
Algorithm converged after  10  iterations.
[1] 5.917816e-04 5.668947e-05 9.042636e-06
Algorithm converged after  9  iterations.
[1] 4.704064e-04 4.364269e-05 6.152847e-06
Algorithm converged after  8  iterations.
[1] 3.698756e-04 3.299177e-05 4.138872e-06
Algorithm converged after  7  iterations.
[1] 2.874167e-04 2.444879e-05 2.746451e-06
Algorithm converged after  8  iterations.
[1] 2.204946e-04 1.772979e-05 1.793294e-06
Algorithm converged after  8  iterations.
[1] 1.668074e-04 1.255833e-05 1.149138e-06
Algorithm converged after  8  iterations.
[1] 1.242809e-04 8.670949e-06 7.206798e-07
Algorithm converged after  8  iterations.
[1] 9.106119e-05 5.823013e-06 4.410695e-07
Algorithm converged after  8  iterations.
[1] 6.550700e-05 3.794123e-06 2.626137e-07
Algorithm converged after  8  iterations.
[1] 4.618033e-05 2.392020e-06 1.515997e-07
Algorithm converged after  8  iterations.
[1] 3.183600e-05 1.454647e-06 8.453047e-08
Algorithm converged after  7  iterations.
[1] 2.141002e-05 8.502578e-07 4.533415e-08
Algorithm converged after  7  iterations.
[1] 1.400688e-05 4.757462e-07 2.327306e-08
Algorithm converged after  7  iterations.
[1] 8.885759e-06 2.536232e-07 1.137414e-08
Algorithm converged after  7  iterations.
[1] 5.445724e-06 1.281202e-07 5.258737e-09
Algorithm converged after  7  iterations.
[1] 3.210222e-06 6.093761e-08 2.283302e-09
Algorithm converged after  7  iterations.
[1] 1.810987e-06 2.708498e-08 9.231008e-10
Algorithm converged after  7  iterations.
[1] 9.718000e-07 1.115020e-08 3.440034e-10
Algorithm converged after  7  iterations.
[1] 4.924957e-07 4.206689e-09 1.167640e-10
Algorithm converged after  7  iterations.
[1] 2.336967e-07 1.436041e-09 3.558509e-11
Algorithm converged after  7  iterations.
[1] 1.027549e-07 4.367724e-10 9.570269e-12
Algorithm converged after  7  iterations.
[1] 4.133547e-08 1.161454e-10 2.223852e-12
Algorithm converged after  7  iterations.
[1] 1.497567e-08 2.637963e-11 4.350094e-13
Algorithm converged after  6  iterations.
[1] 4.791367e-09 4.970221e-12 6.933863e-14
Algorithm converged after  6  iterations.
[1] 1.320495e-09 7.486157e-13 8.642868e-15
Algorithm converged after  6  iterations.
[1] 3.036182e-10 8.595264e-14 7.990546e-16
Algorithm converged after  6  iterations.
[1] 5.585609e-11 7.069004e-15 5.113510e-17
Algorithm converged after  6  iterations.
[1] 7.775941e-12 3.832913e-16 2.065780e-18
Algorithm converged after  6  iterations.
[1] 7.592110e-13 1.223610e-17 4.646783e-20
Algorithm converged after  6  iterations.
[1] 4.673975e-14 1.963000e-19 4.882304e-22
Algorithm converged after  6  iterations.
[1] 1.555889e-15 1.258972e-21 1.859188e-24
Algorithm converged after  5  iterations.
[1] 2.223964e-17 2.290439e-24 1.753960e-27
Algorithm converged after  5  iterations.
[1] 9.502220e-20 6.894128e-28 2.254837e-31
Algorithm converged after  5  iterations.
[1] 6.635935e-23 1.397880e-32 1.458858e-36
Algorithm converged after  5  iterations.
[1] 2.555487e-27 3.788916e-39 7.908813e-44
Algorithm converged after  5  iterations.
[1] 6.177252e-34 5.406592e-49 9.961554e-55
Algorithm converged after  5  iterations.
[1] 5.886267e-45 2.143869e-65 6.786613e-73
Algorithm converged after  5  iterations.
[1]  5.477793e-67  3.476059e-98 3.157978e-109
Algorithm converged after  4  iterations.
[1] 4.648191e-133 1.592312e-196 3.229015e-218
Algorithm converged after  4  iterations.
[1] 0.1613424
Algorithm converged after  2  iterations.
[1] 4.348374e-03 3.069899e-04 8.281942e-05
[1] 5.056712e-03 3.338747e-04 9.008122e-05
Algorithm converged after  16  iterations.
[1] 3.740870e-03 2.391664e-04 6.539356e-05
[1] 4.476944e-03 2.645944e-04 7.090672e-05
Algorithm converged after  15  iterations.
[1] 3.202595e-03 1.850183e-04 5.152292e-05
[1] 3.921288e-03 2.081335e-04 5.565026e-05
Algorithm converged after  14  iterations.
[1] 2.727375e-03 1.421238e-04 4.055683e-05
[1] 3.397730e-03 1.621587e-04 4.315424e-05
Algorithm converged after  13  iterations.
[1] 2.309547e-03 1.084486e-04 3.210871e-05
[1] 2.921032e-03 1.251505e-04 3.286505e-05
Algorithm converged after  12  iterations.
[1] 1.943863e-03 8.229421e-05 2.605202e-05
[1] 2.501567e-03 9.585396e-05 2.438069e-05
Algorithm converged after  12  iterations.
[1] 1.625435e-03 6.226653e-05 2.275230e-05
[1] 2.162532e-03 7.359559e-05 1.712389e-05
Algorithm converged after  16  iterations.
[1] 1.349688e-03 4.729235e-05 2.226022e-05
[1] 1.941891e-03 5.993736e-05 2.942438e-05
Algorithm converged after  15  iterations.
[1] 1.112337e-03 3.670051e-05 2.143625e-05
[1] 1.613653e-03 4.898472e-05 2.776426e-05
Algorithm converged after  16  iterations.
[1] 9.093649e-04 2.943050e-05 1.699232e-05
[1] 1.320080e-03 4.117926e-05 2.077476e-05
Algorithm converged after  19  iterations.
[1] 7.370151e-04 2.394893e-05 1.231187e-05
[1] 1.068109e-03 3.437072e-05 1.464631e-05
[1] 1.068458e-03 3.437942e-05 1.464819e-05
Algorithm converged after  21  iterations.
[1] 5.917816e-04 1.950645e-05 8.592169e-06
[1] 8.558461e-04 2.832291e-05 1.003738e-05
[1] 8.565696e-04 2.834144e-05 1.004060e-05
Algorithm converged after  24  iterations.
[1] 4.704064e-04 1.577919e-05 5.841681e-06
[1] 6.792027e-04 2.298896e-05 6.726488e-06
[1] 6.809187e-04 2.303372e-05 6.733033e-06
Algorithm converged after  30  iterations.
[1] 3.698756e-04 1.261027e-05 3.881185e-06
[1] 5.329048e-04 1.832550e-05 4.410885e-06
[1] 5.378247e-04 1.845643e-05 4.428214e-06
[1] 5.380165e-04 1.846153e-05 4.428939e-06
Algorithm converged after  37  iterations.
[1] 2.874167e-04 9.917085e-06 2.521658e-06
[1] 3.901087e-04 1.374174e-05 2.784517e-06
[1] 4.184098e-04 1.446895e-05 2.847254e-06
[1] 4.220964e-04 1.457232e-05 2.863058e-06
[1] 4.221439e-04 1.457364e-05 2.863295e-06
Algorithm converged after  41  iterations.
[1] 2.204946e-04 7.650292e-06 1.602167e-06
[1] 2.639235e-04 9.733315e-06 1.757377e-06
[1] 2.637349e-04 9.728219e-06 1.757406e-06
Algorithm converged after  22  iterations.
[1] 1.668074e-04 5.773112e-06 9.955705e-07
[1] 1.960436e-04 7.225000e-06 1.092407e-06
Algorithm converged after  14  iterations.
[1] 1.242809e-04 4.250912e-06 6.050352e-07
[1] 1.455233e-04 5.271367e-06 6.627410e-07
Algorithm converged after  11  iterations.
[1] 9.106119e-05 3.046680e-06 3.591827e-07
[1] 1.155456e-04 4.110889e-06 3.586979e-07
Algorithm converged after  20  iterations.
[1] 6.550700e-05 2.120072e-06 2.624150e-12
Algorithm converged after  8  iterations.
[1] 4.618033e-05 1.428523e-06 1.166847e-07
Algorithm converged after  8  iterations.
[1] 3.183600e-05 9.292941e-07 5.447667e-08
[1] 4.372608e-05 1.219095e-06 5.761516e-08
[1] 4.375046e-05 1.219467e-06 5.761861e-08
Algorithm converged after  28  iterations.
[1] 2.141002e-05 5.817077e-07 2.737294e-08
[1] 2.901178e-05 7.426293e-07 2.891529e-08
Algorithm converged after  18  iterations.
[1] 1.400688e-05 3.490553e-07 1.309478e-08
[1] 1.886427e-05 4.382751e-07 1.376187e-08
Algorithm converged after  14  iterations.
[1] 8.885759e-06 1.999032e-07 5.932941e-09
[1] 1.191526e-05 2.475076e-07 6.200840e-09
Algorithm converged after  11  iterations.
[1] 5.445724e-06 1.087098e-07 2.529696e-09
Algorithm converged after  10  iterations.
[1] 3.210222e-06 5.580192e-08 1.805158e-15
[1] 4.163409e-06 6.590870e-08 1.074404e-09
Algorithm converged after  16  iterations.
[1] 1.810987e-06 2.684766e-08 3.714166e-10
Algorithm converged after  10  iterations.
[1] 9.718000e-07 1.200650e-08 1.254381e-10
Algorithm converged after  8  iterations.
[1] 4.924957e-07 4.941416e-09 3.832579e-11
Algorithm converged after  8  iterations.
[1] 2.336967e-07 1.849287e-09 1.043601e-11
[1] 2.965734e-07 2.092225e-09 1.089018e-11
[1] 2.498076e-07 1.903203e-09 1.078235e-11
[1] 3.156729e-07 2.181680e-09 1.014841e-11
Algorithm converged after  33  iterations.
[1] 1.027549e-07 6.202400e-10 2.487075e-12
[1] 1.390899e-07 7.209269e-10 2.437040e-12
[1] 1.381371e-07 7.189114e-10 2.432942e-12
[1] 1.366951e-07 7.180099e-10 2.440737e-12
[1] 1.308626e-07 6.990831e-10 2.579626e-12
[1] 1.368196e-07 7.127104e-10 2.488804e-12
[1] 1.314528e-07 7.010872e-10 2.940282e-25
[1] 1.364938e-07 7.182915e-10 2.446423e-12
Algorithm converged after  72  iterations.
[1] 4.133547e-08 1.831416e-10 5.073987e-13
[1] 5.443180e-08 2.089169e-10 4.996250e-13
Algorithm converged after  11  iterations.
[1] 1.497567e-08 4.657210e-11 8.623159e-14
Algorithm converged after  7  iterations.
[1] 4.791367e-09 9.922401e-12 1.179901e-14
Algorithm converged after  7  iterations.
[1] 1.320495e-09 1.710423e-12 1.244980e-15
[1] 1.702537e-09 1.889540e-12 1.217337e-15
[1] 1.663260e-09 1.868920e-12 1.296658e-15
Algorithm converged after  21  iterations.
[1] 3.036182e-10 2.280829e-13 9.584239e-17
[1] 3.901640e-10 2.498019e-13 2.250155e-17
[1] 3.884538e-10 2.496542e-13 2.160098e-17
[1] 3.895875e-10 2.497286e-13 2.260131e-17
[1] 3.880229e-10 2.493036e-13 2.259492e-17
[1] 3.870661e-10 2.490362e-13 2.259502e-17
[1] 3.903315e-10 2.499049e-13 2.054732e-17
[1] 3.886329e-10 2.494896e-13 2.254563e-17
[1] 3.873551e-10 2.491275e-13 2.139012e-17
[1] 3.870462e-10 2.490491e-13 2.257602e-17
[1] 3.889331e-10 2.495570e-13 1.865377e-17
[1] 3.906798e-10 2.500069e-13 2.194256e-17
[1] 3.903110e-10 2.499089e-13 2.275407e-17
[1] 3.893242e-10 2.496476e-13 2.271216e-17
[1] 3.887790e-10 2.497708e-13 2.186693e-17
[1] 3.897844e-10 2.498218e-13 2.249899e-17
[1] 3.910758e-10 2.505114e-13 9.128881e-17
[1] 3.956630e-10 2.509727e-13 2.201356e-17
[1] 4.433912e-10 2.618447e-13 5.886957e-23
[1] 3.872850e-10 2.491782e-13 2.256863e-17
Algorithm did not converge after  200  iterations.
[1] 5.585609e-11 2.218643e-14 5.007058e-18
Algorithm converged after  7  iterations.
[1] 7.775941e-12 1.455760e-15 1.059600e-31
Algorithm converged after  6  iterations.
[1] 7.592110e-13 5.790773e-17 2.803149e-21
[1] 9.251470e-13 6.124939e-17 7.022142e-46
[1] 9.864026e-13 6.242466e-17 1.489136e-23
[1] 1.034185e-12 6.332001e-17 2.699699e-21
[1] 9.450634e-13 6.168423e-17 2.072338e-24
[1] 9.527789e-13 6.185689e-17 1.904760e-24
[1] 9.487911e-13 6.176729e-17 2.044581e-24
[1] 9.463568e-13 6.172131e-17 2.723154e-21
[1] 9.526655e-13 6.186471e-17 2.684696e-21
[1] 9.487020e-13 6.177420e-17 2.723712e-21
[1] 9.462478e-13 6.172920e-17 2.030815e-24
[1] 9.462651e-13 6.173316e-17 2.723200e-21
[1] 9.485268e-13 6.179228e-17 1.483707e-23
[1] 9.619256e-13 6.196868e-17 1.941925e-41
[1] 9.485159e-13 6.180080e-17 1.899909e-24
[1] 9.462736e-13 6.174627e-17 2.724680e-21
Algorithm converged after  154  iterations.
[1] 4.673975e-14 1.202598e-18 2.409437e-24
Algorithm converged after  6  iterations.
[1] 1.555889e-15 1.050728e-20 5.898941e-26
Algorithm converged after  10  iterations.
[1] 2.223964e-17 2.793992e-23 3.673824e-29
Algorithm converged after  6  iterations.
[1] 9.502220e-20 1.359443e-26 2.830540e-33
[1] 1.135113e-19 1.407332e-26 1.429961e-31
[1] 1.137449e-19 1.407927e-26 2.732530e-33
[1] 1.162599e-19 1.414113e-26 2.720720e-33
[1] 1.161787e-19 1.413921e-26 2.720868e-33
[1] 1.133396e-19 1.406868e-26 3.968314e-58
Algorithm converged after  59  iterations.
[1] 6.635935e-23 5.183724e-31 5.003019e-39
[1] 8.168745e-23 5.374597e-31 1.093056e-40
[1] 8.089716e-23 5.365188e-31 1.094120e-40
[1] 8.089715e-23 5.365182e-31 1.094120e-40
[1] 8.089714e-23 5.365176e-31 1.094120e-40
[1] 8.089713e-23 5.365169e-31 1.094120e-40
[1] 8.089712e-23 5.365163e-31 1.094120e-40
[1] 8.089711e-23 5.365157e-31 1.094120e-40
[1] 8.089709e-23 5.365150e-31 1.094120e-40
[1] 8.089708e-23 5.365144e-31 1.094120e-40
[1] 8.089707e-23 5.365137e-31 1.094120e-40
[1] 8.089706e-23 5.365131e-31 1.094120e-40
[1] 8.089704e-23 5.365125e-31 1.094120e-40
[1] 8.089705e-23 5.365118e-31 1.094120e-40
[1] 8.089704e-23 5.365112e-31 1.094120e-40
[1] 8.089703e-23 5.365106e-31 1.094120e-40
[1] 8.089702e-23 5.365099e-31 1.094120e-40
[1] 8.089700e-23 5.365093e-31 1.094120e-40
[1] 8.089699e-23 5.365087e-31 1.094120e-40
[1] 8.089698e-23 5.365080e-31 1.094120e-40
Algorithm did not converge after  200  iterations.
[1] 2.555487e-27 3.366944e-37 9.891002e-47
[1] 2.901300e-27 3.432082e-37 2.972903e-48
[1] 2.901400e-27 3.432101e-37 2.972623e-48
[1] 2.901402e-27 3.432100e-37 2.972618e-48
[1] 2.901402e-27 3.432099e-37 2.972618e-48
[1] 2.901402e-27 3.432098e-37 2.972618e-48
[1] 2.901401e-27 3.432096e-37 2.972617e-48
[1] 2.901401e-27 3.432095e-37 2.972617e-48
[1] 2.901401e-27 3.432093e-37 2.972617e-48
[1] 2.901401e-27 3.432092e-37 2.972617e-48
[1] 2.901401e-27 3.432091e-37 2.972617e-48
[1] 2.901401e-27 3.432089e-37 2.972617e-48
