myseed=6317 

Attaching package: ‘pls’

The following object is masked from ‘package:stats’:

    loadings

Loading required package: lattice
Loading required package: ggplot2
Registered S3 methods overwritten by 'ggplot2':
  method         from 
  [.quosures     rlang
  c.quosures     rlang
  print.quosures rlang

Attaching package: ‘caret’

The following object is masked from ‘package:pls’:

    R2

Loading required package: Matrix
Loading required package: foreach
Loaded glmnet 2.0-18

Parsed with column specification:
cols(
  .default = col_double()
)
See spec(...) for full column specifications.
Parsed with column specification:
cols(
  X1 = col_double()
)
Parsed with column specification:
cols(
  X1 = col_double()
)
[1] "Best 2step parameter is:"
   gam  rankJ rankA1 rankA2 rankA3 
  11.5    3.0    0.0    0.0    0.0 
[1] 0.00455314
Algorithm converged after  2  iterations.
[1] 0.003910111
Algorithm converged after  2  iterations.
[1] 0.003339985
Algorithm converged after  2  iterations.
[1] 0.002836648
Algorithm converged after  2  iterations.
[1] 0.002394383
Algorithm converged after  2  iterations.
[1] 0.002007805
Algorithm converged after  2  iterations.
[1] 0.00167183
Algorithm converged after  2  iterations.
[1] 0.001381642
Algorithm converged after  2  iterations.
[1] 0.001132682
Algorithm converged after  2  iterations.
[1] 0.0009206384
Algorithm converged after  2  iterations.
[1] 0.0007414453
Algorithm converged after  2  iterations.
[1] 0.000591284
Algorithm converged after  2  iterations.
[1] 0.0004665855
Algorithm converged after  2  iterations.
[1] 0.0003640357
Algorithm converged after  2  iterations.
[1] 0.0002805795
Algorithm converged after  2  iterations.
[1] 0.0002134242
Algorithm converged after  2  iterations.
[1] 0.0001600407
Algorithm converged after  2  iterations.
[1] 0.0001181617
Algorithm converged after  2  iterations.
[1] 8.577674e-05
Algorithm converged after  2  iterations.
[1] 6.11239e-05
Algorithm converged after  2  iterations.
[1] 4.267799e-05
Algorithm converged after  2  iterations.
[1] 2.913636e-05
Algorithm converged after  2  iterations.
[1] 1.940247e-05
Algorithm converged after  2  iterations.
[1] 1.256788e-05
Algorithm converged after  2  iterations.
[1] 7.893219e-06
Algorithm converged after  2  iterations.
[1] 4.788641e-06
Algorithm converged after  2  iterations.
[1] 2.794112e-06
Algorithm converged after  2  iterations.
[1] 1.560007e-06
Algorithm converged after  2  iterations.
[1] 8.283895e-07
Algorithm converged after  2  iterations.
[1] 4.153771e-07
Algorithm converged after  2  iterations.
[1] 1.949851e-07
Algorithm converged after  2  iterations.
[1] 8.479597e-08
Algorithm converged after  2  iterations.
[1] 3.373042e-08
Algorithm converged after  2  iterations.
[1] 1.208088e-08
Algorithm converged after  2  iterations.
[1] 3.819925e-09
Algorithm converged after  2  iterations.
[1] 1.040075e-09
Algorithm converged after  2  iterations.
[1] 2.361643e-10
Algorithm converged after  2  iterations.
[1] 4.288575e-11
Algorithm converged after  2  iterations.
[1] 5.889995e-12
Algorithm converged after  2  iterations.
[1] 5.669774e-13
Algorithm converged after  2  iterations.
[1] 3.438747e-14
Algorithm converged after  2  iterations.
[1] 1.126692e-15
Algorithm converged after  2  iterations.
[1] 1.583359e-17
Algorithm converged after  2  iterations.
[1] 6.641845e-20
Algorithm converged after  2  iterations.
[1] 4.545494e-23
Algorithm converged after  2  iterations.
[1] 1.711108e-27
Algorithm converged after  2  iterations.
[1] 4.028189e-34
Algorithm converged after  2  iterations.
[1] 3.714914e-45
Algorithm converged after  2  iterations.
[1] 3.30174e-67
Algorithm converged after  2  iterations.
[1] 2.554054e-133
Algorithm converged after  2  iterations.
[1] 0.1721854
Algorithm converged after  2  iterations.
[1] 0.0045531397 0.0004569671
[1] 0.0072182071 0.0006095718
Algorithm converged after  18  iterations.
[1] 0.0039101109 0.0003560221
[1] 0.0062098041 0.0004696234
Algorithm converged after  17  iterations.
[1] 0.0033399849 0.0002755024
[1] 0.0052982986 0.0003597052
Algorithm converged after  16  iterations.
[1] 0.0028366482 0.0002113312
[1] 0.0044806950 0.0002733994
Algorithm converged after  15  iterations.
[1] 0.002394383 0.000160463
[1] 0.0037524053 0.0002059645
Algorithm converged after  14  iterations.
[1] 0.0020078053 0.0001204753
[1] 0.0031096356 0.0001536971
Algorithm converged after  12  iterations.
[1] 1.671830e-03 8.936681e-05
[1] 0.0025494516 0.0001135832
Algorithm converged after  13  iterations.
[1] 1.381642e-03 6.545468e-05
[1] 0.0020686879 0.0000831252
Algorithm converged after  11  iterations.
[1] 1.132682e-03 4.731697e-05
Algorithm converged after  10  iterations.
[1] 9.206384e-04 3.375709e-05
Algorithm converged after  10  iterations.
[1] 7.414453e-04 2.377724e-05
Algorithm converged after  8  iterations.
[1] 5.912840e-04 1.655407e-05
Algorithm converged after  8  iterations.
[1] 4.665855e-04 1.141165e-05
Algorithm converged after  7  iterations.
[1] 3.640357e-04 7.796752e-06
Algorithm converged after  7  iterations.
[1] 2.805795e-04 5.273068e-06
Algorithm converged after  6  iterations.
[1] 2.134242e-04 3.519619e-06
Algorithm converged after  6  iterations.
[1] 1.600407e-04 2.310129e-06
Algorithm converged after  5  iterations.
[1] 1.181617e-04 1.485525e-06
Algorithm converged after  6  iterations.
[1] 8.577674e-05 9.324936e-07
Algorithm converged after  7  iterations.
[1] 6.112390e-05 5.693257e-07
Algorithm converged after  7  iterations.
[1] 4.267799e-05 3.368381e-07
Algorithm converged after  7  iterations.
[1] 2.913636e-05 1.923727e-07
Algorithm converged after  7  iterations.
[1] 1.940247e-05 1.056115e-07
Algorithm converged after  7  iterations.
[1] 1.256788e-05 5.547760e-08
Algorithm converged after  7  iterations.
[1] 7.893219e-06 2.773989e-08
Algorithm converged after  6  iterations.
[1] 4.788641e-06 1.312480e-08
Algorithm converged after  6  iterations.
[1] 2.794112e-06 5.835800e-09
Algorithm converged after  6  iterations.
[1] 1.560007e-06 2.419071e-09
Algorithm converged after  6  iterations.
[1] 8.283895e-07 9.260609e-10
Algorithm converged after  6  iterations.
[1] 4.153771e-07 3.237472e-10
Algorithm converged after  6  iterations.
[1] 1.949851e-07 1.019801e-10
Algorithm converged after  6  iterations.
[1] 8.479597e-08 2.847829e-11
Algorithm converged after  6  iterations.
[1] 3.373042e-08 6.911700e-12
Algorithm converged after  6  iterations.
[1] 1.208088e-08 1.422621e-12
Algorithm converged after  5  iterations.
[1] 3.819925e-09 2.408418e-13
Algorithm converged after  5  iterations.
[1] 1.040075e-09 3.226085e-14
Algorithm converged after  5  iterations.
[1] 2.361643e-10 3.252947e-15
Algorithm converged after  5  iterations.
[1] 4.288575e-11 2.313324e-16
Algorithm converged after  5  iterations.
[1] 5.889995e-12 1.063721e-17
Algorithm converged after  5  iterations.
[1] 5.669774e-13 2.809408e-19
Algorithm converged after  4  iterations.
[1] 3.438747e-14 3.610777e-21
Algorithm converged after  4  iterations.
[1] 1.126692e-15 1.777511e-23
Algorithm converged after  4  iterations.
[1] 1.583359e-17 2.340602e-26
Algorithm converged after  4  iterations.
[1] 6.641845e-20 4.690162e-30
Algorithm converged after  4  iterations.
[1] 4.545494e-23 5.587759e-35
Algorithm converged after  4  iterations.
[1] 1.711108e-27 7.294406e-42
Algorithm converged after  4  iterations.
[1] 4.028189e-34 3.546792e-52
Algorithm converged after  4  iterations.
[1] 3.714914e-45 2.408670e-69
Algorithm converged after  4  iterations.
[1]  3.301740e-67 1.209625e-103
Algorithm converged after  5  iterations.
[1] 2.554054e-133 1.896136e-206
Algorithm converged after  5  iterations.
[1] 0.1668154
Algorithm converged after  2  iterations.
[1] 0.0045531397 0.0003730353
[1] 0.0055652159 0.0005546011
Algorithm converged after  13  iterations.
[1] 0.0039101109 0.0002880995
[1] 0.0046957970 0.0004389499
Algorithm converged after  11  iterations.
[1] 0.0033399849 0.0002218825
Algorithm converged after  9  iterations.
[1] 0.0028366482 0.0001704529
Algorithm converged after  9  iterations.
[1] 0.0023943825 0.0001308136
Algorithm converged after  9  iterations.
[1] 0.002007805 0.000100813
Algorithm converged after  8  iterations.
[1] 1.671830e-03 7.920487e-05
Algorithm converged after  7  iterations.
[1] 1.381642e-03 6.377351e-05
Algorithm converged after  7  iterations.
[1] 1.132682e-03 5.184277e-05
Algorithm converged after  8  iterations.
[1] 9.206384e-04 4.219527e-05
Algorithm converged after  8  iterations.
[1] 7.414453e-04 3.422016e-05
Algorithm converged after  8  iterations.
[1] 5.912840e-04 2.755185e-05
Algorithm converged after  7  iterations.
[1] 4.665855e-04 2.195087e-05
Algorithm converged after  7  iterations.
[1] 3.640357e-04 1.725161e-05
Algorithm converged after  7  iterations.
[1] 2.805795e-04 1.333387e-05
Algorithm converged after  7  iterations.
[1] 2.134242e-04 1.010469e-05
Algorithm converged after  7  iterations.
[1] 1.600407e-04 7.485948e-06
Algorithm converged after  7  iterations.
[1] 1.181617e-04 5.405874e-06
Algorithm converged after  7  iterations.
[1] 8.577674e-05 3.794281e-06
Algorithm converged after  7  iterations.
[1] 6.112390e-05 2.580907e-06
Algorithm converged after  7  iterations.
[1] 4.267799e-05 1.696211e-06
Algorithm converged after  7  iterations.
[1] 2.913636e-05 1.073602e-06
Algorithm converged after  7  iterations.
[1] 1.940247e-05 6.520981e-07
Algorithm converged after  7  iterations.
[1] 1.256788e-05 3.785673e-07
Algorithm converged after  6  iterations.
[1] 7.893219e-06 2.090910e-07
Algorithm converged after  6  iterations.
[1] 4.788641e-06 1.092879e-07
Algorithm converged after  6  iterations.
[1] 2.794112e-06 5.372074e-08
Algorithm converged after  6  iterations.
[1] 1.560007e-06 2.465172e-08
Algorithm converged after  6  iterations.
[1] 8.283895e-07 1.046865e-08
Algorithm converged after  6  iterations.
[1] 4.153771e-07 4.071307e-09
Algorithm converged after  6  iterations.
[1] 1.949851e-07 1.431890e-09
Algorithm converged after  6  iterations.
[1] 8.479597e-08 4.485201e-10
Algorithm converged after  6  iterations.
[1] 3.373042e-08 1.228065e-10
Algorithm converged after  6  iterations.
[1] 1.208088e-08 2.871901e-11
Algorithm converged after  6  iterations.
[1] 3.819925e-09 5.572347e-12
Algorithm converged after  6  iterations.
[1] 1.040075e-09 8.647074e-13
Algorithm converged after  6  iterations.
[1] 2.361643e-10 1.023608e-13
Algorithm converged after  6  iterations.
[1] 4.288575e-11 8.689157e-15
Algorithm converged after  6  iterations.
[1] 5.889995e-12 4.870674e-16
Algorithm converged after  5  iterations.
[1] 5.669774e-13 1.611131e-17
Algorithm converged after  5  iterations.
[1] 3.438747e-14 2.686789e-19
Algorithm converged after  5  iterations.
[1] 1.126692e-15 1.799491e-21
Algorithm converged after  5  iterations.
[1] 1.583359e-17 3.441725e-24
Algorithm converged after  5  iterations.
[1] 6.641845e-20 1.100053e-27
Algorithm converged after  5  iterations.
[1] 4.545494e-23 2.405968e-32
Algorithm converged after  5  iterations.
[1] 1.711108e-27 7.219763e-39
Algorithm converged after  5  iterations.
[1] 4.028189e-34 1.195498e-48
Algorithm converged after  4  iterations.
[1] 3.714914e-45 6.059820e-65
Algorithm converged after  4  iterations.
[1] 3.301740e-67 1.608785e-97
Algorithm converged after  4  iterations.
[1] 2.554054e-133 3.304625e-195
Algorithm converged after  4  iterations.
[1] 0.1648035
Algorithm converged after  2  iterations.
[1] 0.0045531397 0.0003468163
[1] 0.0055314710 0.0007128508
Algorithm converged after  12  iterations.
[1] 0.003910111 0.000269790
[1] 0.0047444042 0.0006137608
Algorithm converged after  12  iterations.
[1] 0.0033399849 0.0002089833
[1] 0.0040708826 0.0004757562
Algorithm converged after  11  iterations.
[1] 0.002836648 0.000161365
[1] 0.0034606558 0.0003868338
Algorithm converged after  11  iterations.
[1] 0.0023943825 0.0001244942
[1] 0.0029269037 0.0003287215
Algorithm converged after  11  iterations.
[1] 2.007805e-03 9.661574e-05
[1] 0.0024637624 0.0002816663
Algorithm converged after  11  iterations.
[1] 1.671830e-03 7.759654e-05
Algorithm converged after  10  iterations.
[1] 1.381642e-03 6.539901e-05
Algorithm converged after  7  iterations.
[1] 1.132682e-03 5.601782e-05
Algorithm converged after  9  iterations.
[1] 9.206384e-04 4.819243e-05
Algorithm converged after  9  iterations.
[1] 7.414453e-04 4.137847e-05
Algorithm converged after  9  iterations.
[1] 5.912840e-04 3.528899e-05
Algorithm converged after  9  iterations.
[1] 4.665855e-04 2.977022e-05
Algorithm converged after  9  iterations.
[1] 3.640357e-04 2.474954e-05
Algorithm converged after  8  iterations.
[1] 2.805795e-04 2.020588e-05
Algorithm converged after  8  iterations.
[1] 0.0002134242 0.0000161476
Algorithm converged after  8  iterations.
[1] 0.0001600407 0.0000125939
Algorithm converged after  8  iterations.
[1] 1.181617e-04 9.559458e-06
Algorithm converged after  8  iterations.
[1] 8.577674e-05 7.043608e-06
Algorithm converged after  8  iterations.
[1] 6.112390e-05 5.025073e-06
Algorithm converged after  8  iterations.
[1] 4.267799e-05 3.462173e-06
Algorithm converged after  8  iterations.
[1] 2.913636e-05 2.297260e-06
Algorithm converged after  8  iterations.
[1] 1.940247e-05 1.463484e-06
Algorithm converged after  8  iterations.
[1] 1.256788e-05 8.919696e-07
Algorithm converged after  8  iterations.
[1] 7.893219e-06 5.179805e-07
Algorithm converged after  8  iterations.
[1] 4.788641e-06 2.852192e-07
Algorithm converged after  8  iterations.
[1] 2.794112e-06 1.480672e-07
Algorithm converged after  8  iterations.
[1] 1.560007e-06 7.197665e-08
Algorithm converged after  8  iterations.
[1] 8.283895e-07 3.249638e-08
Algorithm converged after  8  iterations.
[1] 4.153771e-07 1.349370e-08
Algorithm converged after  8  iterations.
[1] 1.949851e-07 5.092520e-09
Algorithm converged after  8  iterations.
[1] 8.479597e-08 1.721767e-09
Algorithm converged after  8  iterations.
[1] 3.373042e-08 5.123500e-10
Algorithm converged after  8  iterations.
[1] 1.208088e-08 1.312758e-10
Algorithm converged after  8  iterations.
[1] 3.819925e-09 2.817715e-11
Algorithm converged after  7  iterations.
[1] 1.040075e-09 4.892964e-12
Algorithm converged after  7  iterations.
[1] 2.361643e-10 6.572605e-13
Algorithm converged after  7  iterations.
[1] 4.288575e-11 6.440480e-14
Algorithm converged after  7  iterations.
[1] 5.889995e-12 4.257346e-15
Algorithm converged after  7  iterations.
[1] 5.669774e-13 1.706342e-16
Algorithm converged after  7  iterations.
[1] 3.438747e-14 3.571381e-18
Algorithm converged after  7  iterations.
[1] 1.126692e-15 3.146071e-20
Algorithm converged after  7  iterations.
[1] 1.583359e-17 8.440369e-23
Algorithm converged after  6  iterations.
[1] 6.641845e-20 4.148224e-26
Algorithm converged after  6  iterations.
[1] 4.545494e-23 1.601062e-30
Algorithm converged after  6  iterations.
[1] 1.711108e-27 1.056686e-36
Algorithm converged after  6  iterations.
[1] 4.028189e-34 5.656409e-46
Algorithm converged after  6  iterations.
[1] 3.714914e-45 2.001430e-61
Algorithm converged after  6  iterations.
[1] 3.301740e-67 2.538245e-92
Algorithm converged after  5  iterations.
[1] 2.554054e-133 5.438496e-185
Algorithm converged after  5  iterations.
[1] 0.1620642
Algorithm converged after  2  iterations.
[1] 0.0045531397 0.0008293466
Algorithm converged after  2  iterations.
[1] 0.0039101109 0.0006638685
Algorithm converged after  2  iterations.
[1] 0.0033399849 0.0005284984
Algorithm converged after  2  iterations.
[1] 0.0028366482 0.0004191241
Algorithm converged after  2  iterations.
[1] 0.002394383 0.000332182
Algorithm converged after  2  iterations.
[1] 0.0020078053 0.0002651752
Algorithm converged after  2  iterations.
[1] 0.0016718303 0.0002184957
Algorithm converged after  2  iterations.
[1] 0.0013816424 0.0001876386
Algorithm converged after  2  iterations.
[1] 0.0011326822 0.0001635931
Algorithm converged after  2  iterations.
[1] 0.0009206384 0.0001431179
Algorithm converged after  2  iterations.
[1] 0.0007414453 0.0001248707
Algorithm converged after  2  iterations.
[1] 0.0005912840 0.0001081852
Algorithm converged after  2  iterations.
[1] 4.665855e-04 9.273396e-05
Algorithm converged after  2  iterations.
[1] 3.640357e-04 7.839249e-05
Algorithm converged after  2  iterations.
[1] 0.0002805795 0.0000651638
Algorithm converged after  2  iterations.
[1] 2.134242e-04 5.312272e-05
Algorithm converged after  2  iterations.
[1] 1.600407e-04 4.236884e-05
Algorithm converged after  2  iterations.
[1] 1.181617e-04 3.298698e-05
Algorithm converged after  2  iterations.
[1] 8.577674e-05 2.501871e-05
Algorithm converged after  2  iterations.
[1] 6.112390e-05 1.844719e-05
Algorithm converged after  2  iterations.
[1] 4.267799e-05 1.319561e-05
Algorithm converged after  2  iterations.
[1] 2.913636e-05 9.136479e-06
Algorithm converged after  2  iterations.
[1] 1.940247e-05 6.107630e-06
Algorithm converged after  2  iterations.
[1] 1.256788e-05 3.930371e-06
Algorithm converged after  2  iterations.
[1] 7.893219e-06 2.426400e-06
Algorithm converged after  2  iterations.
[1] 4.788641e-06 1.431151e-06
Algorithm converged after  2  iterations.
[1] 2.794112e-06 8.025877e-07
Algorithm converged after  2  iterations.
[1] 1.560007e-06 4.254643e-07
Algorithm converged after  2  iterations.
[1] 8.283895e-07 2.117273e-07
Algorithm converged after  2  iterations.
[1] 4.153771e-07 9.808369e-08
Algorithm converged after  2  iterations.
[1] 1.949851e-07 4.187173e-08
Algorithm converged after  2  iterations.
[1] 8.479597e-08 1.626990e-08
Algorithm converged after  2  iterations.
[1] 3.373042e-08 5.667610e-09
Algorithm converged after  2  iterations.
[1] 1.208088e-08 1.736990e-09
Algorithm converged after  2  iterations.
[1] 3.819925e-09 4.574447e-10
Algorithm converged after  2  iterations.
[1] 1.040075e-09 1.004687e-10
Algorithm converged after  2  iterations.
[1] 2.361643e-10 1.770702e-11
Algorithm converged after  2  iterations.
[1] 4.288575e-11 2.381148e-12
Algorithm converged after  2  iterations.
[1] 5.889995e-12 2.284226e-13
Algorithm converged after  2  iterations.
[1] 5.669774e-13 1.426094e-14
Algorithm converged after  2  iterations.
[1] 3.438747e-14 5.095656e-16
Algorithm converged after  2  iterations.
[1] 1.126692e-15 8.654874e-18
Algorithm converged after  2  iterations.
[1] 1.583359e-17 5.288907e-20
Algorithm converged after  2  iterations.
[1] 6.641845e-20 7.506179e-23
Algorithm converged after  2  iterations.
[1] 4.545494e-23 1.192849e-26
Algorithm converged after  2  iterations.
[1] 1.711108e-27 5.709053e-32
Algorithm converged after  2  iterations.
[1] 4.028189e-34 5.953419e-40
Algorithm converged after  2  iterations.
[1] 3.714914e-45 2.950305e-53
Algorithm converged after  2  iterations.
[1] 3.301740e-67 7.211553e-80
Algorithm converged after  2  iterations.
[1] 2.554054e-133 1.048597e-159
Algorithm converged after  2  iterations.
[1] 0.1490546
Algorithm converged after  2  iterations.
[1] 0.0045531397 0.0004569671 0.0001696838
[1] 0.0050841162 0.0004821265 0.0001819222
Algorithm converged after  12  iterations.
[1] 0.0039101109 0.0003560221 0.0001324031
[1] 0.0044351068 0.0003772076 0.0001372783
Algorithm converged after  12  iterations.
[1] 3.339985e-03 2.755024e-04 9.990958e-05
[1] 0.0038758521 0.0002946205 0.0001018271
Algorithm converged after  12  iterations.
[1] 2.836648e-03 2.113312e-04 7.376167e-05
[1] 0.0033981056 0.0002292873 0.0000746464
Algorithm converged after  12  iterations.
[1] 2.394383e-03 1.604630e-04 5.365735e-05
[1] 2.990268e-03 1.776145e-04 5.434581e-05
Algorithm converged after  13  iterations.
[1] 2.007805e-03 1.204753e-04 3.866782e-05
[1] 2.625655e-03 1.364830e-04 3.947297e-05
Algorithm converged after  13  iterations.
[1] 1.671830e-03 8.936681e-05 2.776455e-05
[1] 0.0022678905 0.0001032642 0.0000286326
Algorithm converged after  13  iterations.
[1] 1.381642e-03 6.545468e-05 2.002374e-05
[1] 1.905283e-03 7.650530e-05 2.063533e-05
Algorithm converged after  12  iterations.
[1] 1.132682e-03 4.731697e-05 1.472691e-05
[1] 1.554469e-03 5.558465e-05 1.461079e-05
Algorithm converged after  14  iterations.
[1] 9.206384e-04 3.375709e-05 1.152059e-05
[1] 1.234297e-03 3.969333e-05 1.207652e-05
Algorithm converged after  16  iterations.
[1] 7.414453e-04 2.377724e-05 9.715356e-06
[1] 1.013198e-03 2.840351e-05 1.236446e-05
Algorithm converged after  11  iterations.
[1] 5.912840e-04 1.655407e-05 8.210634e-06
Algorithm converged after  10  iterations.
[1] 4.665855e-04 1.141165e-05 6.578493e-06
Algorithm converged after  10  iterations.
[1] 3.640357e-04 7.796752e-06 4.874031e-06
Algorithm converged after  10  iterations.
[1] 2.805795e-04 5.273068e-06 3.370698e-06
Algorithm converged after  10  iterations.
[1] 2.134242e-04 3.519619e-06 2.213593e-06
Algorithm converged after  9  iterations.
[1] 1.600407e-04 2.310129e-06 1.395140e-06
Algorithm converged after  9  iterations.
[1] 1.181617e-04 1.485525e-06 8.477482e-07
Algorithm converged after  9  iterations.
[1] 8.577674e-05 9.324936e-07 4.972074e-07
Algorithm converged after  9  iterations.
[1] 6.112390e-05 5.693257e-07 2.812359e-07
Algorithm converged after  9  iterations.
[1] 4.267799e-05 3.368381e-07 1.530944e-07
Algorithm converged after  8  iterations.
[1] 2.913636e-05 1.923727e-07 7.996179e-08
Algorithm converged after  8  iterations.
[1] 1.940247e-05 1.056115e-07 3.991687e-08
Algorithm converged after  8  iterations.
[1] 1.256788e-05 5.547760e-08 1.895567e-08
Algorithm converged after  8  iterations.
[1] 7.893219e-06 2.773989e-08 8.515389e-09
Algorithm converged after  8  iterations.
[1] 4.788641e-06 1.312480e-08 3.594960e-09
Algorithm converged after  7  iterations.
[1] 2.794112e-06 5.835800e-09 1.415287e-09
Algorithm converged after  7  iterations.
[1] 1.560007e-06 2.419071e-09 5.148603e-10
Algorithm converged after  7  iterations.
[1] 8.283895e-07 9.260609e-10 1.712107e-10
Algorithm converged after  7  iterations.
[1] 4.153771e-07 3.237472e-10 5.137721e-11
Algorithm converged after  7  iterations.
[1] 1.949851e-07 1.019801e-10 1.369894e-11
Algorithm converged after  6  iterations.
[1] 8.479597e-08 2.847829e-11 3.185258e-12
Algorithm converged after  6  iterations.
[1] 3.373042e-08 6.911700e-12 6.312474e-13
Algorithm converged after  6  iterations.
[1] 1.208088e-08 1.422621e-12 1.036505e-13
Algorithm converged after  6  iterations.
[1] 3.819925e-09 2.408418e-13 1.361168e-14
Algorithm converged after  6  iterations.
[1] 1.040075e-09 3.226085e-14 1.367039e-15
Algorithm converged after  5  iterations.
[1] 2.361643e-10 3.252947e-15 9.912670e-17
Algorithm converged after  5  iterations.
[1] 4.288575e-11 2.313324e-16 4.813542e-18
Algorithm converged after  5  iterations.
[1] 5.889995e-12 1.063721e-17 1.415919e-19
Algorithm converged after  4  iterations.
[1] 5.669774e-13 2.809408e-19 2.200432e-21
Algorithm converged after  5  iterations.
[1] 3.438747e-14 3.610777e-21 1.491802e-23
Algorithm converged after  5  iterations.
[1] 1.126692e-15 1.777511e-23 7.403961e-34
[1] 1.082769e-15 1.776398e-23 4.231763e-29
[1] 1.172215e-15 1.781553e-23 3.290186e-26
[1] 1.084494e-15 1.776636e-23 6.684922e-32
[1] 1.179026e-15 1.782721e-23 2.956053e-35
[1] 1.150744e-15 1.780241e-23 8.866404e-39
[1] 1.093005e-15 1.776485e-23 7.159326e-41
[1] 1.082625e-15 1.776378e-23 9.521499e-34
[1] 1.083784e-15 1.776621e-23 3.298849e-26
Algorithm converged after  83  iterations.
[1] 1.583359e-17 2.340602e-26 1.639777e-29
[1] 1.600792e-17 2.343364e-26 4.568790e-34
Algorithm converged after  11  iterations.
[1] 6.641845e-20 4.690162e-30 3.478852e-53
[1] 6.580926e-20 4.693270e-30 1.684494e-55
Algorithm converged after  16  iterations.
[1] 4.545494e-23 5.587759e-35 1.960502e-39
Algorithm converged after  7  iterations.
[1] 1.711108e-27 7.294406e-42 2.730116e-49
Algorithm converged after  4  iterations.
[1] 4.028189e-34 3.546792e-52 1.240677e-61
Algorithm converged after  4  iterations.
[1] 3.714914e-45 2.408670e-69 7.062687e-82
Algorithm converged after  4  iterations.
[1]  3.301740e-67 1.209625e-103 9.883660e-119
[1]  2.990414e-67 1.220529e-103 9.849025e-119
[1]  2.572610e-67 1.236171e-103 1.047464e-130
[1]  2.932068e-67 1.222688e-103 9.813888e-119
[1]  2.571806e-67 1.236271e-103 1.624343e-136
[1]  2.932058e-67 1.222753e-103 2.912232e-134
[1]  2.571952e-67 1.236315e-103 1.166792e-129
[1]  2.572066e-67 1.236341e-103 1.624355e-136
[1]  2.932049e-67 1.222841e-103 9.813891e-119
[1]  2.926829e-67 1.223065e-103 1.214216e-129
[1]  2.980748e-67 1.221133e-103 9.817385e-119
[1]  2.734060e-67 1.230252e-103 1.472736e-138
[1]  2.732954e-67 1.230326e-103 1.472634e-138
[1]  2.970508e-67 1.221585e-103 1.051651e-130
[1]  2.572025e-67 1.236546e-103 1.624353e-136
[1]  2.990453e-67 1.220920e-103 9.819042e-119
[1]  2.887598e-67 1.224676e-103 9.821155e-119
[1]  3.105450e-67 1.216878e-103 9.811196e-119
[1]  2.980117e-67 1.221372e-103 9.816252e-119
[1]  2.571922e-67 1.236683e-103 1.537293e-179
Algorithm did not converge after  200  iterations.
[1] 2.554054e-133 1.896136e-206 2.776289e-245
Algorithm converged after  5  iterations.
[1] 0.1647798
Algorithm converged after  2  iterations.
[1] 0.0045531397 0.0003730353 0.0001151468
[1] 0.0048291824 0.0003855819 0.0001312876
Algorithm converged after  11  iterations.
[1] 3.910111e-03 2.880995e-04 9.422083e-05
[1] 0.0041752395 0.0002965594 0.0001027171
Algorithm converged after  11  iterations.
[1] 3.339985e-03 2.218825e-04 7.604059e-05
[1] 3.608538e-03 2.277236e-04 7.936028e-05
Algorithm converged after  11  iterations.
[1] 2.836648e-03 1.704529e-04 6.151258e-05
Algorithm converged after  10  iterations.
[1] 2.394383e-03 1.308136e-04 5.145994e-05
[1] 2.812712e-03 1.360855e-04 4.764913e-05
Algorithm converged after  11  iterations.
[1] 2.007805e-03 1.008130e-04 4.710487e-05
[1] 2.747351e-03 1.135183e-04 4.673416e-05
Algorithm converged after  14  iterations.
[1] 1.671830e-03 7.920487e-05 4.467685e-05
[1] 2.418090e-03 9.308822e-05 4.784816e-05
Algorithm converged after  13  iterations.
[1] 1.381642e-03 6.377351e-05 3.553039e-05
[1] 2.013878e-03 7.552347e-05 3.986877e-05
Algorithm converged after  12  iterations.
[1] 1.132682e-03 5.184277e-05 2.619617e-05
[1] 1.648848e-03 6.183213e-05 2.990236e-05
Algorithm converged after  12  iterations.
[1] 9.206384e-04 4.219527e-05 1.866658e-05
[1] 1.334288e-03 5.058790e-05 2.138463e-05
Algorithm converged after  13  iterations.
[1] 7.414453e-04 3.422016e-05 1.297227e-05
[1] 1.067094e-03 4.108569e-05 1.484647e-05
Algorithm converged after  14  iterations.
[1] 5.912840e-04 2.755185e-05 8.814382e-06
[1] 8.421618e-04 3.299338e-05 1.006471e-05
Algorithm converged after  14  iterations.
[1] 4.665855e-04 2.195087e-05 5.859648e-06
[1] 6.548277e-04 2.612599e-05 6.676984e-06
Algorithm converged after  14  iterations.
[1] 3.640357e-04 1.725161e-05 3.811488e-06
[1] 5.018308e-04 2.036737e-05 4.339055e-06
Algorithm converged after  13  iterations.
[1] 2.805795e-04 1.333387e-05 2.426282e-06
[1] 3.801914e-04 1.561601e-05 2.763247e-06
Algorithm converged after  11  iterations.
[1] 2.134242e-04 1.010469e-05 1.512341e-06
Algorithm converged after  10  iterations.
[1] 1.600407e-04 7.485948e-06 9.233647e-07
Algorithm converged after  9  iterations.
[1] 1.181617e-04 5.405874e-06 5.517785e-07
Algorithm converged after  8  iterations.
[1] 8.577674e-05 3.794281e-06 3.220601e-07
Algorithm converged after  8  iterations.
[1] 6.112390e-05 2.580907e-06 1.830839e-07
[1] 7.839107e-05 2.829803e-06 2.015011e-07
[1] 8.003192e-05 2.965981e-06 3.312083e-12
[1] 8.417856e-05 3.065002e-06 1.937089e-12
[1] 8.345508e-05 3.067954e-06 2.691962e-12
[1] 8.339812e-05 3.073358e-06 1.942552e-07
Algorithm converged after  53  iterations.
[1] 4.267799e-05 1.696211e-06 1.010267e-07
Algorithm converged after  7  iterations.
[1] 2.913636e-05 1.073602e-06 5.390504e-08
[1] 3.902145e-05 1.221938e-06 5.760862e-08
[1] 3.369241e-05 1.146468e-06 6.746362e-12
[1] 3.918294e-05 1.211994e-06 1.698030e-11
[1] 3.954724e-05 1.239864e-06 5.596691e-08
[1] 3.490194e-05 1.175177e-06 5.132567e-08
Algorithm converged after  55  iterations.
[1] 1.940247e-05 6.520981e-07 1.828902e-08
[1] 2.733064e-05 7.478521e-07 1.976474e-08
Algorithm converged after  17  iterations.
[1] 1.256788e-05 3.785673e-07 8.303151e-09
Algorithm converged after  10  iterations.
[1] 7.893219e-06 2.090910e-07 3.546740e-09
Algorithm converged after  8  iterations.
[1] 4.788641e-06 1.092879e-07 1.417490e-09
Algorithm converged after  8  iterations.
[1] 2.794112e-06 5.372074e-08 5.259508e-10
Algorithm converged after  8  iterations.
[1] 1.560007e-06 2.465172e-08 1.794786e-10
Algorithm converged after  8  iterations.
[1] 8.283895e-07 1.046865e-08 5.569618e-11
Algorithm converged after  8  iterations.
[1] 4.153771e-07 4.071307e-09 1.550667e-11
Algorithm converged after  7  iterations.
[1] 1.949851e-07 1.431890e-09 3.810949e-12
Algorithm converged after  7  iterations.
[1] 8.479597e-08 4.485201e-10 8.106088e-13
Algorithm converged after  7  iterations.
[1] 3.373042e-08 1.228065e-10 1.456753e-13
Algorithm converged after  7  iterations.
[1] 1.208088e-08 2.871901e-11 2.146957e-14
Algorithm converged after  7  iterations.
[1] 3.819925e-09 5.572347e-12 2.500114e-15
Algorithm converged after  7  iterations.
[1] 1.040075e-09 8.647074e-13 2.194458e-16
Algorithm converged after  7  iterations.
[1] 2.361643e-10 1.023608e-13 1.366537e-17
Algorithm converged after  7  iterations.
[1] 4.288575e-11 8.689157e-15 5.577794e-19
Algorithm converged after  7  iterations.
[1] 5.889995e-12 4.870674e-16 6.324606e-32
[1] 8.048516e-12 5.044659e-16 5.899020e-38
[1] 8.078121e-12 5.047526e-16 1.410075e-20
Algorithm converged after  25  iterations.
[1] 5.669774e-13 1.611131e-17 1.651592e-22
[1] 6.575623e-13 1.634488e-17 2.499491e-41
[1] 6.589223e-13 1.634746e-17 1.687945e-22
[1] 7.645040e-13 1.660430e-17 5.465552e-35
Algorithm converged after  38  iterations.
[1] 3.438747e-14 2.686789e-19 8.485843e-25
Algorithm converged after  6  iterations.
[1] 1.126692e-15 1.799491e-21 1.362322e-27
Algorithm converged after  6  iterations.
[1] 1.583359e-17 3.441725e-24 4.068305e-33
[1] 1.747442e-17 3.464146e-24 4.493217e-31
[1] 1.859313e-17 3.478229e-24 4.507560e-31
Algorithm converged after  26  iterations.
[1] 6.641845e-20 1.100053e-27 1.463742e-35
[1] 7.793570e-20 1.109995e-27 1.656803e-71
[1] 7.737908e-20 1.109446e-27 6.308076e-38
[1] 7.766073e-20 1.109677e-27 2.441976e-33
[1] 8.317197e-20 1.114251e-27 1.506577e-35
[1] 8.294924e-20 1.114044e-27 3.154340e-71
[1] 8.297197e-20 1.114081e-27 6.198625e-38
[1] 7.793036e-20 1.110022e-27 6.265999e-38
[1] 7.761248e-20 1.109678e-27 3.186464e-52
[1] 8.312483e-20 1.114229e-27 6.869521e-32
[1] 7.180746e-20 1.104911e-27 1.618658e-39
[1] 7.184013e-20 1.104946e-27 1.907613e-39
[1] 7.688980e-20 1.109125e-27 3.874661e-39
[1] 7.297497e-20 1.105854e-27 2.437935e-33
[1] 7.213892e-20 1.105161e-27 2.437466e-33
[1] 8.292587e-20 1.114101e-27 5.463498e-54
[1] 8.299487e-20 1.114168e-27 1.254476e-50
[1] 8.299695e-20 1.114174e-27 1.501256e-35
[1] 8.272984e-20 1.113901e-27 1.483853e-35
[1] 8.299705e-20 1.114200e-27 7.945287e-50
Algorithm did not converge after  200  iterations.
[1] 4.545494e-23 2.405968e-32 5.621898e-62
[1] 5.805999e-23 2.433990e-32 3.039988e-42
[1] 5.535584e-23 2.428271e-32 2.899821e-42
[1] 5.538562e-23 2.428359e-32 4.370756e-37
[1] 5.533681e-23 2.428217e-32 4.709893e-46
[1] 5.238631e-23 2.421824e-32 3.010473e-42
[1] 5.553965e-23 2.428750e-32 2.880174e-43
[1] 4.900553e-23 2.414276e-32 3.372298e-63
[1] 5.806227e-23 2.434041e-32 3.688174e-58
[1] 5.538818e-23 2.428377e-32 2.474522e-83
[1] 5.504971e-23 2.427511e-32 3.669747e-58
[1] 5.256705e-23 2.422183e-32 1.601511e-41
[1] 5.495754e-23 2.427328e-32 1.025900e-38
[1] 5.223234e-23 2.421591e-32 5.131941e-76
[1] 5.795665e-23 2.433839e-32 2.902613e-42
[1] 5.494168e-23 2.427311e-32 3.011921e-42
[1] 5.387361e-23 2.424958e-32 3.790242e-80
[1] 5.241940e-23 2.422111e-32 4.065719e-63
[1] 5.796413e-23 2.433866e-32 1.619184e-41
[1] 5.173158e-23 2.420432e-32 4.365324e-37
Algorithm did not converge after  200  iterations.
[1] 1.711108e-27 7.219763e-39 9.145680e-70
[1] 1.938207e-27 7.252907e-39 2.368276e-70
[1] 1.890154e-27 7.246187e-39 6.381662e-75
[1] 1.854807e-27 7.240926e-39 2.523527e-72
[1] 2.022974e-27 7.264694e-39 2.498191e-70
[1] 1.843514e-27 7.239294e-39 9.088954e-70
[1] 1.932005e-27 7.251938e-39 2.396343e-68
[1] 2.083672e-27 7.272765e-39 1.020750e-69
[1] 1.866062e-27 7.242875e-39 1.235485e-72
[1] 1.795433e-27 7.232513e-39 2.333524e-70
[1] 1.907136e-27 7.248832e-39 6.409084e-75
[1] 1.906918e-27 7.248809e-39 6.576480e-92
[1] 1.929910e-27 7.252127e-39 3.738653e-74
[1] 1.906898e-27 7.248826e-39 1.582259e-64
[1] 1.816975e-27 7.235819e-39 5.261346e-70
[1] 2.030938e-27 7.266135e-39 5.885054e-74
[1] 1.844426e-27 7.239841e-39 9.202147e-73
[1] 1.995749e-27 7.261153e-39 2.323582e-70
[1] 1.996874e-27 7.261317e-39 2.323062e-70
[1] 2.038770e-27 7.267171e-39 5.267078e-65
Algorithm did not converge after  200  iterations.
[1] 4.028189e-34 1.195498e-48 1.841400e-77
[1] 4.709930e-34 1.200757e-48 5.943031e-77
[1] 4.206926e-34 1.196932e-48 1.951998e-84
[1] 4.740581e-34 1.201012e-48 1.336500e-75
[1] 4.458213e-34 1.198872e-48 1.709175e-77
[1] 4.405277e-34 1.198438e-48 1.310245e-63
[1] 4.462421e-34 1.198905e-48 1.673650e-77
[1] 4.189792e-34 1.196798e-48 1.334186e-75
[1] 4.419009e-34 1.198565e-48 2.415029e-80
[1] 5.049357e-34 1.203268e-48 4.323851e-82
[1] 4.405910e-34 1.198480e-48 1.658352e-77
[1] 4.606272e-34 1.199985e-48 7.769231e-75
[1] 5.044902e-34 1.203230e-48 2.136337e-84
[1] 4.463501e-34 1.198916e-48 1.950207e-84
[1] 4.609715e-34 1.200012e-48 7.772227e-75
[1] 4.641201e-34 1.200248e-48 1.411660e-86
[1] 4.469942e-34 1.198967e-48 1.676410e-77
[1] 4.355885e-34 1.198093e-48 2.127054e-84
[1] 4.738934e-34 1.201007e-48 1.949878e-84
[1] 4.462313e-34 1.198911e-48 1.950248e-84
Algorithm did not converge after  200  iterations.
[1]  3.714914e-45  6.059820e-65 3.640319e-102
[1]  3.771405e-45  6.061590e-65 2.586659e-107
[1]  4.034895e-45  6.069420e-65 3.745005e-113
[1] 3.772114e-45 6.061614e-65 5.951688e-89
[1] 3.771346e-45 6.061591e-65 4.167317e-96
[1]  3.888283e-45  6.065149e-65 4.202883e-101
[1]  3.992724e-45  6.068242e-65 4.046446e-102
[1]  3.888461e-45  6.065157e-65 6.730958e-113
[1] 3.888235e-45 6.065150e-65 4.226551e-96
[1]  4.064687e-45  6.070294e-65 1.579513e-105
[1]  4.065301e-45  6.070316e-65 1.579459e-105
[1] 4.064852e-45 6.070305e-65 3.542554e-83
[1]  4.025690e-45  6.069165e-65 1.108595e-108
[1]  4.326504e-45  6.077758e-65 1.876165e-154
Algorithm converged after  137  iterations.
[1]  3.301740e-67  1.608785e-97 5.423419e-143
Algorithm converged after  4  iterations.
[1] 2.554054e-133 3.304625e-195 3.207933e-278
[1] 2.638790e-133 3.304930e-195 3.198869e-278
[1] 2.638790e-133 3.304930e-195 3.198869e-278
[1] 2.638790e-133 3.304930e-195 3.198869e-278
[1] 2.638790e-133 3.304930e-195 3.198869e-278
[1] 2.638790e-133 3.304930e-195 3.198869e-278
[1] 2.638790e-133 3.304930e-195 3.198869e-278
[1] 2.638790e-133 3.304930e-195 3.198869e-278
[1] 2.638790e-133 3.304930e-195 3.198869e-278
[1] 2.638790e-133 3.304930e-195 3.198869e-278
[1] 2.638790e-133 3.304930e-195 3.198869e-278
[1] 2.638790e-133 3.304930e-195 3.198869e-278
[1] 2.638790e-133 3.304930e-195 3.198869e-278
[1] 2.638790e-133 3.304930e-195 3.198869e-278
[1] 2.638790e-133 3.304930e-195 3.198869e-278
[1] 2.638790e-133 3.304930e-195 3.198869e-278
[1] 2.638790e-133 3.304930e-195 3.198869e-278
[1] 2.638790e-133 3.304930e-195 3.198869e-278
[1] 2.638790e-133 3.304930e-195 3.198869e-278
[1] 2.638790e-133 3.304930e-195 3.198869e-278
Algorithm did not converge after  200  iterations.
[1] 0.1609343
Algorithm converged after  2  iterations.
[1] 4.553140e-03 3.468163e-04 8.536152e-05
[1] 0.0050811298 0.0003694846 0.0001029655
Algorithm converged after  16  iterations.
[1] 0.0039101109 0.0002697900 0.0000727362
[1] 4.471768e-03 2.897677e-04 8.582329e-05
Algorithm converged after  15  iterations.
[1] 3.339985e-03 2.089833e-04 6.176882e-05
[1] 3.929088e-03 2.263345e-04 6.985144e-05
Algorithm converged after  14  iterations.
[1] 2.836648e-03 1.613650e-04 5.263569e-05
[1] 3.444848e-03 1.757696e-04 5.515573e-05
Algorithm converged after  12  iterations.
[1] 2.394383e-03 1.244942e-04 4.609148e-05
[1] 3.023625e-03 1.359156e-04 4.229057e-05
Algorithm converged after  13  iterations.
[1] 2.007805e-03 9.661574e-05 4.424309e-05
[1] 2.851519e-03 1.132050e-04 4.208924e-05
[1] 2.839028e-03 1.123654e-04 4.066818e-05
[1] 2.827834e-03 1.116556e-04 3.948894e-05
[1] 2.814791e-03 1.108828e-04 3.823716e-05
[1] 2.797178e-03 1.099319e-04 3.676058e-05
[1] 2.775298e-03 1.088889e-04 3.525611e-05
[1] 2.759082e-03 1.082049e-04 3.436169e-05
[1] 2.753418e-03 1.079827e-04 3.409199e-05
[1] 2.752191e-03 1.079357e-04 3.403655e-05
[1] 2.751963e-03 1.079270e-04 3.402636e-05
[1] 2.751922e-03 1.079254e-04 3.402452e-05
Algorithm converged after  116  iterations.
[1] 1.671830e-03 7.759654e-05 4.698347e-05
[1] 2.477821e-03 9.624857e-05 5.410006e-05
Algorithm converged after  14  iterations.
[1] 1.381642e-03 6.539901e-05 3.708847e-05
[1] 2.050991e-03 8.127937e-05 4.445162e-05
Algorithm converged after  15  iterations.
[1] 1.132682e-03 5.601782e-05 2.724609e-05
[1] 1.679760e-03 7.101581e-05 3.293876e-05
Algorithm converged after  15  iterations.
[1] 9.206384e-04 4.819243e-05 1.944480e-05
[1] 1.362998e-03 6.225443e-05 2.349689e-05
Algorithm converged after  16  iterations.
[1] 7.414453e-04 4.137847e-05 1.357655e-05
[1] 1.095088e-03 5.415629e-05 1.637376e-05
Algorithm converged after  17  iterations.
[1] 5.912840e-04 3.528899e-05 9.289676e-06
[1] 8.700015e-04 4.652485e-05 1.119324e-05
Algorithm converged after  17  iterations.
[1] 4.665855e-04 2.977022e-05 6.230097e-06
[1] 6.824027e-04 3.934945e-05 7.515462e-06
Algorithm converged after  16  iterations.
[1] 3.640357e-04 2.474954e-05 4.093019e-06
[1] 5.284695e-04 3.269604e-05 4.955408e-06
Algorithm converged after  14  iterations.
[1] 2.805795e-04 2.020588e-05 2.631882e-06
[1] 4.047713e-04 2.664390e-05 3.206955e-06
Algorithm converged after  12  iterations.
[1] 2.134242e-04 1.614760e-05 1.654695e-06
[1] 3.069067e-04 2.124376e-05 2.035704e-06
Algorithm converged after  11  iterations.
[1] 1.600407e-04 1.259390e-05 1.016546e-06
Algorithm converged after  10  iterations.
[1] 1.181617e-04 9.559458e-06 6.107747e-07
Algorithm converged after  9  iterations.
[1] 8.577674e-05 7.043608e-06 3.591331e-07
Algorithm converged after  8  iterations.
[1] 6.112390e-05 5.025073e-06 1.959018e-07
[1] 9.353343e-05 7.013764e-06 2.530185e-07
[1] 8.829433e-05 6.415334e-06 3.302116e-12
[1] 9.164857e-05 6.777519e-06 2.581707e-07
Algorithm converged after  35  iterations.
[1] 4.267799e-05 3.462173e-06 1.063766e-07
[1] 6.401695e-05 4.595197e-06 1.456365e-07
Algorithm converged after  13  iterations.
[1] 2.913636e-05 2.297260e-06 5.554302e-08
[1] 4.104977e-05 2.888856e-06 5.954433e-08
[1] 4.107184e-05 2.889369e-06 5.954074e-08
[1] 4.107356e-05 2.889407e-06 5.954046e-08
Algorithm converged after  40  iterations.
[1] 1.940247e-05 1.463484e-06 2.777756e-08
[1] 2.757525e-05 1.831895e-06 2.960767e-08
Algorithm converged after  18  iterations.
[1] 1.256788e-05 8.919696e-07 1.324150e-08
[1] 1.800677e-05 1.111294e-06 1.403111e-08
Algorithm converged after  13  iterations.
[1] 7.893219e-06 5.179805e-07 5.982679e-09
[1] 1.139646e-05 6.421764e-07 6.302355e-09
Algorithm converged after  11  iterations.
[1] 4.788641e-06 2.852192e-07 3.667155e-09
Algorithm converged after  9  iterations.
[1] 2.794112e-06 1.480672e-07 1.011602e-09
[1] 4.347118e-06 1.904159e-07 1.001253e-09
Algorithm converged after  12  iterations.
[1] 1.560007e-06 7.197665e-08 1.432226e-21
Algorithm converged after  10  iterations.
[1] 8.283895e-07 3.249638e-08 1.255257e-10
[1] 1.130579e-06 3.760604e-08 1.259381e-10
[1] 1.177613e-06 3.895095e-08 1.233584e-10
[1] 1.205404e-06 3.908820e-08 2.806143e-10
Algorithm converged after  39  iterations.
[1] 4.153771e-07 1.349370e-08 3.828398e-11
[1] 6.545576e-07 1.685968e-08 4.819443e-11
[1] 6.251428e-07 1.636172e-08 2.845645e-20
[1] 6.261489e-07 1.638976e-08 3.857687e-11
[1] 5.948131e-07 1.592409e-08 4.143638e-11
