myseed=1602 

Attaching package: ‘pls’

The following object is masked from ‘package:stats’:

    loadings

Loading required package: lattice
Loading required package: ggplot2
Registered S3 methods overwritten by 'ggplot2':
  method         from 
  [.quosures     rlang
  c.quosures     rlang
  print.quosures rlang

Attaching package: ‘caret’

The following object is masked from ‘package:pls’:

    R2

Loading required package: Matrix
Loading required package: foreach
Loaded glmnet 2.0-18

Parsed with column specification:
cols(
  .default = col_double()
)
See spec(...) for full column specifications.
Parsed with column specification:
cols(
  X1 = col_double()
)
Parsed with column specification:
cols(
  X1 = col_double()
)
[1] "Best 2step parameter is:"
   gam  rankJ rankA1 rankA2 rankA3 
 1e+10  2e+00  1e+00  0e+00  0e+00 
[1] 0.004644092
Algorithm converged after  2  iterations.
[1] 0.00397402
Algorithm converged after  2  iterations.
[1] 0.003382066
Algorithm converged after  2  iterations.
[1] 0.002861367
Algorithm converged after  2  iterations.
[1] 0.002405549
Algorithm converged after  2  iterations.
[1] 0.00200865
Algorithm converged after  2  iterations.
[1] 0.001665071
Algorithm converged after  2  iterations.
[1] 0.001369544
Algorithm converged after  2  iterations.
[1] 0.001117108
Algorithm converged after  2  iterations.
[1] 0.0009031004
Algorithm converged after  2  iterations.
[1] 0.0007231435
Algorithm converged after  2  iterations.
[1] 0.000573147
Algorithm converged after  2  iterations.
[1] 0.0004493055
Algorithm converged after  2  iterations.
[1] 0.0003481001
Algorithm converged after  2  iterations.
[1] 0.0002663006
Algorithm converged after  2  iterations.
[1] 0.0002009665
Algorithm converged after  2  iterations.
[1] 0.000149447
Algorithm converged after  2  iterations.
[1] 0.0001093782
Algorithm converged after  2  iterations.
[1] 7.867735e-05
Algorithm converged after  2  iterations.
[1] 5.55333e-05
Algorithm converged after  2  iterations.
[1] 3.839276e-05
Algorithm converged after  2  iterations.
[1] 2.594333e-05
Algorithm converged after  2  iterations.
[1] 1.70935e-05
Algorithm converged after  2  iterations.
[1] 1.095091e-05
Algorithm converged after  2  iterations.
[1] 6.799456e-06
Algorithm converged after  2  iterations.
[1] 4.076283e-06
Algorithm converged after  2  iterations.
[1] 2.349119e-06
Algorithm converged after  2  iterations.
[1] 1.29463e-06
Algorithm converged after  2  iterations.
[1] 6.7815e-07
Algorithm converged after  2  iterations.
[1] 3.351803e-07
Algorithm converged after  2  iterations.
[1] 1.549548e-07
Algorithm converged after  2  iterations.
[1] 6.629927e-08
Algorithm converged after  2  iterations.
[1] 2.591641e-08
Algorithm converged after  2  iterations.
[1] 9.109002e-09
Algorithm converged after  2  iterations.
[1] 2.821864e-09
Algorithm converged after  2  iterations.
[1] 7.512867e-10
Algorithm converged after  2  iterations.
[1] 1.664137e-10
Algorithm converged after  2  iterations.
[1] 2.939463e-11
Algorithm converged after  2  iterations.
[1] 3.912865e-12
Algorithm converged after  2  iterations.
[1] 3.6342e-13
Algorithm converged after  2  iterations.
[1] 2.114366e-14
Algorithm converged after  2  iterations.
[1] 6.594592e-16
Algorithm converged after  2  iterations.
[1] 8.730307e-18
Algorithm converged after  2  iterations.
[1] 3.399377e-20
Algorithm converged after  2  iterations.
[1] 2.112754e-23
Algorithm converged after  2  iterations.
[1] 6.97698e-28
Algorithm converged after  2  iterations.
[1] 1.357052e-34
Algorithm converged after  2  iterations.
[1] 9.183507e-46
Algorithm converged after  2  iterations.
[1] 4.463952e-68
Algorithm converged after  2  iterations.
[1] 5.875918e-135
Algorithm converged after  2  iterations.
[1] 0.1710504
Algorithm converged after  2  iterations.
[1] 0.0046440920 0.0004705067
[1] 0.0075033604 0.0006747447
Algorithm converged after  17  iterations.
[1] 0.0039740203 0.0003621913
[1] 0.0063969925 0.0005248216
Algorithm converged after  17  iterations.
[1] 0.0033820658 0.0002778695
[1] 0.005351088 0.000404204
Algorithm converged after  14  iterations.
[1] 0.0028613673 0.0002123618
[1] 0.004415255 0.000309125
Algorithm converged after  13  iterations.
[1] 0.0024055494 0.0001614486
[1] 0.0036161936 0.0002356375
Algorithm converged after  12  iterations.
[1] 0.0020086502 0.0001219016
[1] 0.0029492798 0.0001792671
Algorithm converged after  11  iterations.
[1] 1.665071e-03 9.131006e-05
Algorithm converged after  10  iterations.
[1] 1.369544e-03 6.783758e-05
Algorithm converged after  10  iterations.
[1] 1.117108e-03 5.004131e-05
Algorithm converged after  8  iterations.
[1] 9.031004e-04 3.675029e-05
Algorithm converged after  8  iterations.
[1] 7.231435e-04 2.695809e-05
Algorithm converged after  7  iterations.
[1] 5.731470e-04 1.976477e-05
Algorithm converged after  7  iterations.
[1] 4.493055e-04 1.444305e-05
Algorithm converged after  7  iterations.
[1] 3.481001e-04 1.047626e-05
Algorithm converged after  7  iterations.
[1] 2.663006e-04 7.510655e-06
Algorithm converged after  7  iterations.
[1] 2.009665e-04 5.299527e-06
Algorithm converged after  8  iterations.
[1] 1.494470e-04 3.665061e-06
Algorithm converged after  8  iterations.
[1] 1.093782e-04 2.474313e-06
Algorithm converged after  8  iterations.
[1] 7.867735e-05 1.624283e-06
Algorithm converged after  8  iterations.
[1] 5.553330e-05 1.032902e-06
Algorithm converged after  8  iterations.
[1] 3.839276e-05 6.339079e-07
Algorithm converged after  8  iterations.
[1] 2.594333e-05 3.740319e-07
Algorithm converged after  8  iterations.
[1] 1.709350e-05 2.113259e-07
Algorithm converged after  8  iterations.
[1] 1.095091e-05 1.138231e-07
Algorithm converged after  7  iterations.
[1] 6.799456e-06 5.815205e-08
Algorithm converged after  7  iterations.
[1] 4.076283e-06 2.801883e-08
Algorithm converged after  7  iterations.
[1] 2.349119e-06 1.264631e-08
Algorithm converged after  7  iterations.
[1] 1.294630e-06 5.304818e-09
Algorithm converged after  7  iterations.
[1] 6.781500e-07 2.048795e-09
Algorithm converged after  7  iterations.
[1] 3.351803e-07 7.204265e-10
Algorithm converged after  7  iterations.
[1] 1.549548e-07 2.275641e-10
Algorithm converged after  7  iterations.
[1] 6.629927e-08 6.352755e-11
Algorithm converged after  6  iterations.
[1] 2.591641e-08 1.536410e-11
Algorithm converged after  6  iterations.
[1] 9.109002e-09 3.140793e-12
Algorithm converged after  6  iterations.
[1] 2.821864e-09 5.262360e-13
Algorithm converged after  6  iterations.
[1] 7.512867e-10 6.949991e-14
Algorithm converged after  6  iterations.
[1] 1.664137e-10 6.881161e-15
Algorithm converged after  6  iterations.
[1] 2.939463e-11 4.783246e-16
Algorithm converged after  5  iterations.
[1] 3.912865e-12 2.138877e-17
Algorithm converged after  5  iterations.
[1] 3.634200e-13 5.460971e-19
Algorithm converged after  5  iterations.
[1] 2.114366e-14 6.737545e-21
Algorithm converged after  5  iterations.
[1] 6.594592e-16 3.156709e-23
Algorithm converged after  5  iterations.
[1] 8.730307e-18 3.913481e-26
Algorithm converged after  4  iterations.
[1] 3.399377e-20 7.278373e-30
Algorithm converged after  4  iterations.
[1] 2.112754e-23 7.890325e-35
Algorithm converged after  4  iterations.
[1] 6.976980e-28 9.101718e-42
Algorithm converged after  4  iterations.
[1] 1.357052e-34 3.729200e-52
Algorithm converged after  4  iterations.
[1] 9.183507e-46 1.954369e-69
Algorithm converged after  4  iterations.
[1]  4.463952e-68 6.177503e-104
Algorithm converged after  5  iterations.
[1] 5.875918e-135 2.848021e-207
Algorithm converged after  5  iterations.
[1] 0.1658005
Algorithm converged after  2  iterations.
[1] 0.0046440920 0.0004363266
Algorithm converged after  9  iterations.
[1] 0.0039740203 0.0003317999
Algorithm converged after  9  iterations.
[1] 0.0033820658 0.0002517529
Algorithm converged after  9  iterations.
[1] 0.0028613673 0.0001916211
Algorithm converged after  8  iterations.
[1] 0.0024055494 0.0001504599
Algorithm converged after  7  iterations.
[1] 0.0020086502 0.0001232145
Algorithm converged after  6  iterations.
[1] 0.0016650712 0.0001017788
Algorithm converged after  6  iterations.
[1] 1.369544e-03 8.420037e-05
Algorithm converged after  7  iterations.
[1] 1.117108e-03 6.953976e-05
Algorithm converged after  7  iterations.
[1] 9.031004e-04 5.720639e-05
Algorithm converged after  7  iterations.
[1] 7.231435e-04 4.678437e-05
Algorithm converged after  7  iterations.
[1] 5.731470e-04 3.796202e-05
Algorithm converged after  7  iterations.
[1] 0.0004493055 0.0000304974
Algorithm converged after  7  iterations.
[1] 3.481001e-04 2.419914e-05
Algorithm converged after  7  iterations.
[1] 2.663006e-04 1.891429e-05
Algorithm converged after  7  iterations.
[1] 2.009665e-04 1.451922e-05
Algorithm converged after  6  iterations.
[1] 1.494470e-04 1.091137e-05
Algorithm converged after  6  iterations.
[1] 1.093782e-04 8.001479e-06
Algorithm converged after  6  iterations.
[1] 7.867735e-05 5.706565e-06
Algorithm converged after  6  iterations.
[1] 5.553330e-05 3.945088e-06
Algorithm converged after  6  iterations.
[1] 3.839276e-05 2.634967e-06
Algorithm converged after  6  iterations.
[1] 2.594333e-05 1.694537e-06
Algorithm converged after  6  iterations.
[1] 1.709350e-05 1.045475e-06
Algorithm converged after  6  iterations.
[1] 1.095091e-05 6.163636e-07
Algorithm converged after  6  iterations.
[1] 6.799456e-06 3.456772e-07
Algorithm converged after  6  iterations.
[1] 4.076283e-06 1.834692e-07
Algorithm converged after  6  iterations.
[1] 2.349119e-06 9.159648e-08
Algorithm converged after  6  iterations.
[1] 1.294630e-06 4.270722e-08
Algorithm converged after  6  iterations.
[1] 6.781500e-07 1.843821e-08
Algorithm converged after  6  iterations.
[1] 3.351803e-07 7.295909e-09
Algorithm converged after  6  iterations.
[1] 1.549548e-07 2.613406e-09
Algorithm converged after  6  iterations.
[1] 6.629927e-08 8.347569e-10
Algorithm converged after  6  iterations.
[1] 2.591641e-08 2.334062e-10
Algorithm converged after  6  iterations.
[1] 9.109002e-09 5.583671e-11
Algorithm converged after  6  iterations.
[1] 2.821864e-09 1.110514e-11
Algorithm converged after  6  iterations.
[1] 7.512867e-10 1.770598e-12
Algorithm converged after  6  iterations.
[1] 1.664137e-10 2.159554e-13
Algorithm converged after  6  iterations.
[1] 2.939463e-11 1.895100e-14
Algorithm converged after  6  iterations.
[1] 3.912865e-12 1.102573e-15
Algorithm converged after  5  iterations.
[1] 3.634200e-13 3.804014e-17
Algorithm converged after  5  iterations.
[1] 2.114366e-14 6.657264e-19
Algorithm converged after  5  iterations.
[1] 6.594592e-16 4.715930e-21
Algorithm converged after  5  iterations.
[1] 8.730307e-18 9.639416e-24
Algorithm converged after  5  iterations.
[1] 3.399377e-20 3.339909e-27
Algorithm converged after  5  iterations.
[1] 2.112754e-23 8.083902e-32
Algorithm converged after  5  iterations.
[1] 6.976980e-28 2.771687e-38
Algorithm converged after  5  iterations.
[1] 1.357052e-34 5.536753e-48
Algorithm converged after  5  iterations.
[1] 9.183507e-46 3.764394e-64
Algorithm converged after  5  iterations.
[1] 4.463952e-68 1.738501e-96
Algorithm converged after  5  iterations.
[1] 5.875918e-135 1.734494e-193
Algorithm converged after  5  iterations.
[1] 0.1633001
Algorithm converged after  2  iterations.
[1] 0.004644092 0.000512221
[1] 0.004994953 0.001099086
[1] 0.004898465 0.001053927
Algorithm converged after  21  iterations.
[1] 0.0039740203 0.0004017667
[1] 0.0045407835 0.0009119348
[1] 0.0041031918 0.0008308516
Algorithm converged after  21  iterations.
[1] 0.0033820658 0.0003121394
[1] 0.0051888775 0.0004257765
[1] 0.0043998232 0.0004664869
Algorithm converged after  21  iterations.
[1] 0.0028613673 0.0002401033
[1] 0.0036516065 0.0003694897
Algorithm converged after  15  iterations.
[1] 0.0024055494 0.0001827962
[1] 0.003029472 0.000292613
Algorithm converged after  13  iterations.
[1] 0.0020086502 0.0001377049
[1] 0.0025049494 0.0002321659
Algorithm converged after  11  iterations.
[1] 0.001665071 0.000102643
Algorithm converged after  10  iterations.
[1] 1.369544e-03 7.573055e-05
Algorithm converged after  10  iterations.
[1] 1.117108e-03 5.537664e-05
Algorithm converged after  9  iterations.
[1] 9.031004e-04 4.027185e-05
Algorithm converged after  9  iterations.
[1] 7.231435e-04 2.941227e-05
Algorithm converged after  10  iterations.
[1] 5.731470e-04 2.203206e-05
Algorithm converged after  9  iterations.
[1] 4.493055e-04 1.704274e-05
Algorithm converged after  9  iterations.
[1] 3.481001e-04 1.342851e-05
Algorithm converged after  8  iterations.
[1] 2.663006e-04 1.064401e-05
Algorithm converged after  7  iterations.
[1] 2.009665e-04 8.404318e-06
Algorithm converged after  8  iterations.
[1] 1.494470e-04 6.555516e-06
Algorithm converged after  8  iterations.
[1] 1.093782e-04 5.015482e-06
Algorithm converged after  8  iterations.
[1] 7.867735e-05 3.740938e-06
Algorithm converged after  8  iterations.
[1] 5.553330e-05 2.706398e-06
Algorithm converged after  8  iterations.
[1] 3.839276e-05 1.890866e-06
Algorithm converged after  8  iterations.
[1] 2.594333e-05 1.270919e-06
Algorithm converged after  8  iterations.
[1] 1.709350e-05 8.187953e-07
Algorithm converged after  8  iterations.
[1] 1.095091e-05 5.037332e-07
Algorithm converged after  8  iterations.
[1] 6.799456e-06 2.947125e-07
Algorithm converged after  8  iterations.
[1] 4.076283e-06 1.631950e-07
Algorithm converged after  8  iterations.
[1] 2.349119e-06 8.505425e-08
Algorithm converged after  8  iterations.
[1] 1.294630e-06 4.144429e-08
Algorithm converged after  8  iterations.
[1] 6.781500e-07 1.872941e-08
Algorithm converged after  8  iterations.
[1] 3.351803e-07 7.774230e-09
Algorithm converged after  8  iterations.
[1] 1.549548e-07 2.929150e-09
Algorithm converged after  8  iterations.
[1] 6.629927e-08 9.874547e-10
Algorithm converged after  8  iterations.
[1] 2.591641e-08 2.926042e-10
Algorithm converged after  8  iterations.
[1] 9.109002e-09 7.455372e-11
Algorithm converged after  8  iterations.
[1] 2.821864e-09 1.588868e-11
Algorithm converged after  7  iterations.
[1] 7.512867e-10 2.734681e-12
Algorithm converged after  7  iterations.
[1] 1.664137e-10 3.633411e-13
Algorithm converged after  7  iterations.
[1] 2.939463e-11 3.512698e-14
Algorithm converged after  7  iterations.
[1] 3.912865e-12 2.283693e-15
Algorithm converged after  7  iterations.
[1] 3.634200e-13 8.965795e-17
Algorithm converged after  7  iterations.
[1] 2.114366e-14 1.828441e-18
Algorithm converged after  7  iterations.
[1] 6.594592e-16 1.558211e-20
Algorithm converged after  7  iterations.
[1] 8.730307e-18 4.004048e-23
Algorithm converged after  6  iterations.
[1] 3.399377e-20 1.857805e-26
Algorithm converged after  6  iterations.
[1] 2.112754e-23 6.622371e-31
Algorithm converged after  6  iterations.
[1] 6.976980e-28 3.895808e-37
Algorithm converged after  6  iterations.
[1] 1.357052e-34 1.745931e-46
Algorithm converged after  6  iterations.
[1] 9.183507e-46 4.559933e-62
Algorithm converged after  6  iterations.
[1] 4.463952e-68 3.113653e-93
Algorithm converged after  5  iterations.
[1] 5.875918e-135 1.018751e-186
Algorithm converged after  5  iterations.
[1] 0.1613724
Algorithm converged after  2  iterations.
[1] 0.0046440920 0.0008454509
Algorithm converged after  2  iterations.
[1] 0.0039740203 0.0006788286
Algorithm converged after  2  iterations.
[1] 0.0033820658 0.0005416993
Algorithm converged after  2  iterations.
[1] 0.0028613673 0.0004301471
Algorithm converged after  2  iterations.
[1] 0.0024055494 0.0003405758
Algorithm converged after  2  iterations.
[1] 0.0020086502 0.0002698973
Algorithm converged after  2  iterations.
[1] 0.0016650712 0.0002159183
Algorithm converged after  2  iterations.
[1] 0.0013695439 0.0001777204
Algorithm converged after  2  iterations.
[1] 0.0011171085 0.0001511776
Algorithm converged after  2  iterations.
[1] 0.0009031004 0.0001306513
Algorithm converged after  2  iterations.
[1] 0.0007231435 0.0001135376
Algorithm converged after  2  iterations.
[1] 5.731470e-04 9.860033e-05
Algorithm converged after  2  iterations.
[1] 4.493055e-04 8.516215e-05
Algorithm converged after  2  iterations.
[1] 3.481001e-04 7.284277e-05
Algorithm converged after  2  iterations.
[1] 2.663006e-04 6.145286e-05
Algorithm converged after  2  iterations.
[1] 2.009665e-04 5.093792e-05
Algorithm converged after  2  iterations.
[1] 1.494470e-04 4.133516e-05
Algorithm converged after  2  iterations.
[1] 1.093782e-04 3.273058e-05
Algorithm converged after  2  iterations.
[1] 7.867735e-05 2.521591e-05
Algorithm converged after  2  iterations.
[1] 5.553330e-05 1.885175e-05
Algorithm converged after  2  iterations.
[1] 3.839276e-05 1.364402e-05
Algorithm converged after  2  iterations.
[1] 2.594333e-05 9.537286e-06
Algorithm converged after  2  iterations.
[1] 1.709350e-05 6.422734e-06
Algorithm converged after  2  iterations.
[1] 1.095091e-05 4.155427e-06
Algorithm converged after  2  iterations.
[1] 6.799456e-06 2.574515e-06
Algorithm converged after  2  iterations.
[1] 4.076283e-06 1.521491e-06
Algorithm converged after  2  iterations.
[1] 2.349119e-06 8.536979e-07
Algorithm converged after  2  iterations.
[1] 1.29463e-06 4.52215e-07
Algorithm converged after  2  iterations.
[1] 6.781500e-07 2.246064e-07
Algorithm converged after  2  iterations.
[1] 3.351803e-07 1.037375e-07
Algorithm converged after  2  iterations.
[1] 1.549548e-07 4.410678e-08
Algorithm converged after  2  iterations.
[1] 6.629927e-08 1.705195e-08
Algorithm converged after  2  iterations.
[1] 2.591641e-08 5.903992e-09
Algorithm converged after  2  iterations.
[1] 9.109002e-09 1.796502e-09
Algorithm converged after  2  iterations.
[1] 2.821864e-09 4.691807e-10
Algorithm converged after  2  iterations.
[1] 7.512867e-10 1.020533e-10
Algorithm converged after  2  iterations.
[1] 1.664137e-10 1.778569e-11
Algorithm converged after  2  iterations.
[1] 2.939463e-11 2.360752e-12
Algorithm converged after  2  iterations.
[1] 3.912865e-12 2.230384e-13
Algorithm converged after  2  iterations.
[1] 3.634200e-13 1.367613e-14
Algorithm converged after  2  iterations.
[1] 2.114366e-14 4.782415e-16
Algorithm converged after  2  iterations.
[1] 6.594592e-16 7.912299e-18
Algorithm converged after  2  iterations.
[1] 8.730307e-18 4.679729e-20
Algorithm converged after  2  iterations.
[1] 3.399377e-20 6.369903e-23
Algorithm converged after  2  iterations.
[1] 2.112754e-23 9.577532e-27
Algorithm converged after  2  iterations.
[1] 6.976980e-28 4.243996e-32
Algorithm converged after  2  iterations.
[1] 1.357052e-34 3.945583e-40
Algorithm converged after  2  iterations.
[1] 9.183507e-46 1.616787e-53
Algorithm converged after  2  iterations.
[1] 4.463952e-68 2.709240e-80
Algorithm converged after  2  iterations.
[1] 5.875918e-135 1.279674e-160
Algorithm converged after  2  iterations.
[1] 0.1484782
Algorithm converged after  2  iterations.
[1] 0.0046440920 0.0004705067 0.0001230074
[1] 0.0042783409 0.0004696446 0.0001353006
Algorithm converged after  12  iterations.
[1] 0.0039740203 0.0003621913 0.0001062193
[1] 0.0037055844 0.0003585998 0.0001115443
Algorithm converged after  12  iterations.
[1] 3.382066e-03 2.778695e-04 9.035615e-05
[1] 3.230530e-03 2.747243e-04 9.157899e-05
Algorithm converged after  12  iterations.
[1] 2.861367e-03 2.123618e-04 7.434416e-05
[1] 2.835197e-03 2.116294e-04 7.388162e-05
Algorithm converged after  11  iterations.
[1] 2.405549e-03 1.614486e-04 5.898212e-05
[1] 2.497009e-03 1.635801e-04 5.776752e-05
Algorithm converged after  12  iterations.
[1] 0.0020086502 0.0001219016 0.0000456504
[1] 0.0022085768 0.0001265543 0.0000436195
Algorithm converged after  12  iterations.
[1] 1.665071e-03 9.131006e-05 3.510852e-05
[1] 1.973341e-03 9.813466e-05 3.196485e-05
Algorithm converged after  13  iterations.
[1] 1.369544e-03 6.783758e-05 2.754433e-05
[1] 1.782950e-03 7.668033e-05 2.315578e-05
Algorithm converged after  14  iterations.
[1] 1.117108e-03 5.004131e-05 2.268901e-05
[1] 1.615872e-03 6.148743e-05 2.482015e-05
Algorithm converged after  11  iterations.
[1] 9.031004e-04 3.675029e-05 1.899816e-05
Algorithm converged after  10  iterations.
[1] 7.231435e-04 2.695809e-05 1.516138e-05
Algorithm converged after  9  iterations.
[1] 5.731470e-04 1.976477e-05 1.129218e-05
Algorithm converged after  9  iterations.
[1] 4.493055e-04 1.444305e-05 7.960039e-06
Algorithm converged after  9  iterations.
[1] 3.481001e-04 1.047626e-05 5.386287e-06
Algorithm converged after  9  iterations.
[1] 2.663006e-04 7.510655e-06 3.523345e-06
Algorithm converged after  9  iterations.
[1] 2.009665e-04 5.299527e-06 2.234188e-06
Algorithm converged after  9  iterations.
[1] 1.494470e-04 3.665061e-06 1.374193e-06
Algorithm converged after  9  iterations.
[1] 1.093782e-04 2.474313e-06 8.193589e-07
Algorithm converged after  9  iterations.
[1] 7.867735e-05 1.624283e-06 4.729052e-07
Algorithm converged after  9  iterations.
[1] 5.553330e-05 1.032902e-06 2.636516e-07
Algorithm converged after  9  iterations.
[1] 3.839276e-05 6.339079e-07 1.415959e-07
Algorithm converged after  9  iterations.
[1] 2.594333e-05 3.740319e-07 7.300637e-08
Algorithm converged after  9  iterations.
[1] 1.709350e-05 2.113259e-07 3.599021e-08
Algorithm converged after  9  iterations.
[1] 1.095091e-05 1.138231e-07 1.688153e-08
Algorithm converged after  9  iterations.
[1] 6.799456e-06 5.815205e-08 7.491277e-09
Algorithm converged after  8  iterations.
[1] 4.076283e-06 2.801883e-08 3.123871e-09
Algorithm converged after  8  iterations.
[1] 2.349119e-06 1.264631e-08 1.214472e-09
Algorithm converged after  8  iterations.
[1] 1.294630e-06 5.304818e-09 4.361047e-10
Algorithm converged after  8  iterations.
[1] 6.781500e-07 2.048795e-09 1.430577e-10
Algorithm converged after  8  iterations.
[1] 3.351803e-07 7.204265e-10 4.231021e-11
Algorithm converged after  8  iterations.
[1] 1.549548e-07 2.275641e-10 9.840197e-19
Algorithm converged after  8  iterations.
[1] 6.629927e-08 6.352755e-11 2.538509e-12
[1] 9.221830e-08 7.162438e-11 1.327080e-22
Algorithm converged after  19  iterations.
[1] 2.591641e-08 1.536410e-11 4.936611e-13
[1] 3.106374e-08 1.623826e-11 5.036716e-13
[1] 3.551886e-08 1.705060e-11 5.128008e-13
[1] 2.687501e-08 1.552845e-11 4.971389e-13
[1] 3.623235e-08 1.726007e-11 1.341736e-19
Algorithm converged after  48  iterations.
[1] 9.109002e-09 3.140793e-12 7.937215e-14
Algorithm converged after  8  iterations.
[1] 2.821864e-09 5.262360e-13 1.018055e-14
Algorithm converged after  6  iterations.
[1] 7.512867e-10 6.949991e-14 9.956268e-16
Algorithm converged after  10  iterations.
[1] 1.664137e-10 6.881161e-15 7.005138e-17
Algorithm converged after  6  iterations.
[1] 2.939463e-11 4.783246e-16 3.286750e-18
Algorithm converged after  6  iterations.
[1] 3.912865e-12 2.138877e-17 9.294352e-20
Algorithm converged after  6  iterations.
[1] 3.634200e-13 5.460971e-19 2.105851e-43
[1] 4.139299e-13 5.543350e-19 7.777140e-33
[1] 4.308792e-13 5.566670e-19 1.379547e-21
[1] 4.195659e-13 5.553722e-19 7.502902e-35
[1] 4.125250e-13 5.539154e-19 7.004969e-32
[1] 4.172772e-13 5.549857e-19 1.318391e-35
[1] 4.390490e-13 5.577752e-19 5.046150e-32
[1] 3.701727e-13 5.475724e-19 1.374209e-21
[1] 3.886401e-13 5.505048e-19 4.480242e-32
[1] 4.053170e-13 5.531623e-19 1.374614e-21
[1] 4.182648e-13 5.553752e-19 1.378234e-21
[1] 4.152722e-13 5.545905e-19 2.310381e-42
[1] 4.183827e-13 5.553636e-19 1.380128e-21
Algorithm converged after  121  iterations.
[1] 2.114366e-14 6.737545e-21 8.871610e-24
Algorithm converged after  8  iterations.
[1] 6.594592e-16 3.156709e-23 1.124119e-28
[1] 8.111847e-16 3.201139e-23 1.158516e-28
Algorithm converged after  13  iterations.
[1] 8.730307e-18 3.913481e-26 2.744109e-32
Algorithm converged after  7  iterations.
[1] 3.399377e-20 7.278373e-30 6.577925e-37
[1] 3.757561e-20 7.296072e-30 9.619480e-73
[1] 3.765217e-20 7.296468e-30 4.248714e-34
[1] 3.449816e-20 7.282291e-30 6.613788e-37
[1] 3.512357e-20 7.284435e-30 6.635264e-37
[1] 3.535348e-20 7.284204e-30 1.182030e-35
[1] 3.535232e-20 7.285158e-30 6.639316e-37
[1] 3.758955e-20 7.296150e-30 6.594107e-51
[1] 3.558518e-20 7.286285e-30 6.649492e-37
[1] 3.459297e-20 7.282927e-30 6.627234e-37
[1] 3.229354e-20 7.271690e-30 6.528947e-37
[1] 4.015867e-20 7.305906e-30 4.257484e-34
[1] 3.340993e-20 7.278049e-30 5.019414e-37
[1] 3.479394e-20 7.283491e-30 6.629923e-37
[1] 3.759760e-20 7.296224e-30 9.266622e-42
[1] 3.510989e-20 7.284419e-30 6.634716e-37
[1] 3.756962e-20 7.296098e-30 4.341669e-54
[1] 3.759723e-20 7.296235e-30 1.066347e-50
[1] 3.329946e-20 7.276342e-30 4.792499e-39
[1] 3.765187e-20 7.296528e-30 5.231780e-38
Algorithm did not converge after  200  iterations.
[1] 2.112754e-23 7.890325e-35 8.218568e-40
[1] 2.253892e-23 7.892944e-35 4.935810e-43
Algorithm converged after  12  iterations.
[1] 6.976980e-28 9.101718e-42 4.527058e-52
[1] 6.202429e-28 9.117697e-42 1.352867e-51
[1] 6.202392e-28 9.117789e-42 1.352873e-51
[1] 6.202359e-28 9.117881e-42 1.352879e-51
[1] 6.202326e-28 9.117973e-42 1.352884e-51
[1] 6.202294e-28 9.118065e-42 1.352890e-51
[1] 6.202261e-28 9.118157e-42 1.352895e-51
[1] 6.202228e-28 9.118249e-42 1.352901e-51
[1] 6.202195e-28 9.118341e-42 1.352907e-51
[1] 6.202162e-28 9.118433e-42 1.352912e-51
[1] 6.202129e-28 9.118525e-42 1.352918e-51
[1] 6.202096e-28 9.118616e-42 1.352923e-51
[1] 6.202063e-28 9.118708e-42 1.352929e-51
[1] 6.202030e-28 9.118800e-42 1.352935e-51
[1] 6.201997e-28 9.118893e-42 1.352940e-51
[1] 6.201964e-28 9.118985e-42 1.352946e-51
[1] 6.201931e-28 9.119077e-42 1.352952e-51
[1] 6.201898e-28 9.119169e-42 1.352957e-51
[1] 6.201865e-28 9.119261e-42 1.352963e-51
[1] 6.201832e-28 9.119353e-42 1.352968e-51
Algorithm did not converge after  200  iterations.
[1] 1.357052e-34 3.729200e-52 8.289267e-60
Algorithm converged after  5  iterations.
[1] 9.183507e-46 1.954369e-69 8.742668e-80
Algorithm converged after  5  iterations.
[1]  4.463952e-68 6.177503e-104 1.672019e-137
[1]  3.738804e-68 6.235647e-104 1.294157e-160
[1]  4.341408e-68 6.187147e-104 1.007866e-146
[1]  3.973912e-68 6.216442e-104 1.012925e-146
[1]  4.356651e-68 6.186429e-104 1.746112e-137
[1]  3.588752e-68 6.249113e-104 1.017397e-146
[1]  3.850761e-68 6.227177e-104 2.448584e-153
[1]  3.874229e-68 6.225320e-104 3.585549e-159
[1]  3.734215e-68 6.237186e-104 9.053963e-215
[1]  3.859015e-68 6.227131e-104 7.884550e-174
[1]  3.536932e-68 6.254676e-104 7.800480e-139
[1]  4.070439e-68 6.210438e-104 1.231727e-139
[1]  4.350110e-68 6.188450e-104 8.219437e-138
[1]  3.603760e-68 6.249615e-104 3.408876e-159
[1]  3.876730e-68 6.226778e-104 4.254513e-250
[1]  3.245381e-68 6.281452e-104 6.129242e-131
[1]  3.872233e-68 6.227558e-104 5.200080e-154
[1]  3.898765e-68 6.225485e-104 7.915857e-148
[1]  3.799325e-68 6.234057e-104 7.854331e-178
[1]  3.930910e-68 6.223505e-104 4.842043e-174
Algorithm did not converge after  200  iterations.
[1] 5.875918e-135 2.848021e-207 3.573262e-254
[1] 4.623679e-135 2.890360e-207 2.993478e-254
[1] 4.622644e-135 2.890494e-207 1.835944e-239
[1] 4.622631e-135 2.890657e-207 2.992081e-254
[1] 4.643306e-135 2.890023e-207 3.005460e-254
Algorithm converged after  49  iterations.
[1] 0.1638504
Algorithm converged after  2  iterations.
[1] 0.0046440920 0.0004363266 0.0001140224
[1] 0.0051998087 0.0004624245 0.0001429935
Algorithm converged after  12  iterations.
[1] 3.974020e-03 3.317999e-04 9.812428e-05
[1] 0.0045849578 0.0003530848 0.0001243830
Algorithm converged after  13  iterations.
[1] 3.382066e-03 2.517529e-04 8.721315e-05
[1] 0.0040578111 0.0002699279 0.0001127699
Algorithm converged after  13  iterations.
[1] 0.0028613673 0.0001916211 0.0000834567
[1] 0.0036345264 0.0002071637 0.0001037119
Algorithm converged after  12  iterations.
[1] 2.405549e-03 1.504599e-04 9.362199e-05
[1] 3.271236e-03 1.607574e-04 8.924982e-05
Algorithm converged after  15  iterations.
[1] 2.008650e-03 1.232145e-04 7.237126e-05
[1] 2.858738e-03 1.275336e-04 7.311606e-05
Algorithm converged after  17  iterations.
[1] 1.665071e-03 1.017788e-04 5.275833e-05
[1] 2.368125e-03 1.025751e-04 5.603497e-05
Algorithm converged after  16  iterations.
[1] 1.369544e-03 8.420037e-05 3.758590e-05
[1] 1.905500e-03 8.391413e-05 4.088835e-05
Algorithm converged after  15  iterations.
[1] 1.117108e-03 6.953976e-05 2.632151e-05
[1] 1.504728e-03 6.924052e-05 2.894216e-05
Algorithm converged after  13  iterations.
[1] 9.031004e-04 5.720639e-05 1.815031e-05
[1] 1.166807e-03 5.718249e-05 2.006146e-05
Algorithm converged after  15  iterations.
[1] 7.231435e-04 4.678437e-05 1.233108e-05
[1] 8.895095e-04 4.711371e-05 1.368657e-05
Algorithm converged after  15  iterations.
[1] 5.731470e-04 3.796202e-05 8.257451e-06
[1] 6.742762e-04 3.867204e-05 9.215344e-06
Algorithm converged after  13  iterations.
[1] 4.493055e-04 3.049740e-05 5.453733e-06
[1] 5.139080e-04 3.146790e-05 6.122401e-06
Algorithm converged after  11  iterations.
[1] 3.481001e-04 2.419914e-05 3.554377e-06
Algorithm converged after  10  iterations.
[1] 2.663006e-04 1.891429e-05 2.284506e-06
Algorithm converged after  9  iterations.
[1] 2.009665e-04 1.451922e-05 1.445143e-06
Algorithm converged after  8  iterations.
[1] 1.494470e-04 1.091137e-05 8.972358e-07
Algorithm converged after  7  iterations.
[1] 1.093782e-04 8.001479e-06 5.450539e-07
Algorithm converged after  7  iterations.
[1] 7.867735e-05 5.706565e-06 6.752710e-11
Algorithm converged after  7  iterations.
[1] 5.553330e-05 3.945088e-06 1.859799e-07
Algorithm converged after  6  iterations.
[1] 3.839276e-05 2.634967e-06 1.037414e-07
Algorithm converged after  9  iterations.
[1] 2.594333e-05 1.694537e-06 5.583343e-08
[1] 3.003673e-05 1.768313e-06 1.202055e-11
[1] 3.055565e-05 1.789021e-06 1.237172e-12
[1] 3.199376e-05 1.780080e-06 5.563540e-08
Algorithm converged after  40  iterations.
[1] 1.709350e-05 1.045475e-06 4.456997e-12
Algorithm converged after  7  iterations.
[1] 1.095091e-05 6.163636e-07 6.309940e-09
Algorithm converged after  9  iterations.
[1] 6.799456e-06 3.456772e-07 2.695717e-09
Algorithm converged after  8  iterations.
[1] 4.076283e-06 1.834692e-07 1.075976e-09
Algorithm converged after  8  iterations.
[1] 2.349119e-06 9.159648e-08 3.984800e-10
Algorithm converged after  8  iterations.
[1] 1.294630e-06 4.270722e-08 1.356749e-10
Algorithm converged after  8  iterations.
[1] 6.781500e-07 1.843821e-08 4.199710e-11
Algorithm converged after  7  iterations.
[1] 3.351803e-07 7.295909e-09 1.166026e-11
Algorithm converged after  7  iterations.
[1] 1.549548e-07 2.613406e-09 2.856921e-12
Algorithm converged after  7  iterations.
[1] 6.629927e-08 8.347569e-10 6.056342e-13
Algorithm converged after  7  iterations.
[1] 2.591641e-08 2.334062e-10 1.084337e-13
Algorithm converged after  7  iterations.
[1] 9.109002e-09 5.583671e-11 1.591177e-14
Algorithm converged after  7  iterations.
[1] 2.821864e-09 1.110514e-11 1.843803e-15
Algorithm converged after  7  iterations.
[1] 7.512867e-10 1.770598e-12 1.609049e-16
Algorithm converged after  7  iterations.
[1] 1.664137e-10 2.159554e-13 9.950685e-18
Algorithm converged after  7  iterations.
[1] 2.939463e-11 1.895100e-14 4.027216e-19
Algorithm converged after  7  iterations.
[1] 3.912865e-12 1.102573e-15 9.592866e-21
Algorithm converged after  7  iterations.
[1] 3.634200e-13 3.804014e-17 1.163744e-22
Algorithm converged after  7  iterations.
[1] 2.114366e-14 6.657264e-19 5.872001e-25
Algorithm converged after  6  iterations.
[1] 6.594592e-16 4.715930e-21 9.198415e-28
Algorithm converged after  6  iterations.
[1] 8.730307e-18 9.639416e-24 2.884863e-31
Algorithm converged after  6  iterations.
[1] 3.399377e-20 3.339909e-27 9.092255e-36
Algorithm converged after  6  iterations.
[1] 2.112754e-23 8.083902e-32 9.130039e-42
Algorithm converged after  6  iterations.
[1] 6.976980e-28 2.771687e-38 3.694926e-50
Algorithm converged after  6  iterations.
[1] 1.357052e-34 5.536753e-48 4.851460e-67
Algorithm converged after  5  iterations.
[1] 9.183507e-46 3.764394e-64 2.983528e-86
Algorithm converged after  5  iterations.
[1]  4.463952e-68  1.738501e-96 1.042393e-129
Algorithm converged after  5  iterations.
[1] 5.875918e-135 1.734494e-193  0.000000e+00
[1] 6.768488e-135 1.740405e-193 1.326515e-268
Algorithm converged after  16  iterations.
[1] 0.1588908
Algorithm converged after  2  iterations.
[1] 0.0046440920 0.0005122210 0.0001029989
[1] 0.0059777844 0.0005745227 0.0001112397
Algorithm converged after  14  iterations.
[1] 3.974020e-03 4.017667e-04 8.218568e-05
[1] 5.175484e-03 4.499530e-04 8.862099e-05
Algorithm converged after  13  iterations.
[1] 3.382066e-03 3.121394e-04 6.505772e-05
[1] 4.438853e-03 3.488900e-04 7.038501e-05
Algorithm converged after  13  iterations.
[1] 2.861367e-03 2.401033e-04 5.110179e-05
[1] 3.764642e-03 2.675493e-04 5.558253e-05
Algorithm converged after  12  iterations.
[1] 2.405549e-03 1.827962e-04 3.985705e-05
[1] 3.154515e-03 2.027886e-04 4.350849e-05
Algorithm converged after  11  iterations.
[1] 0.0020086502 0.0001377049 0.0000309421
[1] 2.613470e-03 1.519288e-04 3.367912e-05
[1] 2.612604e-03 1.519442e-04 3.365525e-05
[1] 2.612488e-03 1.519463e-04 3.365225e-05
[1] 2.612473e-03 1.519465e-04 3.365186e-05
Algorithm converged after  48  iterations.
[1] 1.665071e-03 1.026430e-04 2.408662e-05
[1] 2.318651e-03 1.203946e-04 2.844447e-05
[1] 2.375252e-03 1.240921e-04 2.592876e-05
[1] 2.390695e-03 1.257693e-04 2.461819e-05
[1] 2.393423e-03 1.265654e-04 2.389854e-05
[1] 2.392169e-03 1.269481e-04 2.349264e-05
[1] 2.389946e-03 1.271328e-04 2.325673e-05
[1] 0.0023877910 0.0001272219 0.0000231152
[1] 2.386012e-03 1.272649e-04 2.302768e-05
[1] 2.384639e-03 1.272856e-04 2.297196e-05
[1] 2.383615e-03 1.272955e-04 2.293562e-05
[1] 2.382873e-03 1.273003e-04 2.291159e-05
[1] 2.382343e-03 1.273025e-04 2.289548e-05
[1] 2.381967e-03 1.273035e-04 2.288458e-05
[1] 2.381702e-03 1.273040e-04 2.287713e-05
[1] 2.381516e-03 1.273042e-04 2.287202e-05
[1] 0.0023813865 0.0001273043 0.0000228685
[1] 2.381296e-03 1.273043e-04 2.286607e-05
[1] 2.381233e-03 1.273043e-04 2.286439e-05
[1] 2.381189e-03 1.273043e-04 2.286322e-05
Algorithm did not converge after  200  iterations.
[1] 1.369544e-03 7.573055e-05 1.924096e-05
[1] 1.863081e-03 9.187161e-05 1.741533e-05
[1] 1.954557e-03 9.386985e-05 1.877117e-05
[1] 1.961371e-03 9.458718e-05 1.908096e-05
[1] 1.964419e-03 9.519982e-05 1.892212e-05
[1] 1.962087e-03 9.558158e-05 1.847600e-05
[1] 1.960536e-03 9.588239e-05 1.821117e-05
[1] 1.958705e-03 9.610737e-05 1.799517e-05
[1] 1.956820e-03 9.627794e-05 1.781854e-05
[1] 1.954972e-03 9.640809e-05 1.767238e-05
[1] 1.953210e-03 9.650778e-05 1.755029e-05
[1] 1.951557e-03 9.658427e-05 1.744752e-05
[1] 1.950025e-03 9.664295e-05 1.736045e-05
[1] 1.948618e-03 9.668792e-05 1.728645e-05
[1] 1.947327e-03 9.672226e-05 1.722288e-05
[1] 1.946150e-03 9.674834e-05 1.716818e-05
[1] 1.945083e-03 9.676805e-05 1.712106e-05
[1] 1.944118e-03 9.678282e-05 1.708037e-05
[1] 1.943246e-03 9.679379e-05 1.704507e-05
[1] 1.942453e-03 9.680175e-05 1.701402e-05
Algorithm did not converge after  200  iterations.
[1] 1.117108e-03 5.537664e-05 1.728837e-05
[1] 1.488371e-03 6.632194e-05 1.320101e-05
[1] 1.497683e-03 6.674041e-05 2.636720e-05
[1] 1.497690e-03 6.673887e-05 2.635447e-05
Algorithm converged after  33  iterations.
[1] 9.031004e-04 4.027185e-05 1.765712e-05
[1] 1.256804e-03 5.116917e-05 2.875545e-05
[1] 1.211882e-03 4.947372e-05 2.724020e-05
Algorithm converged after  22  iterations.
[1] 7.231435e-04 2.941227e-05 1.751750e-05
[1] 9.554668e-04 3.275490e-05 1.723581e-05
Algorithm converged after  14  iterations.
[1] 5.731470e-04 2.203206e-05 1.480150e-05
[1] 7.629372e-04 2.552984e-05 1.674741e-05
Algorithm converged after  13  iterations.
[1] 4.493055e-04 1.704274e-05 1.073646e-05
[1] 5.986486e-04 2.068455e-05 1.205826e-05
Algorithm converged after  13  iterations.
[1] 3.481001e-04 1.342851e-05 7.327474e-06
[1] 4.639700e-04 1.684096e-05 8.143331e-06
Algorithm converged after  13  iterations.
[1] 2.663006e-04 1.064401e-05 4.831627e-06
[1] 3.556278e-04 1.364082e-05 5.330598e-06
Algorithm converged after  13  iterations.
[1] 2.009665e-04 8.404318e-06 3.097078e-06
[1] 2.695068e-04 1.092364e-05 3.400449e-06
Algorithm converged after  13  iterations.
[1] 1.494470e-04 6.555516e-06 1.931851e-06
[1] 2.017575e-04 8.600910e-06 2.115039e-06
Algorithm converged after  12  iterations.
[1] 1.093782e-04 5.015482e-06 1.171643e-06
[1] 1.490032e-04 6.623601e-06 1.281430e-06
Algorithm converged after  12  iterations.
[1] 7.867735e-05 3.740938e-06 6.896812e-07
[1] 1.083671e-04 4.964347e-06 7.549305e-07
Algorithm converged after  12  iterations.
[1] 5.553330e-05 2.706398e-06 3.930916e-07
[1] 7.744490e-05 3.604415e-06 4.314801e-07
Algorithm converged after  11  iterations.
[1] 3.839276e-05 1.890866e-06 2.163220e-07
Algorithm converged after  10  iterations.
[1] 2.594333e-05 1.270919e-06 1.145947e-07
[1] 3.582906e-05 1.629182e-06 1.268152e-07
[1] 3.729176e-05 1.712141e-06 1.270765e-07
Algorithm converged after  26  iterations.
[1] 1.709350e-05 8.187953e-07 5.826857e-08
Algorithm converged after  9  iterations.
[1] 1.095091e-05 5.037332e-07 2.784129e-08
[1] 1.631239e-05 6.856095e-07 3.186448e-08
Algorithm converged after  16  iterations.
[1] 6.799456e-06 2.947125e-07 1.274943e-08
Algorithm converged after  10  iterations.
[1] 4.076283e-06 1.631950e-07 5.493180e-09
[1] 5.057032e-06 1.912486e-07 5.662314e-09
[1] 5.215764e-06 1.952547e-07 5.645586e-09
[1] 5.226477e-06 1.954361e-07 5.644553e-09
[1] 5.227895e-06 1.954588e-07 5.644453e-09
[1] 5.228090e-06 1.954619e-07 5.644440e-09
[1] 5.228117e-06 1.954624e-07 5.644438e-09
Algorithm converged after  65  iterations.
[1] 2.349119e-06 8.505425e-08 2.210956e-09
[1] 3.092067e-06 1.031414e-07 2.238120e-09
Algorithm converged after  19  iterations.
[1] 1.294630e-06 4.144429e-08 8.239874e-10
[1] 1.726624e-06 5.013778e-08 8.336111e-10
Algorithm converged after  13  iterations.
[1] 6.781500e-07 1.872941e-08 2.813706e-10
Algorithm converged after  10  iterations.
[1] 3.351803e-07 7.774230e-09 8.693875e-11
[1] 3.923330e-07 8.497824e-09 8.617528e-11
[1] 5.238188e-07 1.019092e-08 1.210071e-10
[1] 4.872047e-07 9.710822e-09 8.457309e-11
[1] 5.362127e-07 1.039287e-08 1.217866e-10
[1] 4.687244e-07 9.592618e-09 1.141180e-10
[1] 4.280869e-07 8.918751e-09 9.419571e-11
Algorithm converged after  66  iterations.
[1] 1.549548e-07 2.929150e-09 2.394407e-11
Algorithm converged after  9  iterations.
[1] 6.629927e-08 9.874547e-10 5.772148e-12
Algorithm converged after  8  iterations.
[1] 2.591641e-08 2.926042e-10 1.191212e-12
Algorithm converged after  8  iterations.
[1] 9.109002e-09 7.455372e-11 2.047622e-13
Algorithm converged after  8  iterations.
[1] 2.821864e-09 1.588868e-11 2.833013e-14
[1] 4.183591e-09 1.906888e-11 3.360451e-14
Algorithm converged after  17  iterations.
[1] 7.512867e-10 2.734681e-12 1.421122e-23
[1] 1.105323e-09 3.229858e-12 7.204348e-15
[1] 1.208135e-09 3.360663e-12 3.845487e-15
[1] 1.023890e-09 3.125839e-12 2.886511e-15
[1] 1.105319e-09 3.229955e-12 7.204337e-15
[1] 1.208130e-09 3.360766e-12 3.845488e-15
[1] 1.023889e-09 3.125933e-12 2.886510e-15
[1] 1.105318e-09 3.230054e-12 7.204328e-15
[1] 1.208126e-09 3.360870e-12 3.845488e-15
[1] 1.023888e-09 3.126028e-12 2.886510e-15
[1] 1.105316e-09 3.230153e-12 7.204319e-15
[1] 1.208121e-09 3.360973e-12 3.845489e-15
[1] 1.023887e-09 3.126122e-12 2.886510e-15
[1] 1.105314e-09 3.230253e-12 7.204310e-15
[1] 1.208117e-09 3.361077e-12 3.845489e-15
[1] 1.023886e-09 3.126216e-12 2.886509e-15
[1] 1.105312e-09 3.230352e-12 7.204302e-15
[1] 1.208112e-09 3.361180e-12 3.845490e-15
[1] 1.023885e-09 3.126311e-12 2.886509e-15
[1] 1.105310e-09 3.230451e-12 7.204293e-15
Algorithm did not converge after  200  iterations.
[1] 1.664137e-10 3.633411e-13 5.851133e-16
[1] 2.263910e-10 4.108454e-13 6.463263e-34
[1] 2.669004e-10 4.397559e-13 2.271989e-16
[1] 2.547702e-10 4.296582e-13 2.313388e-16
[1] 2.388519e-10 4.194524e-13 2.321775e-16
[1] 2.376503e-10 4.187079e-13 2.368321e-34
[1] 2.464472e-10 4.249765e-13 2.308265e-16
Algorithm converged after  65  iterations.
[1] 2.939463e-11 3.512698e-14 1.237438e-17
