myseed=7583 

Attaching package: ‘pls’

The following object is masked from ‘package:stats’:

    loadings

Loading required package: lattice
Loading required package: ggplot2
Registered S3 methods overwritten by 'ggplot2':
  method         from 
  [.quosures     rlang
  c.quosures     rlang
  print.quosures rlang

Attaching package: ‘caret’

The following object is masked from ‘package:pls’:

    R2

Loading required package: Matrix
Loading required package: foreach
Loaded glmnet 2.0-18

Parsed with column specification:
cols(
  .default = col_double()
)
See spec(...) for full column specifications.
Parsed with column specification:
cols(
  X1 = col_double()
)
Parsed with column specification:
cols(
  X1 = col_double()
)
[1] "Best 2step parameter is:"
   gam  rankJ rankA1 rankA2 rankA3 
    74      3      0      0      0 
[1] 0.004185254
Algorithm converged after  2  iterations.
[1] 0.003583295
Algorithm converged after  2  iterations.
[1] 0.003052011
Algorithm converged after  2  iterations.
[1] 0.002584932
Algorithm converged after  2  iterations.
[1] 0.002176126
Algorithm converged after  2  iterations.
[1] 0.001820105
Algorithm converged after  2  iterations.
[1] 0.001511761
Algorithm converged after  2  iterations.
[1] 0.00124632
Algorithm converged after  2  iterations.
[1] 0.001019314
Algorithm converged after  2  iterations.
[1] 0.0008265611
Algorithm converged after  2  iterations.
[1] 0.0006641524
Algorithm converged after  2  iterations.
[1] 0.0005284467
Algorithm converged after  2  iterations.
[1] 0.0004160672
Algorithm converged after  2  iterations.
[1] 0.0003238994
Algorithm converged after  2  iterations.
[1] 0.0002490911
Algorithm converged after  2  iterations.
[1] 0.0001890508
Algorithm converged after  2  iterations.
[1] 0.000141445
Algorithm converged after  2  iterations.
[1] 0.0001041931
Algorithm converged after  2  iterations.
[1] 7.545891e-05
Algorithm converged after  2  iterations.
[1] 5.364083e-05
Algorithm converged after  2  iterations.
[1] 3.735826e-05
Algorithm converged after  2  iterations.
[1] 2.543667e-05
Algorithm converged after  2  iterations.
[1] 1.689108e-05
Algorithm converged after  2  iterations.
[1] 1.090833e-05
Algorithm converged after  2  iterations.
[1] 6.828945e-06
Algorithm converged after  2  iterations.
[1] 4.128645e-06
Algorithm converged after  2  iterations.
[1] 2.399997e-06
Algorithm converged after  2  iterations.
[1] 1.33451e-06
Algorithm converged after  2  iterations.
[1] 7.054934e-07
Algorithm converged after  2  iterations.
[1] 3.520246e-07
Algorithm converged after  2  iterations.
[1] 1.643548e-07
Algorithm converged after  2  iterations.
[1] 7.104735e-08
Algorithm converged after  2  iterations.
[1] 2.807261e-08
Algorithm converged after  2  iterations.
[1] 9.979044e-09
Algorithm converged after  2  iterations.
[1] 3.128579e-09
Algorithm converged after  2  iterations.
[1] 8.436138e-10
Algorithm converged after  2  iterations.
[1] 1.894314e-10
Algorithm converged after  2  iterations.
[1] 3.395747e-11
Algorithm converged after  2  iterations.
[1] 4.593578e-12
Algorithm converged after  2  iterations.
[1] 4.342876e-13
Algorithm converged after  2  iterations.
[1] 2.577354e-14
Algorithm converged after  2  iterations.
[1] 8.222141e-16
Algorithm converged after  2  iterations.
[1] 1.117363e-17
Algorithm converged after  2  iterations.
[1] 4.488351e-20
Algorithm converged after  2  iterations.
[1] 2.898491e-23
Algorithm converged after  2  iterations.
[1] 1.005585e-27
Algorithm converged after  2  iterations.
[1] 2.093385e-34
Algorithm converged after  2  iterations.
[1] 1.571555e-45
Algorithm converged after  2  iterations.
[1] 9.242058e-68
Algorithm converged after  2  iterations.
[1] 2.06352e-134
Algorithm converged after  2  iterations.
[1] 0.1700796
Algorithm converged after  2  iterations.
[1] 0.0041852537 0.0006384773
[1] 0.0074658765 0.0009157671
Algorithm converged after  12  iterations.
[1] 0.0035832954 0.0005078147
[1] 0.0063527802 0.0007264569
Algorithm converged after  12  iterations.
[1] 0.0030520112 0.0004004489
[1] 0.0053615850 0.0005717778
Algorithm converged after  12  iterations.
[1] 0.0025849319 0.0003128089
[1] 0.0044898934 0.0004461851
Algorithm converged after  11  iterations.
[1] 0.0021761257 0.0002418852
Algorithm converged after  10  iterations.
[1] 0.001820105 0.000185076
Algorithm converged after  10  iterations.
[1] 0.0015117607 0.0001400978
Algorithm converged after  9  iterations.
[1] 0.0012463199 0.0001049357
Algorithm converged after  9  iterations.
[1] 1.019314e-03 7.780997e-05
Algorithm converged after  8  iterations.
[1] 0.0008265611 0.0000571501
Algorithm converged after  8  iterations.
[1] 6.641524e-04 4.158121e-05
Algorithm converged after  7  iterations.
[1] 5.284467e-04 2.993924e-05
Algorithm converged after  7  iterations.
[1] 4.160672e-04 2.129021e-05
Algorithm converged after  8  iterations.
[1] 3.238994e-04 1.491461e-05
Algorithm converged after  8  iterations.
[1] 2.490911e-04 1.026478e-05
Algorithm converged after  8  iterations.
[1] 1.890508e-04 6.921347e-06
Algorithm converged after  8  iterations.
[1] 1.414450e-04 4.559658e-06
Algorithm converged after  8  iterations.
[1] 1.041931e-04 2.926623e-06
Algorithm converged after  8  iterations.
[1] 7.545891e-05 1.824989e-06
Algorithm converged after  8  iterations.
[1] 5.364083e-05 1.102355e-06
Algorithm converged after  8  iterations.
[1] 3.735826e-05 6.429354e-07
Algorithm converged after  8  iterations.
[1] 2.543667e-05 3.608124e-07
Algorithm converged after  8  iterations.
[1] 1.689108e-05 1.940758e-07
Algorithm converged after  8  iterations.
[1] 1.090833e-05 9.961431e-08
Algorithm converged after  8  iterations.
[1] 6.828945e-06 4.854441e-08
Algorithm converged after  7  iterations.
[1] 4.128645e-06 2.233015e-08
Algorithm converged after  7  iterations.
[1] 2.399997e-06 9.630108e-09
Algorithm converged after  7  iterations.
[1] 1.334510e-06 3.862798e-09
Algorithm converged after  7  iterations.
[1] 7.054934e-07 1.427652e-09
Algorithm converged after  7  iterations.
[1] 3.520246e-07 4.807653e-10
Algorithm converged after  6  iterations.
[1] 1.643548e-07 1.455471e-10
Algorithm converged after  6  iterations.
[1] 7.104735e-08 3.897380e-11
Algorithm converged after  6  iterations.
[1] 2.807261e-08 9.049148e-12
Algorithm converged after  6  iterations.
[1] 9.979044e-09 1.777623e-12
Algorithm converged after  6  iterations.
[1] 3.128579e-09 2.865013e-13
Algorithm converged after  5  iterations.
[1] 8.436138e-10 3.643867e-14
Algorithm converged after  5  iterations.
[1] 1.894314e-10 3.478601e-15
Algorithm converged after  5  iterations.
[1] 3.395747e-11 2.334607e-16
Algorithm converged after  5  iterations.
[1] 4.593578e-12 1.009409e-17
Algorithm converged after  4  iterations.
[1] 4.342876e-13 2.496045e-19
Algorithm converged after  4  iterations.
[1] 2.577354e-14 2.987980e-21
Algorithm converged after  4  iterations.
[1] 8.222141e-16 1.361117e-23
Algorithm converged after  4  iterations.
[1] 1.117363e-17 1.644455e-26
Algorithm converged after  4  iterations.
[1] 4.488351e-20 2.988481e-30
Algorithm converged after  4  iterations.
[1] 2.898491e-23 3.175378e-35
Algorithm converged after  5  iterations.
[1] 1.005585e-27 3.602369e-42
Algorithm converged after  5  iterations.
[1] 2.093385e-34 1.456534e-52
Algorithm converged after  5  iterations.
[1] 1.571555e-45 7.545528e-70
Algorithm converged after  5  iterations.
[1]  9.242058e-68 2.338252e-104
Algorithm converged after  6  iterations.
[1] 2.063520e-134 9.771361e-208
Algorithm converged after  6  iterations.
[1] 0.1648225
Algorithm converged after  2  iterations.
[1] 0.0041852537 0.0004041491
Algorithm converged after  10  iterations.
[1] 0.0035832954 0.0003076354
Algorithm converged after  8  iterations.
[1] 0.0030520112 0.0002327574
Algorithm converged after  8  iterations.
[1] 0.0025849319 0.0001753595
Algorithm converged after  8  iterations.
[1] 0.0021761257 0.0001321749
Algorithm converged after  8  iterations.
[1] 0.0018201048 0.0001028741
Algorithm converged after  7  iterations.
[1] 1.511761e-03 8.532814e-05
Algorithm converged after  8  iterations.
[1] 1.24632e-03 7.14823e-05
Algorithm converged after  8  iterations.
[1] 1.019314e-03 5.992159e-05
Algorithm converged after  8  iterations.
[1] 8.265611e-04 5.003483e-05
Algorithm converged after  8  iterations.
[1] 6.641524e-04 4.147455e-05
Algorithm converged after  8  iterations.
[1] 5.284467e-04 3.402401e-05
Algorithm converged after  7  iterations.
[1] 4.160672e-04 2.754291e-05
Algorithm converged after  7  iterations.
[1] 3.238994e-04 2.193802e-05
Algorithm converged after  7  iterations.
[1] 2.490911e-04 1.714381e-05
Algorithm converged after  7  iterations.
[1] 1.890508e-04 1.310756e-05
Algorithm converged after  7  iterations.
[1] 1.414450e-04 9.778052e-06
Algorithm converged after  7  iterations.
[1] 1.041931e-04 7.097991e-06
Algorithm converged after  7  iterations.
[1] 7.545891e-05 5.000501e-06
Algorithm converged after  7  iterations.
[1] 5.364083e-05 3.409605e-06
Algorithm converged after  7  iterations.
[1] 3.735826e-05 2.243671e-06
Algorithm converged after  7  iterations.
[1] 2.543667e-05 1.420432e-06
Algorithm converged after  7  iterations.
[1] 1.689108e-05 8.621200e-07
Algorithm converged after  7  iterations.
[1] 1.090833e-05 4.996524e-07
Algorithm converged after  7  iterations.
[1] 6.828945e-06 2.752433e-07
Algorithm converged after  7  iterations.
[1] 4.128645e-06 1.433421e-07
Algorithm converged after  7  iterations.
[1] 2.399997e-06 7.012719e-08
Algorithm converged after  7  iterations.
[1] 1.334510e-06 3.198888e-08
Algorithm converged after  7  iterations.
[1] 7.054934e-07 1.348456e-08
Algorithm converged after  7  iterations.
[1] 3.520246e-07 5.197106e-09
Algorithm converged after  7  iterations.
[1] 1.643548e-07 1.807930e-09
Algorithm converged after  7  iterations.
[1] 7.104735e-08 5.588633e-10
Algorithm converged after  7  iterations.
[1] 2.807261e-08 1.505951e-10
Algorithm converged after  7  iterations.
[1] 9.979044e-09 3.454605e-11
Algorithm converged after  7  iterations.
[1] 3.128579e-09 6.549030e-12
Algorithm converged after  7  iterations.
[1] 8.436138e-10 9.881074e-13
Algorithm converged after  6  iterations.
[1] 1.894314e-10 1.130463e-13
Algorithm converged after  6  iterations.
[1] 3.395747e-11 9.205179e-15
Algorithm converged after  6  iterations.
[1] 4.593578e-12 4.902985e-16
Algorithm converged after  6  iterations.
[1] 4.342876e-13 1.522401e-17
Algorithm converged after  6  iterations.
[1] 2.577354e-14 2.345465e-19
Algorithm converged after  6  iterations.
[1] 8.222141e-16 1.420516e-21
Algorithm converged after  6  iterations.
[1] 1.117363e-17 2.385228e-24
Algorithm converged after  6  iterations.
[1] 4.488351e-20 6.415185e-28
Algorithm converged after  6  iterations.
[1] 2.898491e-23 1.107712e-32
Algorithm converged after  6  iterations.
[1] 1.005585e-27 2.369117e-39
Algorithm converged after  5  iterations.
[1] 2.093385e-34 2.337139e-49
Algorithm converged after  5  iterations.
[1] 1.571555e-45 4.928911e-66
Algorithm converged after  5  iterations.
[1] 9.242058e-68 2.216780e-99
Algorithm converged after  5  iterations.
[1] 2.06352e-134 2.11364e-199
Algorithm converged after  5  iterations.
[1] 0.1636246
Algorithm converged after  2  iterations.
[1] 0.004185254 0.000374418
[1] 0.0065968900 0.0007602148
[1] 0.0049188693 0.0009026283
Algorithm converged after  29  iterations.
[1] 0.0035832954 0.0002958259
[1] 0.005917659 0.000440649
[1] 0.0049813677 0.0004322832
Algorithm converged after  29  iterations.
[1] 0.0030520112 0.0002317384
[1] 0.004088155 0.000344990
Algorithm converged after  19  iterations.
[1] 0.0025849319 0.0001798606
[1] 0.003378707 0.000275395
Algorithm converged after  15  iterations.
[1] 0.0021761257 0.0001382508
[1] 0.0027914696 0.0002198624
Algorithm converged after  13  iterations.
[1] 0.0018201048 0.0001052367
[1] 0.0023039273 0.0001753817
Algorithm converged after  12  iterations.
[1] 1.511761e-03 7.936848e-05
Algorithm converged after  10  iterations.
[1] 1.246320e-03 5.939499e-05
Algorithm converged after  10  iterations.
[1] 1.019314e-03 4.425785e-05
Algorithm converged after  8  iterations.
[1] 8.265611e-04 3.310391e-05
Algorithm converged after  9  iterations.
[1] 6.641524e-04 2.521965e-05
Algorithm converged after  9  iterations.
[1] 5.284467e-04 1.968937e-05
Algorithm converged after  9  iterations.
[1] 4.160672e-04 1.560089e-05
Algorithm converged after  8  iterations.
[1] 3.238994e-04 1.240877e-05
Algorithm converged after  7  iterations.
[1] 2.490911e-04 9.822379e-06
Algorithm converged after  8  iterations.
[1] 1.890508e-04 7.684354e-06
Algorithm converged after  8  iterations.
[1] 1.414450e-04 5.907889e-06
Algorithm converged after  8  iterations.
[1] 1.041931e-04 4.442540e-06
Algorithm converged after  8  iterations.
[1] 7.545891e-05 3.254233e-06
Algorithm converged after  8  iterations.
[1] 5.364083e-05 2.313841e-06
Algorithm converged after  8  iterations.
[1] 3.735826e-05 1.591634e-06
Algorithm converged after  8  iterations.
[1] 2.543667e-05 1.055726e-06
Algorithm converged after  8  iterations.
[1] 1.689108e-05 6.729197e-07
Algorithm converged after  8  iterations.
[1] 1.090833e-05 4.106198e-07
Algorithm converged after  8  iterations.
[1] 6.828945e-06 2.388489e-07
Algorithm converged after  8  iterations.
[1] 4.128645e-06 1.317842e-07
Algorithm converged after  8  iterations.
[1] 2.399997e-06 6.857078e-08
Algorithm converged after  8  iterations.
[1] 1.334510e-06 3.341694e-08
Algorithm converged after  8  iterations.
[1] 7.054934e-07 1.512833e-08
Algorithm converged after  7  iterations.
[1] 3.520246e-07 6.300107e-09
Algorithm converged after  7  iterations.
[1] 1.643548e-07 2.385005e-09
Algorithm converged after  7  iterations.
[1] 7.104735e-08 8.090068e-10
Algorithm converged after  7  iterations.
[1] 2.807261e-08 2.415760e-10
Algorithm converged after  7  iterations.
[1] 9.979044e-09 6.212655e-11
Algorithm converged after  7  iterations.
[1] 3.128579e-09 1.338760e-11
Algorithm converged after  7  iterations.
[1] 8.436138e-10 2.334592e-12
Algorithm converged after  7  iterations.
[1] 1.894314e-10 3.150246e-13
Algorithm converged after  7  iterations.
[1] 3.395747e-11 3.102005e-14
Algorithm converged after  7  iterations.
[1] 4.593578e-12 2.061329e-15
Algorithm converged after  7  iterations.
[1] 4.342876e-13 8.308818e-17
Algorithm converged after  6  iterations.
[1] 2.577354e-14 1.749721e-18
Algorithm converged after  6  iterations.
[1] 8.222141e-16 1.551540e-20
Algorithm converged after  6  iterations.
[1] 1.117363e-17 4.191961e-23
Algorithm converged after  6  iterations.
[1] 4.488351e-20 2.075650e-26
Algorithm converged after  6  iterations.
[1] 2.898491e-23 8.073125e-31
Algorithm converged after  6  iterations.
[1] 1.005585e-27 5.368553e-37
Algorithm converged after  6  iterations.
[1] 2.093385e-34 2.892409e-46
Algorithm converged after  6  iterations.
[1] 1.571555e-45 1.026420e-61
Algorithm converged after  5  iterations.
[1] 9.242058e-68 1.290515e-92
Algorithm converged after  5  iterations.
[1] 2.063520e-134 2.598345e-185
Algorithm converged after  5  iterations.
[1] 0.1598493
Algorithm converged after  2  iterations.
[1] 0.0041852537 0.0008706043
Algorithm converged after  2  iterations.
[1] 0.0035832954 0.0007020683
Algorithm converged after  2  iterations.
[1] 0.0030520112 0.0005628232
Algorithm converged after  2  iterations.
[1] 0.0025849319 0.0004491813
Algorithm converged after  2  iterations.
[1] 0.002176126 0.000357732
Algorithm converged after  2  iterations.
[1] 0.0018201048 0.0002856135
Algorithm converged after  2  iterations.
[1] 0.0015117607 0.0002311023
Algorithm converged after  2  iterations.
[1] 0.0012463199 0.0001929223
Algorithm converged after  2  iterations.
[1] 0.0010193142 0.0001648856
Algorithm converged after  2  iterations.
[1] 0.0008265611 0.0001420241
Algorithm converged after  2  iterations.
[1] 0.0006641524 0.0001222713
Algorithm converged after  2  iterations.
[1] 0.0005284467 0.0001046556
Algorithm converged after  2  iterations.
[1] 0.0004160672 0.0000886930
Algorithm converged after  2  iterations.
[1] 3.238994e-04 7.416378e-05
Algorithm converged after  2  iterations.
[1] 2.490911e-04 6.100156e-05
Algorithm converged after  2  iterations.
[1] 1.890508e-04 4.922162e-05
Algorithm converged after  2  iterations.
[1] 1.41445e-04 3.88669e-05
Algorithm converged after  2  iterations.
[1] 1.041931e-04 2.996761e-05
Algorithm converged after  2  iterations.
[1] 7.545891e-05 2.251495e-05
Algorithm converged after  2  iterations.
[1] 5.364083e-05 1.644939e-05
Algorithm converged after  2  iterations.
[1] 3.735826e-05 1.166189e-05
Algorithm converged after  2  iterations.
[1] 2.543667e-05 8.004384e-06
Algorithm converged after  2  iterations.
[1] 1.689108e-05 5.305127e-06
Algorithm converged after  2  iterations.
[1] 1.090833e-05 3.385055e-06
Algorithm converged after  2  iterations.
[1] 6.828945e-06 2.072075e-06
Algorithm converged after  2  iterations.
[1] 4.128645e-06 1.211726e-06
Algorithm converged after  2  iterations.
[1] 2.399997e-06 6.736161e-07
Algorithm converged after  2  iterations.
[1] 1.334510e-06 3.538889e-07
Algorithm converged after  2  iterations.
[1] 7.054934e-07 1.744620e-07
Algorithm converged after  2  iterations.
[1] 3.520246e-07 8.002503e-08
Algorithm converged after  2  iterations.
[1] 1.643548e-07 3.380510e-08
Algorithm converged after  2  iterations.
[1] 7.104735e-08 1.298791e-08
Algorithm converged after  2  iterations.
[1] 2.807261e-08 4.469206e-09
Algorithm converged after  2  iterations.
[1] 9.979044e-09 1.351431e-09
Algorithm converged after  2  iterations.
[1] 3.128579e-09 3.506535e-10
Algorithm converged after  2  iterations.
[1] 8.436138e-10 7.574405e-11
Algorithm converged after  2  iterations.
[1] 1.894314e-10 1.310079e-11
Algorithm converged after  2  iterations.
[1] 3.395747e-11 1.724235e-12
Algorithm converged after  2  iterations.
[1] 4.593578e-12 1.613329e-13
Algorithm converged after  2  iterations.
[1] 4.342876e-13 9.781462e-15
Algorithm converged after  2  iterations.
[1] 2.577354e-14 3.374750e-16
Algorithm converged after  2  iterations.
[1] 8.222141e-16 5.492383e-18
Algorithm converged after  2  iterations.
[1] 1.117363e-17 3.182267e-20
Algorithm converged after  2  iterations.
[1] 4.488351e-20 4.217862e-23
Algorithm converged after  2  iterations.
[1] 2.898491e-23 6.119202e-27
Algorithm converged after  2  iterations.
[1] 1.005585e-27 2.578135e-32
Algorithm converged after  2  iterations.
[1] 2.093385e-34 2.220557e-40
Algorithm converged after  2  iterations.
[1] 1.571555e-45 8.000703e-54
Algorithm converged after  2  iterations.
[1] 9.242058e-68 1.033539e-80
Algorithm converged after  2  iterations.
[1] 2.063520e-134 2.216468e-161
Algorithm converged after  2  iterations.
[1] 0.147873
Algorithm converged after  2  iterations.
[1] 0.0041852537 0.0006384773 0.0001750831
[1] 0.0047041599 0.0006721634 0.0001858813
Algorithm converged after  13  iterations.
[1] 0.0035832954 0.0005078147 0.0001366107
[1] 0.0041249173 0.0005403148 0.0001424679
Algorithm converged after  13  iterations.
[1] 0.0030520112 0.0004004489 0.0001054529
[1] 0.0036336185 0.0004327608 0.0001086796
Algorithm converged after  14  iterations.
[1] 2.584932e-03 3.128089e-04 8.116355e-05
[1] 3.235148e-03 3.457884e-04 8.310594e-05
Algorithm converged after  14  iterations.
[1] 2.176126e-03 2.418852e-04 6.301137e-05
[1] 3.015006e-03 2.810545e-04 6.767814e-05
[1] 3.017124e-03 2.811683e-04 6.772564e-05
Algorithm converged after  23  iterations.
[1] 1.820105e-03 1.850760e-04 5.039228e-05
[1] 2.755976e-03 2.264993e-04 6.402555e-05
Algorithm converged after  15  iterations.
[1] 0.0015117607 0.0001400978 0.0000424345
[1] 2.348278e-03 1.749374e-04 5.787288e-05
Algorithm converged after  13  iterations.
[1] 0.0012463199 0.0001049357 0.0000366295
[1] 1.955903e-03 1.330355e-04 5.099803e-05
Algorithm converged after  12  iterations.
[1] 1.019314e-03 7.780997e-05 3.130804e-05
[1] 1.605918e-03 1.001445e-04 4.280328e-05
Algorithm converged after  12  iterations.
[1] 8.265611e-04 5.715010e-05 2.585974e-05
[1] 1.302759e-03 7.464937e-05 3.377785e-05
Algorithm converged after  12  iterations.
[1] 6.641524e-04 4.158121e-05 2.033298e-05
[1] 1.044431e-03 5.496515e-05 2.522943e-05
Algorithm converged after  11  iterations.
[1] 5.284467e-04 2.993924e-05 1.519129e-05
[1] 8.273783e-04 3.986585e-05 1.805770e-05
Algorithm converged after  11  iterations.
[1] 4.160672e-04 2.129021e-05 1.085251e-05
[1] 6.474687e-04 2.841552e-05 1.248936e-05
Algorithm converged after  11  iterations.
[1] 3.238994e-04 1.491461e-05 7.462933e-06
[1] 5.003070e-04 1.986301e-05 8.382715e-06
Algorithm converged after  11  iterations.
[1] 2.490911e-04 1.026478e-05 4.961366e-06
[1] 3.814921e-04 1.358870e-05 5.469497e-06
Algorithm converged after  11  iterations.
[1] 1.890508e-04 6.921347e-06 3.195192e-06
Algorithm converged after  10  iterations.
[1] 1.414450e-04 4.559658e-06 1.994313e-06
Algorithm converged after  10  iterations.
[1] 1.041931e-04 2.926623e-06 1.205588e-06
Algorithm converged after  10  iterations.
[1] 7.545891e-05 1.824989e-06 7.047838e-07
Algorithm converged after  10  iterations.
[1] 5.364083e-05 1.102355e-06 3.975579e-07
Algorithm converged after  10  iterations.
[1] 3.735826e-05 6.429354e-07 2.157693e-07
Algorithm converged after  9  iterations.
[1] 2.543667e-05 3.608124e-07 1.122805e-07
Algorithm converged after  9  iterations.
[1] 1.689108e-05 1.940758e-07 5.578729e-08
Algorithm converged after  9  iterations.
[1] 1.090833e-05 9.961431e-08 2.633613e-08
Algorithm converged after  8  iterations.
[1] 6.828945e-06 4.854441e-08 1.174521e-08
Algorithm converged after  8  iterations.
[1] 4.128645e-06 2.233015e-08 4.915222e-09
Algorithm converged after  8  iterations.
[1] 2.399997e-06 9.630108e-09 1.915041e-09
Algorithm converged after  8  iterations.
[1] 1.334510e-06 3.862798e-09 6.882362e-10
Algorithm converged after  7  iterations.
[1] 7.054934e-07 1.427652e-09 2.256602e-10
Algorithm converged after  7  iterations.
[1] 3.520246e-07 4.807653e-10 6.662732e-11
Algorithm converged after  7  iterations.
[1] 1.643548e-07 1.455471e-10 1.743871e-11
Algorithm converged after  7  iterations.
[1] 7.104735e-08 3.897380e-11 3.970008e-12
Algorithm converged after  6  iterations.
[1] 2.807261e-08 9.049148e-12 7.680722e-13
Algorithm converged after  6  iterations.
[1] 9.979044e-09 1.777623e-12 1.227141e-13
Algorithm converged after  6  iterations.
[1] 3.128579e-09 2.865013e-13 1.562096e-14
Algorithm converged after  5  iterations.
[1] 8.436138e-10 3.643867e-14 1.514020e-15
Algorithm converged after  5  iterations.
[1] 1.894314e-10 3.478601e-15 1.053975e-16
Algorithm converged after  5  iterations.
[1] 3.395747e-11 2.334607e-16 4.882853e-18
Algorithm converged after  5  iterations.
[1] 4.593578e-12 1.009409e-17 1.359853e-19
Algorithm converged after  5  iterations.
[1] 4.342876e-13 2.496045e-19 1.981792e-21
Algorithm converged after  5  iterations.
[1] 2.577354e-14 2.987980e-21 1.244681e-23
Algorithm converged after  5  iterations.
[1] 8.222141e-16 1.361117e-23 2.545144e-26
Algorithm converged after  5  iterations.
[1] 1.117363e-17 1.644455e-26 1.112655e-29
Algorithm converged after  5  iterations.
[1] 4.488351e-20 2.988481e-30 4.857046e-37
[1] 4.050979e-20 3.008229e-30 1.070126e-38
Algorithm converged after  20  iterations.
[1] 2.898491e-23 3.175378e-35 4.362426e-49
Algorithm converged after  6  iterations.
[1] 1.005585e-27 3.602369e-42 6.746764e-52
Algorithm converged after  4  iterations.
[1] 2.093385e-34 1.456534e-52 7.307432e-60
[1] 1.808613e-34 1.479328e-52 9.001565e-63
[1] 1.668168e-34 1.491205e-52 7.293817e-60
[1] 1.668686e-34 1.491626e-52 7.303162e-60
[1]  1.359809e-34  1.519561e-52 1.101792e-123
[1] 1.696550e-34 1.489875e-52 7.258520e-60
[1] 1.976049e-34 1.468060e-52 7.132940e-60
[1] 1.357677e-34 1.521708e-52 2.515941e-65
[1] 1.367145e-34 1.521659e-52 2.515915e-65
[1] 1.695666e-34 1.492807e-52 7.264651e-60
[1] 1.809252e-34 1.483677e-52 8.903846e-63
[1] 1.891831e-34 1.477492e-52 8.952310e-63
[1] 1.359838e-34 1.524291e-52 7.709509e-65
[1] 1.662231e-34 1.498501e-52 7.269764e-60
[1] 1.696791e-34 1.495845e-52 7.260445e-60
[1] 1.356927e-34 1.526921e-52 2.516268e-65
[1] 1.695081e-34 1.497093e-52 1.236114e-62
[1] 1.808365e-34 1.487983e-52 8.924143e-63
[1] 1.694981e-34 1.497828e-52 1.235431e-62
[1] 1.808540e-34 1.488538e-52 9.023884e-63
Algorithm did not converge after  200  iterations.
[1] 1.571555e-45 7.545528e-70 1.357840e-83
Algorithm converged after  6  iterations.
[1]  9.242058e-68 2.338252e-104 5.199393e-129
Algorithm converged after  8  iterations.
[1] 2.063520e-134 9.771361e-208 1.818461e-249
Algorithm converged after  6  iterations.
[1] 0.1629582
Algorithm converged after  2  iterations.
[1] 4.185254e-03 4.041491e-04 7.953573e-05
[1] 4.074878e-03 4.181301e-04 9.314998e-05
Algorithm converged after  12  iterations.
[1] 3.583295e-03 3.076354e-04 6.756672e-05
[1] 3.532382e-03 3.175954e-04 7.932789e-05
Algorithm converged after  13  iterations.
[1] 3.052011e-03 2.327574e-04 5.932202e-05
[1] 3.042909e-03 2.402606e-04 7.035212e-05
Algorithm converged after  15  iterations.
[1] 2.584932e-03 1.753595e-04 5.423495e-05
[1] 2.608690e-03 1.815063e-04 6.629134e-05
Algorithm converged after  16  iterations.
[1] 2.176126e-03 1.321749e-04 5.314695e-05
[1] 2.241884e-03 1.366011e-04 6.886362e-05
Algorithm converged after  11  iterations.
[1] 1.820105e-03 1.028741e-04 6.772446e-05
[1] 0.0019475970 0.0001027828 0.0000659887
[1] 1.947646e-03 1.027322e-04 6.589053e-05
[1] 1.947646e-03 1.027311e-04 6.588834e-05
Algorithm converged after  33  iterations.
[1] 1.511761e-03 8.532814e-05 5.131893e-05
[1] 1.657424e-03 8.344342e-05 5.127816e-05
Algorithm converged after  14  iterations.
[1] 1.246320e-03 7.148230e-05 3.670763e-05
[1] 1.387159e-03 7.076648e-05 3.735253e-05
Algorithm converged after  14  iterations.
[1] 1.019314e-03 5.992159e-05 2.564058e-05
[1] 1.148328e-03 6.053029e-05 2.634595e-05
Algorithm converged after  15  iterations.
[1] 8.265611e-04 5.003483e-05 1.756976e-05
[1] 9.419324e-04 5.157974e-05 1.815750e-05
Algorithm converged after  15  iterations.
[1] 6.641524e-04 4.147455e-05 1.182066e-05
[1] 7.656637e-04 4.352719e-05 1.226045e-05
Algorithm converged after  15  iterations.
[1] 5.284467e-04 3.402401e-05 7.805933e-06
[1] 6.164675e-04 3.624279e-05 8.115349e-06
Algorithm converged after  14  iterations.
[1] 4.160672e-04 2.754291e-05 5.055280e-06
[1] 4.912695e-04 2.969176e-05 5.263760e-06
Algorithm converged after  14  iterations.
[1] 3.238994e-04 2.193802e-05 3.206887e-06
[1] 3.871721e-04 2.387323e-05 3.342568e-06
Algorithm converged after  13  iterations.
[1] 2.490911e-04 1.714381e-05 1.989789e-06
[1] 3.014897e-04 1.879319e-05 2.075418e-06
Algorithm converged after  13  iterations.
[1] 1.890508e-04 1.310756e-05 1.205542e-06
[1] 2.317408e-04 1.445009e-05 1.258013e-06
Algorithm converged after  12  iterations.
[1] 1.414450e-04 9.778052e-06 7.118318e-07
[1] 1.756386e-04 1.082653e-05 7.430365e-07
Algorithm converged after  12  iterations.
[1] 1.041931e-04 7.097991e-06 4.087446e-07
[1] 1.310924e-04 7.885242e-06 4.267246e-07
Algorithm converged after  12  iterations.
[1] 7.545891e-05 5.000501e-06 2.276869e-07
[1] 9.621168e-05 5.568999e-06 2.377020e-07
Algorithm converged after  11  iterations.
[1] 5.364083e-05 3.409605e-06 1.226909e-07
[1] 6.931284e-05 3.804089e-06 1.280703e-07
Algorithm converged after  11  iterations.
[1] 3.735826e-05 2.243671e-06 6.374772e-08
[1] 4.891775e-05 2.506258e-06 6.652676e-08
Algorithm converged after  11  iterations.
[1] 2.543667e-05 1.420432e-06 8.337554e-13
[1] 3.235543e-05 1.556930e-06 3.493124e-08
Algorithm converged after  16  iterations.
[1] 1.689108e-05 8.621200e-07 3.533786e-11
Algorithm converged after  9  iterations.
[1] 1.090833e-05 4.996524e-07 6.900206e-09
Algorithm converged after  9  iterations.
[1] 6.828945e-06 2.752433e-07 2.965800e-09
Algorithm converged after  9  iterations.
[1] 4.128645e-06 1.433421e-07 3.580613e-10
Algorithm converged after  8  iterations.
[1] 2.399997e-06 7.012719e-08 4.510837e-10
[1] 3.306912e-06 7.759972e-08 4.716603e-10
[1] 3.437782e-06 7.874082e-08 4.547890e-10
Algorithm converged after  26  iterations.
[1] 1.334510e-06 3.198888e-08 1.568982e-10
[1] 1.736467e-06 3.459365e-08 1.522580e-10
[1] 1.893850e-06 3.557317e-08 1.630948e-10
[1] 1.947502e-06 3.595248e-08 1.562401e-10
Algorithm converged after  32  iterations.
[1] 7.054934e-07 1.348456e-08 4.985794e-11
Algorithm converged after  8  iterations.
[1] 3.520246e-07 5.197106e-09 1.428674e-11
[1] 4.350453e-07 5.492108e-09 1.349927e-17
[1] 4.883007e-07 5.687127e-09 1.398484e-11
[1] 5.109783e-07 5.766875e-09 1.464489e-11
[1] 4.926896e-07 5.704102e-09 6.513025e-21
[1] 5.177000e-07 5.796471e-09 1.433917e-11
Algorithm converged after  55  iterations.
[1] 1.643548e-07 1.807930e-09 3.634217e-12
[1] 2.158735e-07 1.938225e-09 3.594264e-12
[1] 2.364353e-07 1.989375e-09 3.747355e-12
[1] 2.149131e-07 1.931560e-09 4.074558e-17
[1] 2.398127e-07 2.000881e-09 3.675125e-12
Algorithm converged after  46  iterations.
[1] 7.104735e-08 5.588633e-10 8.052609e-13
[1] 1.011422e-07 6.098844e-10 8.001793e-13
[1] 1.011583e-07 6.100044e-10 7.999212e-13
[1] 1.040199e-07 6.143072e-10 8.095668e-13
[1] 9.214262e-08 5.958822e-10 3.931196e-25
[1] 1.019025e-07 6.117635e-10 2.868060e-18
[1] 1.027536e-07 6.132146e-10 3.012400e-18
[1] 1.047650e-07 6.175189e-10 2.016955e-18
[1] 1.031636e-07 6.153055e-10 8.255130e-13
Algorithm converged after  86  iterations.
[1] 2.807261e-08 1.505951e-10 1.915834e-19
[1] 4.175386e-08 1.655584e-10 1.539992e-13
Algorithm converged after  14  iterations.
[1] 9.979044e-09 3.454605e-11 2.368954e-14
[1] 1.478290e-08 3.774110e-11 2.436096e-14
Algorithm converged after  14  iterations.
[1] 3.128579e-09 6.549030e-12 2.949366e-15
[1] 4.853058e-09 7.196586e-12 1.723555e-15
[1] 4.652756e-09 7.128792e-12 1.688773e-15
[1] 4.310742e-09 7.004845e-12 4.656070e-27
[1] 4.612095e-09 7.119962e-12 4.058713e-21
[1] 4.468918e-09 7.067622e-12 1.112214e-27
[1] 4.847385e-09 7.204633e-12 1.327454e-15
[1] 4.686602e-09 7.145393e-12 1.640624e-30
[1] 4.655396e-09 7.148529e-12 3.018963e-15
[1] 4.720519e-09 7.176616e-12 7.297947e-30
[1] 4.645462e-09 7.142449e-12 2.109761e-22
[1] 4.716380e-09 7.178536e-12 2.954980e-15
[1] 4.702040e-09 7.171986e-12 2.994593e-15
Algorithm converged after  126  iterations.
[1] 8.436138e-10 9.881074e-13 1.451268e-16
[1] 1.312046e-09 1.080480e-12 2.824856e-16
[1] 1.321417e-09 1.082746e-12 1.542876e-16
[1] 1.265160e-09 1.072135e-12 2.861638e-16
[1] 1.086523e-09 1.038947e-12 1.490101e-16
[1] 1.272671e-09 1.074378e-12 2.848380e-16
[1] 1.131006e-09 1.048176e-12 1.497558e-16
[1] 1.255999e-09 1.072791e-12 1.530931e-16
[1] 1.219270e-09 1.065622e-12 1.514441e-16
[1] 1.365574e-09 1.092184e-12 6.360857e-32
[1] 1.089269e-09 1.041718e-12 2.825570e-16
[1] 1.297847e-09 1.082057e-12 1.537820e-16
[1] 1.299835e-09 1.082626e-12 5.501399e-24
[1] 1.258667e-09 1.075412e-12 1.521251e-16
[1] 1.301858e-09 1.083929e-12 2.847427e-32
[1] 1.286837e-09 1.081269e-12 9.951645e-24
[1] 1.249677e-09 1.074922e-12 1.526922e-16
[1] 1.153685e-09 1.056426e-12 1.500126e-16
[1] 1.299788e-09 1.084511e-12 1.555680e-16
[1] 1.329218e-09 1.090562e-12 1.543529e-16
Algorithm did not converge after  200  iterations.
[1] 1.894314e-10 1.130463e-13 2.998570e-25
[1] 2.940661e-10 1.229469e-13 1.011415e-17
[1] 2.848383e-10 1.221701e-13 1.004060e-17
[1] 2.941519e-10 1.229722e-13 9.831130e-18
[1] 2.964352e-10 1.231683e-13 1.013147e-17
[1] 2.943583e-10 1.229900e-13 7.365507e-35
[1] 2.595679e-10 1.198323e-13 9.594424e-18
[1] 2.943244e-10 1.230288e-13 9.831863e-18
[1] 2.971077e-10 1.232666e-13 1.013642e-17
[1] 2.970994e-10 1.232656e-13 1.013645e-17
[1] 2.941160e-10 1.230099e-13 9.830173e-18
[1] 2.920123e-10 1.228226e-13 9.196019e-24
[1] 2.852584e-10 1.222775e-13 1.932131e-17
[1] 2.806582e-10 1.218435e-13 9.709860e-18
Algorithm converged after  137  iterations.
[1] 3.395747e-11 9.205179e-15 2.773283e-31
[1] 5.269316e-11 9.956928e-15 2.464686e-22
[1] 5.700373e-11 1.010929e-14 3.460588e-19
[1] 5.183877e-11 9.927373e-15 4.119437e-19
[1] 5.712306e-11 1.011774e-14 2.956806e-39
[1] 5.753385e-11 1.013695e-14 3.535130e-19
[1] 5.736650e-11 1.013368e-14 8.973456e-19
[1] 5.321507e-11 9.984814e-15 4.395150e-19
[1] 5.753528e-11 1.013523e-14 4.142375e-40
[1] 5.749631e-11 1.014080e-14 5.700998e-29
[1] 5.216138e-11 9.948780e-15 4.381628e-19
Algorithm converged after  104  iterations.
[1] 4.593578e-12 4.902985e-16 7.314533e-21
[1] 7.815030e-12 5.366748e-16 8.439492e-21
[1] 6.581052e-12 5.199120e-16 6.746510e-30
[1] 6.863217e-12 5.240677e-16 8.078829e-21
[1] 7.860763e-12 5.372567e-16 1.168354e-20
[1] 7.037913e-12 5.264681e-16 1.031183e-20
[1] 6.816190e-12 5.234157e-16 7.991746e-21
[1] 7.826746e-12 5.369473e-16 8.613863e-21
[1] 6.047448e-12 5.125304e-16 7.550602e-21
[1] 7.841550e-12 5.371460e-16 8.559579e-21
[1] 7.076194e-12 5.271102e-16 2.446358e-20
[1] 7.841889e-12 5.372227e-16 1.167937e-20
[1] 7.863068e-12 5.375215e-16 8.393343e-21
[1] 7.840837e-12 5.372558e-16 8.358124e-21
[1] 7.153306e-12 5.282519e-16 8.164122e-21
[1] 7.471017e-12 5.324958e-16 8.262676e-21
[1] 6.287493e-12 5.161735e-16 4.541885e-30
[1] 7.560893e-12 5.339204e-16 2.465134e-20
[1] 6.388791e-12 5.177975e-16 2.321768e-32
[1] 7.859302e-12 5.378062e-16 8.356304e-21
Algorithm converged after  191  iterations.
[1] 4.342876e-13 1.522401e-17 8.408075e-23
[1] 7.418507e-13 1.656964e-17 9.830046e-23
Algorithm converged after  15  iterations.
[1] 2.577354e-14 2.345465e-19 1.385312e-27
[1] 3.883753e-14 2.487454e-19 7.251750e-25
[1] 3.671783e-14 2.465632e-19 1.369401e-38
[1] 3.850809e-14 2.483615e-19 4.646104e-25
[1] 4.048941e-14 2.503984e-19 1.542947e-26
[1] 3.672430e-14 2.466265e-19 8.947270e-25
[1] 3.900123e-14 2.489714e-19 1.457221e-27
[1] 3.413597e-14 2.439487e-19 1.065911e-27
[1] 3.326470e-14 2.430687e-19 1.994040e-27
[1] 3.475714e-14 2.446917e-19 1.769271e-26
[1] 3.765733e-14 2.476417e-19 7.178658e-25
[1] 3.456479e-14 2.445219e-19 8.842593e-25
[1] 3.659936e-14 2.466324e-19 1.671400e-36
[1] 3.902799e-14 2.491431e-19 1.123672e-42
[1] 4.368568e-14 2.537291e-19 5.589118e-25
[1] 4.410033e-14 2.541805e-19 9.326125e-25
[1] 3.894636e-14 2.492040e-19 7.239486e-25
[1] 3.391879e-14 2.440077e-19 1.906363e-38
[1] 3.646934e-14 2.466761e-19 1.491694e-40
[1] 3.666036e-14 2.469150e-19 2.812795e-40
Algorithm did not converge after  200  iterations.
[1] 8.222141e-16 1.420516e-21 6.410315e-28
[1] 1.211371e-15 1.494387e-21 7.048840e-28
[1] 1.130712e-15 1.480229e-21 4.519067e-27
[1] 1.121399e-15 1.478640e-21 8.283914e-43
[1] 1.393888e-15 1.526106e-21 4.587832e-27
[1] 1.230126e-15 1.498384e-21 1.726695e-27
[1] 1.213246e-15 1.495207e-21 9.783985e-41
[1] 1.141092e-15 1.482541e-21 1.696082e-27
[1] 1.192315e-15 1.491807e-21 4.648581e-41
[1] 1.373181e-15 1.522924e-21 7.218762e-28
[1] 1.397033e-15 1.527235e-21 1.823955e-29
[1] 1.091530e-15 1.474099e-21 1.205233e-52
[1] 1.223183e-15 1.497870e-21 7.241173e-28
[1] 1.138453e-15 1.482667e-21 6.968097e-28
[1] 1.167498e-15 1.488025e-21 3.056230e-30
[1] 1.402720e-15 1.528557e-21 3.792999e-30
[1] 1.221867e-15 1.497601e-21 1.718511e-27
[1] 1.389569e-15 1.526522e-21 7.477485e-28
[1] 1.221014e-15 1.497950e-21 7.245456e-28
[1] 1.154503e-15 1.486060e-21 7.050129e-28
Algorithm did not converge after  200  iterations.
[1] 1.117363e-17 2.385228e-24 2.321871e-34
Algorithm converged after  6  iterations.
[1] 4.488351e-20 6.415185e-28 2.657718e-39
Algorithm converged after  6  iterations.
[1] 2.898491e-23 1.107712e-32 2.159452e-41
Algorithm converged after  5  iterations.
[1] 1.005585e-27 2.369117e-39 5.187638e-55
Algorithm converged after  5  iterations.
[1] 2.093385e-34 2.337139e-49 3.810402e-69
Algorithm converged after  5  iterations.
[1] 1.571555e-45 4.928911e-66 2.747654e-99
Algorithm converged after  6  iterations.
[1]  9.242058e-68  2.216780e-99 1.076069e-136
[1]  1.194667e-67  2.247002e-99 3.397225e-149
[1]  1.194667e-67  2.247003e-99 3.397217e-149
[1]  1.194667e-67  2.247005e-99 3.397217e-149
[1]  1.194667e-67  2.247006e-99 3.397217e-149
[1]  1.194667e-67  2.247008e-99 3.397217e-149
[1]  1.194667e-67  2.247009e-99 3.397218e-149
[1]  1.194667e-67  2.247011e-99 3.397218e-149
[1]  1.194667e-67  2.247012e-99 3.397218e-149
[1]  1.194667e-67  2.247014e-99 3.397218e-149
[1]  1.194667e-67  2.247015e-99 3.397218e-149
[1]  1.194667e-67  2.247017e-99 3.397218e-149
[1]  1.194667e-67  2.247019e-99 3.397218e-149
[1]  1.194668e-67  2.247020e-99 3.397219e-149
[1]  1.194668e-67  2.247022e-99 3.397200e-149
[1]  1.194668e-67  2.247023e-99 3.397214e-149
[1]  1.194668e-67  2.247025e-99 3.397218e-149
[1]  1.194668e-67  2.247026e-99 3.397219e-149
[1]  1.194668e-67  2.247028e-99 3.397219e-149
[1]  1.194668e-67  2.247029e-99 3.397219e-149
Algorithm did not converge after  200  iterations.
[1] 2.063520e-134 2.113640e-199 4.968741e-270
Algorithm converged after  5  iterations.
[1] 0.161604
Algorithm converged after  2  iterations.
[1] 0.0041852537 0.0003744180 0.0001183251
[1] 0.0052542772 0.0004448528 0.0001259406
Algorithm converged after  19  iterations.
[1] 3.583295e-03 2.958259e-04 9.024874e-05
[1] 4.673387e-03 3.608350e-04 9.541045e-05
Algorithm converged after  19  iterations.
[1] 3.052011e-03 2.317384e-04 6.805587e-05
[1] 4.150848e-03 2.916396e-04 7.253399e-05
Algorithm converged after  17  iterations.
[1] 2.584932e-03 1.798606e-04 5.097196e-05
[1] 3.650231e-03 2.328658e-04 5.532391e-05
Algorithm converged after  16  iterations.
[1] 2.176126e-03 1.382508e-04 3.813102e-05
[1] 0.0031639277 0.0001828096 0.0000421546
Algorithm converged after  14  iterations.
[1] 1.820105e-03 1.052367e-04 2.874554e-05
[1] 2.706727e-03 1.411914e-04 3.190005e-05
[1] 2.706686e-03 1.411983e-04 3.189697e-05
Algorithm converged after  22  iterations.
[1] 1.511761e-03 7.936848e-05 2.223560e-05
[1] 2.323022e-03 1.081857e-04 2.402812e-05
[1] 2.325301e-03 1.086318e-04 2.354784e-05
[1] 2.325329e-03 1.088220e-04 2.335498e-05
[1] 2.324949e-03 1.089143e-04 2.326387e-05
[1] 2.324595e-03 1.089624e-04 2.321709e-05
[1] 2.324343e-03 1.089888e-04 2.319181e-05
[1] 2.324180e-03 1.090036e-04 2.317771e-05
[1] 2.324079e-03 1.090120e-04 2.316968e-05
[1] 2.324018e-03 1.090169e-04 2.316506e-05
[1] 2.323982e-03 1.090198e-04 2.316238e-05
[1] 2.323960e-03 1.090214e-04 2.316082e-05
[1] 2.323947e-03 1.090224e-04 2.315991e-05
[1] 2.323940e-03 1.090230e-04 2.315937e-05
[1] 2.323936e-03 1.090233e-04 2.315906e-05
[1] 2.323933e-03 1.090235e-04 2.315888e-05
[1] 2.323932e-03 1.090236e-04 2.315877e-05
[1] 2.323931e-03 1.090237e-04 2.315871e-05
[1] 2.323930e-03 1.090237e-04 2.315867e-05
[1] 2.323930e-03 1.090237e-04 2.315865e-05
Algorithm did not converge after  200  iterations.
[1] 1.246320e-03 5.939499e-05 1.850564e-05
[1] 1.967724e-03 8.214819e-05 1.867461e-05
[1] 1.975251e-03 8.279748e-05 1.767533e-05
[1] 1.978180e-03 8.313777e-05 1.717080e-05
[1] 1.979044e-03 8.334008e-05 1.683740e-05
[1] 1.979033e-03 8.347038e-05 1.660095e-05
[1] 1.978628e-03 8.355901e-05 1.642486e-05
[1] 1.978050e-03 8.362173e-05 1.628909e-05
[1] 1.977407e-03 8.366744e-05 1.618167e-05
[1] 1.976754e-03 8.370152e-05 1.609499e-05
[1] 1.976120e-03 8.372738e-05 1.602396e-05
[1] 1.975520e-03 8.374730e-05 1.596503e-05
[1] 1.974958e-03 8.376282e-05 1.591555e-05
[1] 1.974434e-03 8.377505e-05 1.587342e-05
[1] 1.973955e-03 8.378473e-05 1.583766e-05
[1] 1.973518e-03 8.379244e-05 1.580709e-05
[1] 1.973121e-03 8.379863e-05 1.578082e-05
[1] 1.972761e-03 8.380362e-05 1.575814e-05
[1] 1.972436e-03 8.380767e-05 1.573847e-05
[1] 1.972142e-03 8.381097e-05 1.572136e-05
Algorithm did not converge after  200  iterations.
[1] 1.019314e-03 4.425785e-05 1.757188e-05
[1] 1.572208e-03 6.062990e-05 1.177347e-05
[1] 1.572576e-03 6.063095e-05 1.178262e-05
[1] 1.572625e-03 6.062711e-05 1.178674e-05
[1] 1.572654e-03 6.062308e-05 1.179049e-05
[1] 1.572679e-03 6.061910e-05 1.179413e-05
[1] 1.572701e-03 6.061518e-05 1.179769e-05
[1] 1.572720e-03 6.061134e-05 1.180117e-05
[1] 1.572737e-03 6.060756e-05 1.180457e-05
[1] 1.572753e-03 6.060386e-05 1.180790e-05
[1] 1.572766e-03 6.060022e-05 1.181115e-05
