myseed=707 

Attaching package: ‘pls’

The following object is masked from ‘package:stats’:

    loadings

Loading required package: lattice
Loading required package: ggplot2
Registered S3 methods overwritten by 'ggplot2':
  method         from 
  [.quosures     rlang
  c.quosures     rlang
  print.quosures rlang

Attaching package: ‘caret’

The following object is masked from ‘package:pls’:

    R2

Loading required package: Matrix
Loading required package: foreach
Loaded glmnet 2.0-18

Parsed with column specification:
cols(
  .default = col_double()
)
See spec(...) for full column specifications.
Parsed with column specification:
cols(
  X1 = col_double()
)
Parsed with column specification:
cols(
  X1 = col_double()
)
[1] "Best 2step parameter is:"
   gam  rankJ rankA1 rankA2 rankA3 
 1e+10  2e+00  1e+00  0e+00  0e+00 
[1] 0.003682436
Algorithm converged after  2  iterations.
[1] 0.003153057
Algorithm converged after  2  iterations.
[1] 0.002685487
Algorithm converged after  2  iterations.
[1] 0.002274198
Algorithm converged after  2  iterations.
[1] 0.001914091
Algorithm converged after  2  iterations.
[1] 0.001600422
Algorithm converged after  2  iterations.
[1] 0.001328751
Algorithm converged after  2  iterations.
[1] 0.001094914
Algorithm converged after  2  iterations.
[1] 0.0008949957
Algorithm converged after  2  iterations.
[1] 0.0007253184
Algorithm converged after  2  iterations.
[1] 0.0005824369
Algorithm converged after  2  iterations.
[1] 0.0004631334
Algorithm converged after  2  iterations.
[1] 0.0003644178
Algorithm converged after  2  iterations.
[1] 0.0002835292
Algorithm converged after  2  iterations.
[1] 0.0002179371
Algorithm converged after  2  iterations.
[1] 0.0001653424
Algorithm converged after  2  iterations.
[1] 0.0001236764
Algorithm converged after  2  iterations.
[1] 9.109691e-05
Algorithm converged after  2  iterations.
[1] 6.598188e-05
Algorithm converged after  2  iterations.
[1] 4.691937e-05
Algorithm converged after  2  iterations.
[1] 3.269548e-05
Algorithm converged after  2  iterations.
[1] 2.228005e-05
Algorithm converged after  2  iterations.
[1] 1.481108e-05
Algorithm converged after  2  iterations.
[1] 9.578311e-06
Algorithm converged after  2  iterations.
[1] 6.006527e-06
Algorithm converged after  2  iterations.
[1] 3.638864e-06
Algorithm converged after  2  iterations.
[1] 2.120414e-06
Algorithm converged after  2  iterations.
[1] 1.182397e-06
Algorithm converged after  2  iterations.
[1] 6.271409e-07
Algorithm converged after  2  iterations.
[1] 3.14123e-07
Algorithm converged after  2  iterations.
[1] 1.473048e-07
Algorithm converged after  2  iterations.
[1] 6.399996e-08
Algorithm converged after  2  iterations.
[1] 2.543585e-08
Algorithm converged after  2  iterations.
[1] 9.102788e-09
Algorithm converged after  2  iterations.
[1] 2.876178e-09
Algorithm converged after  2  iterations.
[1] 7.826126e-10
Algorithm converged after  2  iterations.
[1] 1.77606e-10
Algorithm converged after  2  iterations.
[1] 3.223771e-11
Algorithm converged after  2  iterations.
[1] 4.426185e-12
Algorithm converged after  2  iterations.
[1] 4.260028e-13
Algorithm converged after  2  iterations.
[1] 2.583847e-14
Algorithm converged after  2  iterations.
[1] 8.468524e-16
Algorithm converged after  2  iterations.
[1] 1.190907e-17
Algorithm converged after  2  iterations.
[1] 5.001658e-20
Algorithm converged after  2  iterations.
[1] 3.429915e-23
Algorithm converged after  2  iterations.
[1] 1.295465e-27
Algorithm converged after  2  iterations.
[1] 3.06701e-34
Algorithm converged after  2  iterations.
[1] 2.858015e-45
Algorithm converged after  2  iterations.
[1] 2.597583e-67
Algorithm converged after  2  iterations.
[1] 2.156626e-133
Algorithm converged after  2  iterations.
[1] 0.1694042
Algorithm converged after  2  iterations.
[1] 0.0036824361 0.0004900683
[1] 0.0058704494 0.0006695154
Algorithm converged after  16  iterations.
[1] 0.0031530571 0.0003856778
[1] 0.0050512491 0.0005240009
Algorithm converged after  15  iterations.
[1] 0.0026854872 0.0003019253
[1] 0.0042855350 0.0004091227
Algorithm converged after  13  iterations.
[1] 0.0022741982 0.0002346962
[1] 0.0035931812 0.0003180569
Algorithm converged after  12  iterations.
[1] 0.0019140910 0.0001809153
[1] 0.0029840865 0.0002458831
Algorithm converged after  11  iterations.
[1] 0.0016004216 0.0001381766
Algorithm converged after  10  iterations.
[1] 0.0013287514 0.0001045204
Algorithm converged after  9  iterations.
[1] 1.094914e-03 7.830904e-05
Algorithm converged after  9  iterations.
[1] 8.949957e-04 5.815384e-05
Algorithm converged after  8  iterations.
[1] 7.253184e-04 4.286554e-05
Algorithm converged after  8  iterations.
[1] 5.824369e-04 3.140952e-05
Algorithm converged after  7  iterations.
[1] 4.631334e-04 2.288377e-05
Algorithm converged after  7  iterations.
[1] 3.644178e-04 1.654597e-05
Algorithm converged after  7  iterations.
[1] 2.835292e-04 1.183504e-05
Algorithm converged after  7  iterations.
[1] 2.179371e-04 8.344637e-06
Algorithm converged after  7  iterations.
[1] 1.653424e-04 5.779146e-06
Algorithm converged after  7  iterations.
[1] 1.236764e-04 3.917928e-06
Algorithm converged after  7  iterations.
[1] 9.109691e-05 2.591557e-06
Algorithm converged after  8  iterations.
[1] 6.598188e-05 1.667180e-06
Algorithm converged after  8  iterations.
[1] 4.691937e-05 1.039725e-06
Algorithm converged after  7  iterations.
[1] 3.269548e-05 6.264807e-07
Algorithm converged after  7  iterations.
[1] 2.228005e-05 3.633973e-07
Algorithm converged after  7  iterations.
[1] 1.481108e-05 2.021205e-07
Algorithm converged after  7  iterations.
[1] 9.578311e-06 1.073119e-07
Algorithm converged after  7  iterations.
[1] 6.006527e-06 5.410963e-08
Algorithm converged after  7  iterations.
[1] 3.638864e-06 2.575913e-08
Algorithm converged after  7  iterations.
[1] 2.120414e-06 1.149850e-08
Algorithm converged after  7  iterations.
[1] 1.182397e-06 4.774377e-09
Algorithm converged after  7  iterations.
[1] 6.271409e-07 1.826589e-09
Algorithm converged after  7  iterations.
[1] 3.141230e-07 6.366715e-10
Algorithm converged after  6  iterations.
[1] 1.473048e-07 1.994651e-10
Algorithm converged after  6  iterations.
[1] 6.399996e-08 5.525723e-11
Algorithm converged after  6  iterations.
[1] 2.543585e-08 1.326783e-11
Algorithm converged after  6  iterations.
[1] 9.102788e-09 2.693880e-12
Algorithm converged after  6  iterations.
[1] 2.876178e-09 4.484640e-13
Algorithm converged after  6  iterations.
[1] 7.826126e-10 5.886853e-14
Algorithm converged after  6  iterations.
[1] 1.776060e-10 5.794805e-15
Algorithm converged after  5  iterations.
[1] 3.223771e-11 4.005766e-16
Algorithm converged after  5  iterations.
[1] 4.426185e-12 1.781647e-17
Algorithm converged after  5  iterations.
[1] 4.260028e-13 4.525211e-19
Algorithm converged after  5  iterations.
[1] 2.583847e-14 5.554282e-21
Algorithm converged after  5  iterations.
[1] 8.468524e-16 2.588724e-23
Algorithm converged after  4  iterations.
[1] 1.190907e-17 3.191606e-26
Algorithm converged after  4  iterations.
[1] 5.001658e-20 5.898829e-30
Algorithm converged after  4  iterations.
[1] 3.429915e-23 6.345184e-35
Algorithm converged after  4  iterations.
[1] 1.295465e-27 7.238651e-42
Algorithm converged after  4  iterations.
[1] 3.067010e-34 2.911404e-52
Algorithm converged after  4  iterations.
[1] 2.858015e-45 1.470164e-69
Algorithm converged after  5  iterations.
[1]  2.597583e-67 4.231738e-104
Algorithm converged after  5  iterations.
[1] 2.156626e-133 1.363797e-207
Algorithm converged after  5  iterations.
[1] 0.1641645
Algorithm converged after  2  iterations.
[1] 0.0036824361 0.0004342379
[1] 0.0042491570 0.0006203609
Algorithm converged after  11  iterations.
[1] 0.003153057 0.000331411
Algorithm converged after  10  iterations.
[1] 0.0026854872 0.0002513004
Algorithm converged after  8  iterations.
[1] 0.0022741982 0.0001894815
Algorithm converged after  8  iterations.
[1] 0.0019140910 0.0001423652
Algorithm converged after  8  iterations.
[1] 0.0016004216 0.0001072842
Algorithm converged after  8  iterations.
[1] 1.328751e-03 8.421627e-05
Algorithm converged after  7  iterations.
[1] 1.094914e-03 6.871396e-05
Algorithm converged after  8  iterations.
[1] 8.949957e-04 5.645335e-05
Algorithm converged after  8  iterations.
[1] 7.253184e-04 4.635464e-05
Algorithm converged after  8  iterations.
[1] 5.824369e-04 3.787726e-05
Algorithm converged after  8  iterations.
[1] 4.631334e-04 3.069136e-05
Algorithm converged after  7  iterations.
[1] 3.644178e-04 2.457959e-05
Algorithm converged after  7  iterations.
[1] 2.835292e-04 1.939319e-05
Algorithm converged after  7  iterations.
[1] 2.179371e-04 1.502641e-05
Algorithm converged after  7  iterations.
[1] 1.653424e-04 1.139838e-05
Algorithm converged after  7  iterations.
[1] 1.236764e-04 8.439507e-06
Algorithm converged after  7  iterations.
[1] 9.109691e-05 6.081857e-06
Algorithm converged after  7  iterations.
[1] 6.598188e-05 4.253991e-06
Algorithm converged after  7  iterations.
[1] 4.691937e-05 2.880018e-06
Algorithm converged after  7  iterations.
[1] 3.269548e-05 1.881840e-06
Algorithm converged after  7  iterations.
[1] 2.228005e-05 1.183068e-06
Algorithm converged after  7  iterations.
[1] 1.481108e-05 7.131351e-07
Algorithm converged after  7  iterations.
[1] 9.578311e-06 4.105384e-07
Algorithm converged after  7  iterations.
[1] 6.006527e-06 2.246824e-07
Algorithm converged after  7  iterations.
[1] 3.638864e-06 1.162775e-07
Algorithm converged after  7  iterations.
[1] 2.120414e-06 5.654568e-08
Algorithm converged after  7  iterations.
[1] 1.182397e-06 2.564746e-08
Algorithm converged after  7  iterations.
[1] 6.271409e-07 1.075419e-08
Algorithm converged after  7  iterations.
[1] 3.14123e-07 4.12464e-09
Algorithm converged after  7  iterations.
[1] 1.473048e-07 1.428591e-09
Algorithm converged after  6  iterations.
[1] 6.399996e-08 4.399348e-10
Algorithm converged after  6  iterations.
[1] 2.543585e-08 1.181815e-10
Algorithm converged after  6  iterations.
[1] 9.102788e-09 2.704885e-11
Algorithm converged after  6  iterations.
[1] 2.876178e-09 5.121131e-12
Algorithm converged after  6  iterations.
[1] 7.826126e-10 7.725897e-13
Algorithm converged after  6  iterations.
[1] 1.776060e-10 8.850988e-14
Algorithm converged after  6  iterations.
[1] 3.223771e-11 7.230148e-15
Algorithm converged after  6  iterations.
[1] 4.426185e-12 3.872128e-16
Algorithm converged after  6  iterations.
[1] 4.260028e-13 1.212462e-17
Algorithm converged after  6  iterations.
[1] 2.583847e-14 1.890981e-19
Algorithm converged after  6  iterations.
[1] 8.468524e-16 1.165365e-21
Algorithm converged after  6  iterations.
[1] 1.190907e-17 2.005372e-24
Algorithm converged after  5  iterations.
[1] 5.001658e-20 5.584114e-28
Algorithm converged after  5  iterations.
[1] 3.429915e-23 1.013718e-32
Algorithm converged after  5  iterations.
[1] 1.295465e-27 2.336205e-39
Algorithm converged after  5  iterations.
[1] 3.067010e-34 2.592905e-49
Algorithm converged after  5  iterations.
[1] 2.858015e-45 6.707965e-66
Algorithm converged after  5  iterations.
[1] 2.597583e-67 4.596064e-99
Algorithm converged after  5  iterations.
[1] 2.156626e-133 1.590628e-198
Algorithm converged after  4  iterations.
[1] 0.1626884
Algorithm converged after  2  iterations.
[1] 0.0036824361 0.0004014464
[1] 0.005179082 0.000611079
[1] 0.0051182259 0.0006027694
Algorithm converged after  22  iterations.
[1] 0.0031530571 0.0003145045
[1] 0.0042460207 0.0004809724
Algorithm converged after  18  iterations.
[1] 0.002685487 0.000244320
[1] 0.003536684 0.000384849
Algorithm converged after  14  iterations.
[1] 0.0022741982 0.0001881405
[1] 0.0029483421 0.0003082082
Algorithm converged after  13  iterations.
[1] 0.0019140910 0.0001436065
[1] 0.0024584285 0.0002459327
Algorithm converged after  11  iterations.
[1] 0.0016004216 0.0001086939
[1] 0.0020354095 0.0001984655
Algorithm converged after  11  iterations.
[1] 1.328751e-03 8.167339e-05
Algorithm converged after  10  iterations.
[1] 0.0010949144 0.0000610898
Algorithm converged after  10  iterations.
[1] 8.949957e-04 4.576643e-05
Algorithm converged after  10  iterations.
[1] 7.253184e-04 3.481328e-05
Algorithm converged after  10  iterations.
[1] 5.824369e-04 2.724238e-05
Algorithm converged after  9  iterations.
[1] 0.0004631334 0.0000217622
Algorithm converged after  8  iterations.
[1] 3.644178e-04 1.751901e-05
Algorithm converged after  8  iterations.
[1] 2.835292e-04 1.407439e-05
Algorithm converged after  9  iterations.
[1] 2.179371e-04 1.119876e-05
Algorithm converged after  9  iterations.
[1] 1.653424e-04 8.771120e-06
Algorithm converged after  9  iterations.
[1] 1.236764e-04 6.727994e-06
Algorithm converged after  9  iterations.
[1] 9.109691e-05 5.033193e-06
Algorithm converged after  9  iterations.
[1] 6.598188e-05 3.659311e-06
Algorithm converged after  8  iterations.
[1] 4.691937e-05 2.577557e-06
Algorithm converged after  8  iterations.
[1] 3.269548e-05 1.753912e-06
Algorithm converged after  8  iterations.
[1] 2.228005e-05 1.149530e-06
Algorithm converged after  8  iterations.
[1] 1.481108e-05 7.233822e-07
Algorithm converged after  8  iterations.
[1] 9.578311e-06 4.355075e-07
Algorithm converged after  8  iterations.
[1] 6.006527e-06 2.498054e-07
Algorithm converged after  8  iterations.
[1] 3.638864e-06 1.358525e-07
Algorithm converged after  8  iterations.
[1] 2.120414e-06 6.964364e-08
Algorithm converged after  8  iterations.
[1] 1.182397e-06 3.342348e-08
Algorithm converged after  8  iterations.
[1] 6.271409e-07 1.489356e-08
Algorithm converged after  8  iterations.
[1] 3.141230e-07 6.101241e-09
Algorithm converged after  8  iterations.
[1] 1.473048e-07 2.270427e-09
Algorithm converged after  8  iterations.
[1] 6.399996e-08 7.563684e-10
Algorithm converged after  8  iterations.
[1] 2.543585e-08 2.215766e-10
Algorithm converged after  7  iterations.
[1] 9.102788e-09 5.582790e-11
Algorithm converged after  7  iterations.
[1] 2.876178e-09 1.176679e-11
Algorithm converged after  7  iterations.
[1] 7.826126e-10 2.002862e-12
Algorithm converged after  7  iterations.
[1] 1.776060e-10 2.631188e-13
Algorithm converged after  7  iterations.
[1] 3.223771e-11 2.514278e-14
Algorithm converged after  7  iterations.
[1] 4.426185e-12 1.614731e-15
Algorithm converged after  7  iterations.
[1] 4.260028e-13 6.257214e-17
Algorithm converged after  7  iterations.
[1] 2.583847e-14 1.258049e-18
Algorithm converged after  7  iterations.
[1] 8.468524e-16 1.055263e-20
Algorithm converged after  6  iterations.
[1] 1.190907e-17 2.662883e-23
Algorithm converged after  6  iterations.
[1] 5.001658e-20 1.209292e-26
Algorithm converged after  6  iterations.
[1] 3.429915e-23 4.198095e-31
Algorithm converged after  6  iterations.
[1] 1.295465e-27 2.386122e-37
Algorithm converged after  6  iterations.
[1] 3.067010e-34 1.019034e-46
Algorithm converged after  6  iterations.
[1] 2.858015e-45 2.467702e-62
Algorithm converged after  5  iterations.
[1] 2.597583e-67 1.459287e-93
Algorithm converged after  5  iterations.
[1] 2.156626e-133 3.143297e-187
Algorithm converged after  5  iterations.
[1] 0.1597374
Algorithm converged after  2  iterations.
[1] 0.003682436 0.000789521
Algorithm converged after  2  iterations.
[1] 0.0031530571 0.0006280462
Algorithm converged after  2  iterations.
[1] 0.0026854872 0.0004961862
Algorithm converged after  2  iterations.
[1] 0.0022741982 0.0003898409
Algorithm converged after  2  iterations.
[1] 0.0019140910 0.0003053227
Algorithm converged after  2  iterations.
[1] 0.0016004216 0.0002396444
Algorithm converged after  2  iterations.
[1] 0.001328751 0.000191889
Algorithm converged after  2  iterations.
[1] 0.0010949144 0.0001626598
Algorithm converged after  2  iterations.
[1] 0.0008949957 0.0001415188
Algorithm converged after  2  iterations.
[1] 0.0007253184 0.0001238911
Algorithm converged after  2  iterations.
[1] 0.0005824369 0.0001082708
Algorithm converged after  2  iterations.
[1] 4.631334e-04 9.395915e-05
Algorithm converged after  2  iterations.
[1] 3.644178e-04 8.062683e-05
Algorithm converged after  2  iterations.
[1] 2.835292e-04 6.816133e-05
Algorithm converged after  2  iterations.
[1] 2.179371e-04 5.658658e-05
Algorithm converged after  2  iterations.
[1] 1.653424e-04 4.600283e-05
Algorithm converged after  2  iterations.
[1] 0.0001236764 0.0000365339
Algorithm converged after  2  iterations.
[1] 9.109691e-05 2.828323e-05
Algorithm converged after  2  iterations.
[1] 6.598188e-05 2.130369e-05
Algorithm converged after  2  iterations.
[1] 4.691937e-05 1.558392e-05
Algorithm converged after  2  iterations.
[1] 3.269548e-05 1.105016e-05
Algorithm converged after  2  iterations.
[1] 2.228005e-05 7.579099e-06
Algorithm converged after  2  iterations.
[1] 1.481108e-05 5.016140e-06
Algorithm converged after  2  iterations.
[1] 9.578311e-06 3.194340e-06
Algorithm converged after  2  iterations.
[1] 6.006527e-06 1.950603e-06
Algorithm converged after  2  iterations.
[1] 3.638864e-06 1.137520e-06
Algorithm converged after  2  iterations.
[1] 2.120414e-06 6.304170e-07
Algorithm converged after  2  iterations.
[1] 1.182397e-06 3.300876e-07
Algorithm converged after  2  iterations.
[1] 6.271409e-07 1.621455e-07
Algorithm converged after  2  iterations.
[1] 3.141230e-07 7.409171e-08
Algorithm converged after  2  iterations.
[1] 1.473048e-07 3.117166e-08
Algorithm converged after  2  iterations.
[1] 6.399996e-08 1.192439e-08
Algorithm converged after  2  iterations.
[1] 2.543585e-08 4.084302e-09
Algorithm converged after  2  iterations.
[1] 9.102788e-09 1.228916e-09
Algorithm converged after  2  iterations.
[1] 2.876178e-09 3.171536e-10
Algorithm converged after  2  iterations.
[1] 7.826126e-10 6.810668e-11
Algorithm converged after  2  iterations.
[1] 1.77606e-10 1.17038e-11
Algorithm converged after  2  iterations.
[1] 3.223771e-11 1.529288e-12
Algorithm converged after  2  iterations.
[1] 4.426185e-12 1.419287e-13
Algorithm converged after  2  iterations.
[1] 4.260028e-13 8.524739e-15
Algorithm converged after  2  iterations.
[1] 2.583847e-14 2.909130e-16
Algorithm converged after  2  iterations.
[1] 8.468524e-16 4.673130e-18
Algorithm converged after  2  iterations.
[1] 1.190907e-17 2.664659e-20
Algorithm converged after  2  iterations.
[1] 5.001658e-20 3.461308e-23
Algorithm converged after  2  iterations.
[1] 3.429915e-23 4.890565e-27
Algorithm converged after  2  iterations.
[1] 1.295465e-27 1.986647e-32
Algorithm converged after  2  iterations.
[1] 3.067010e-34 1.621021e-40
Algorithm converged after  2  iterations.
[1] 2.858015e-45 5.341884e-54
Algorithm converged after  2  iterations.
[1] 2.597583e-67 5.780723e-81
Algorithm converged after  2  iterations.
[1] 2.156626e-133 7.310293e-162
Algorithm converged after  2  iterations.
[1] 0.1474298
Algorithm converged after  2  iterations.
[1] 0.0036824361 0.0004900683 0.0001624360
[1] 0.0035059151 0.0004886780 0.0001739275
Algorithm converged after  12  iterations.
[1] 0.0031530571 0.0003856778 0.0001301211
[1] 0.0030891842 0.0003845350 0.0001338187
Algorithm converged after  11  iterations.
[1] 0.0026854872 0.0003019253 0.0001009207
Algorithm converged after  10  iterations.
[1] 2.274198e-03 2.346962e-04 7.656834e-05
[1] 2.383063e-03 2.382168e-04 7.526658e-05
Algorithm converged after  11  iterations.
[1] 1.914091e-03 1.809153e-04 5.736368e-05
[1] 2.104996e-03 1.866832e-04 5.512363e-05
Algorithm converged after  12  iterations.
[1] 1.600422e-03 1.381766e-04 4.289338e-05
[1] 0.0018798272 0.0001459221 0.0000398115
Algorithm converged after  13  iterations.
[1] 1.328751e-03 1.045204e-04 3.260224e-05
[1] 1.688257e-03 1.137098e-04 2.851769e-05
Algorithm converged after  12  iterations.
[1] 1.094914e-03 7.830904e-05 2.631469e-05
[1] 1.503065e-03 8.935059e-05 2.688334e-05
Algorithm converged after  13  iterations.
[1] 8.949957e-04 5.815384e-05 2.265283e-05
[1] 1.257683e-03 6.806044e-05 2.639464e-05
Algorithm converged after  11  iterations.
[1] 7.253184e-04 4.286554e-05 1.939453e-05
Algorithm converged after  10  iterations.
[1] 5.824369e-04 3.140952e-05 1.584608e-05
Algorithm converged after  10  iterations.
[1] 4.631334e-04 2.288377e-05 1.215888e-05
Algorithm converged after  10  iterations.
[1] 3.644178e-04 1.654597e-05 8.819928e-06
Algorithm converged after  10  iterations.
[1] 2.835292e-04 1.183504e-05 6.120804e-06
Algorithm converged after  10  iterations.
[1] 2.179371e-04 8.344637e-06 4.096103e-06
Algorithm converged after  9  iterations.
[1] 1.653424e-04 5.779146e-06 2.653582e-06
Algorithm converged after  9  iterations.
[1] 1.236764e-04 3.917928e-06 1.666318e-06
Algorithm converged after  9  iterations.
[1] 9.109691e-05 2.591557e-06 1.013977e-06
Algorithm converged after  9  iterations.
[1] 6.598188e-05 1.667180e-06 5.971280e-07
Algorithm converged after  9  iterations.
[1] 4.691937e-05 1.039725e-06 3.395883e-07
Algorithm converged after  9  iterations.
[1] 3.269548e-05 6.264807e-07 1.859782e-07
Algorithm converged after  8  iterations.
[1] 2.228005e-05 3.633973e-07 9.774363e-08
Algorithm converged after  8  iterations.
[1] 1.481108e-05 2.021205e-07 4.909440e-08
Algorithm converged after  8  iterations.
[1] 9.578311e-06 1.073119e-07 2.345164e-08
Algorithm converged after  8  iterations.
[1] 6.006527e-06 5.410963e-08 1.059330e-08
Algorithm converged after  8  iterations.
[1] 3.638864e-06 2.575913e-08 4.494751e-09
Algorithm converged after  8  iterations.
[1] 2.120414e-06 1.149850e-08 1.777445e-09
Algorithm converged after  7  iterations.
[1] 1.182397e-06 4.774377e-09 6.490868e-10
Algorithm converged after  7  iterations.
[1] 6.271409e-07 1.826589e-09 2.165175e-10
Algorithm converged after  7  iterations.
[1] 3.141230e-07 6.366715e-10 6.512247e-11
Algorithm converged after  7  iterations.
[1] 1.473048e-07 1.994651e-10 1.738813e-11
Algorithm converged after  7  iterations.
[1] 6.399996e-08 5.525723e-11 4.044586e-12
Algorithm converged after  6  iterations.
[1] 2.543585e-08 1.326783e-11 8.009246e-13
Algorithm converged after  6  iterations.
[1] 9.102788e-09 2.693880e-12 1.312367e-13
Algorithm converged after  6  iterations.
[1] 2.876178e-09 4.484640e-13 1.717236e-14
Algorithm converged after  6  iterations.
[1] 7.826126e-10 5.886853e-14 1.715420e-15
Algorithm converged after  6  iterations.
[1] 1.776060e-10 5.794805e-15 1.234672e-16
Algorithm converged after  5  iterations.
[1] 3.223771e-11 4.005766e-16 5.936397e-18
Algorithm converged after  5  iterations.
[1] 4.426185e-12 1.781647e-17 1.723822e-19
Algorithm converged after  5  iterations.
[1] 4.260028e-13 4.525211e-19 2.634792e-21
Algorithm converged after  5  iterations.
[1] 2.583847e-14 5.554282e-21 1.748619e-23
Algorithm converged after  4  iterations.
[1] 8.468524e-16 2.588724e-23 3.815983e-26
Algorithm converged after  5  iterations.
[1] 1.190907e-17 3.191606e-26 1.804640e-29
Algorithm converged after  5  iterations.
[1] 5.001658e-20 5.898829e-30 9.604885e-34
Algorithm converged after  5  iterations.
[1] 3.429915e-23 6.345184e-35 1.930504e-39
Algorithm converged after  5  iterations.
[1] 1.295465e-27 7.238651e-42 2.052681e-47
Algorithm converged after  5  iterations.
[1] 3.067010e-34 2.911404e-52 2.266125e-59
Algorithm converged after  5  iterations.
[1] 2.858015e-45 1.470164e-69 2.699444e-79
Algorithm converged after  5  iterations.
[1]  2.597583e-67 4.231738e-104 3.896278e-119
Algorithm converged after  5  iterations.
[1] 2.156626e-133 1.363797e-207 1.218443e-238
Algorithm converged after  6  iterations.
[1] 0.1621701
Algorithm converged after  2  iterations.
[1] 0.0036824361 0.0004342379 0.0000915242
Algorithm converged after  9  iterations.
[1] 3.153057e-03 3.314110e-04 7.356124e-05
Algorithm converged after  9  iterations.
[1] 2.685487e-03 2.513004e-04 6.065607e-05
[1] 2.746300e-03 2.530322e-04 6.255927e-05
Algorithm converged after  11  iterations.
[1] 2.274198e-03 1.894815e-04 5.252855e-05
[1] 2.450481e-03 1.921911e-04 5.510113e-05
Algorithm converged after  15  iterations.
[1] 1.914091e-03 1.423652e-04 4.866332e-05
[1] 2.216216e-03 1.477006e-04 5.574016e-05
Algorithm converged after  16  iterations.
[1] 1.600422e-03 1.072842e-04 4.992094e-05
[1] 1.999650e-03 1.137065e-04 5.946342e-05
Algorithm converged after  13  iterations.
[1] 1.328751e-03 8.421627e-05 5.406865e-05
[1] 1.764386e-03 8.950790e-05 5.507695e-05
Algorithm converged after  14  iterations.
[1] 1.094914e-03 6.871396e-05 4.019084e-05
[1] 1.480542e-03 7.333562e-05 4.212261e-05
Algorithm converged after  13  iterations.
[1] 8.949957e-04 5.645335e-05 2.851548e-05
[1] 1.216266e-03 6.084930e-05 3.029687e-05
Algorithm converged after  14  iterations.
[1] 7.253184e-04 4.635464e-05 1.974116e-05
[1] 9.836928e-04 5.042878e-05 2.115114e-05
Algorithm converged after  16  iterations.
[1] 5.824369e-04 3.787726e-05 1.338746e-05
[1] 7.819757e-04 4.146578e-05 1.445267e-05
Algorithm converged after  17  iterations.
[1] 4.631334e-04 3.069136e-05 8.901494e-06
[1] 6.099189e-04 3.372636e-05 9.695484e-06
Algorithm converged after  16  iterations.
[1] 3.644178e-04 2.457959e-05 5.804839e-06
[1] 4.697518e-04 2.711480e-05 6.389641e-06
Algorithm converged after  14  iterations.
[1] 2.835292e-04 1.939319e-05 3.714848e-06
[1] 3.604792e-04 2.150220e-05 4.134816e-06
Algorithm converged after  12  iterations.
[1] 2.179371e-04 1.502641e-05 2.336244e-06
Algorithm converged after  10  iterations.
[1] 1.653424e-04 1.139838e-05 1.445441e-06
Algorithm converged after  9  iterations.
[1] 1.236764e-04 8.439507e-06 8.790687e-07
Algorithm converged after  8  iterations.
[1] 9.109691e-05 6.081857e-06 5.242302e-07
Algorithm converged after  8  iterations.
[1] 6.598188e-05 4.253991e-06 3.055932e-07
Algorithm converged after  7  iterations.
[1] 4.691937e-05 2.880018e-06 1.735418e-07
[1] 5.980800e-05 3.242936e-06 1.607689e-07
Algorithm converged after  17  iterations.
[1] 3.269548e-05 1.881840e-06 9.565518e-08
[1] 4.283109e-05 2.092451e-06 1.073370e-07
[1] 4.095603e-05 2.080906e-06 2.393160e-13
[1] 4.514072e-05 2.185723e-06 9.455769e-08
Algorithm converged after  34  iterations.
[1] 2.228005e-05 1.183068e-06 3.231962e-08
[1] 3.224306e-05 1.360823e-06 3.447744e-08
Algorithm converged after  15  iterations.
[1] 1.481108e-05 7.131351e-07 1.518016e-08
[1] 2.162323e-05 8.162362e-07 1.620546e-08
Algorithm converged after  11  iterations.
[1] 9.578311e-06 4.105384e-07 6.756900e-09
Algorithm converged after  9  iterations.
[1] 6.006527e-06 2.246824e-07 2.835463e-09
[1] 9.789490e-06 2.693069e-07 2.989808e-09
Algorithm converged after  12  iterations.
[1] 3.638864e-06 1.162775e-07 1.114504e-09
Algorithm converged after  9  iterations.
[1] 2.120414e-06 5.654568e-08 4.071535e-10
[1] 3.468329e-06 6.609108e-08 4.406030e-10
Algorithm converged after  15  iterations.
[1] 1.182397e-06 2.564746e-08 1.369811e-10
Algorithm converged after  7  iterations.
[1] 6.271409e-07 1.075419e-08 4.197708e-11
Algorithm converged after  8  iterations.
[1] 3.141230e-07 4.124640e-09 1.156268e-11
Algorithm converged after  10  iterations.
[1] 1.473048e-07 1.428591e-09 2.714861e-20
Algorithm converged after  9  iterations.
[1] 6.399996e-08 4.399348e-10 5.955199e-13
[1] 1.003987e-07 4.867394e-10 6.434045e-13
Algorithm converged after  13  iterations.
[1] 2.543585e-08 1.181815e-10 1.066288e-13
Algorithm converged after  9  iterations.
[1] 9.102788e-09 2.704885e-11 1.570302e-14
Algorithm converged after  7  iterations.
[1] 2.876178e-09 5.121131e-12 1.833329e-15
Algorithm converged after  7  iterations.
[1] 7.826126e-10 7.725897e-13 1.417606e-16
[1] 1.170555e-09 8.277222e-13 1.713450e-16
Algorithm converged after  19  iterations.
[1] 1.776060e-10 8.850988e-14 8.689986e-18
[1] 2.687149e-10 9.462907e-14 1.204817e-29
[1] 2.770746e-10 9.498052e-14 1.992805e-33
Algorithm converged after  27  iterations.
[1] 3.223771e-11 7.230148e-15 5.038285e-36
Algorithm converged after  8  iterations.
[1] 4.426185e-12 3.872128e-16 7.580881e-20
[1] 6.614717e-12 4.093131e-16 3.212113e-41
[1] 6.607484e-12 4.092727e-16 4.270590e-32
Algorithm converged after  27  iterations.
[1] 4.260028e-13 1.212462e-17 1.383608e-20
[1] 5.942621e-13 1.263644e-17 1.699654e-23
[1] 6.516696e-13 1.280596e-17 1.087305e-22
Algorithm converged after  24  iterations.
[1] 2.583847e-14 1.890981e-19 1.510698e-25
[1] 2.867713e-14 1.912594e-19 9.048884e-34
[1] 3.695303e-14 1.970977e-19 8.709274e-34
[1] 3.507667e-14 1.958977e-19 7.405106e-25
[1] 3.498213e-14 1.957931e-19 5.281748e-25
[1] 3.198096e-14 1.938405e-19 5.286558e-25
[1] 3.471198e-14 1.956812e-19 1.426362e-25
[1] 3.539479e-14 1.961517e-19 5.288589e-25
[1] 3.685403e-14 1.971262e-19 5.671603e-25
[1] 2.851920e-14 1.913443e-19 1.483472e-25
[1] 3.518151e-14 1.960838e-19 6.786202e-53
[1] 3.588527e-14 1.965591e-19 7.374699e-25
[1] 3.905014e-14 1.986986e-19 3.812299e-43
[1] 3.724249e-14 1.975567e-19 1.319962e-34
[1] 3.713054e-14 1.975010e-19 8.748577e-34
[1] 3.496614e-14 1.960175e-19 5.272846e-25
[1] 3.519534e-14 1.962815e-19 6.953387e-47
[1] 3.172168e-14 1.938296e-19 5.186116e-25
[1] 3.498159e-14 1.961330e-19 1.429588e-25
[1] 3.933575e-14 1.991122e-19 7.514188e-25
Algorithm did not converge after  200  iterations.
[1] 8.468524e-16 1.165365e-21 7.846487e-28
[1] 1.266318e-15 1.216122e-21 2.337248e-47
[1] 1.180726e-15 1.206810e-21 1.843932e-28
[1] 1.033597e-15 1.190076e-21 8.291948e-28
[1] 1.139633e-15 1.202687e-21 1.313512e-52
[1] 1.067745e-15 1.194285e-21 8.281041e-28
[1] 1.142294e-15 1.203097e-21 8.386748e-28
[1] 1.150081e-15 1.203835e-21 1.395803e-42
[1] 1.141442e-15 1.203307e-21 8.369465e-28
[1] 1.057286e-15 1.193527e-21 7.751572e-59
[1] 1.111279e-15 1.199501e-21 1.922687e-28
[1] 9.232881e-16 1.176827e-21 1.475639e-42
[1] 1.057570e-15 1.193958e-21 1.619427e-42
[1] 1.278398e-15 1.219327e-21 1.270026e-27
[1] 1.139403e-15 1.203819e-21 2.005352e-41
[1] 9.233737e-16 1.177271e-21 7.515289e-32
[1] 1.165537e-15 1.206676e-21 3.211531e-26
[1] 1.055876e-15 1.194380e-21 8.293952e-28
[1] 1.053726e-15 1.194183e-21 1.862586e-28
[1] 1.053602e-15 1.194268e-21 1.926091e-28
Algorithm did not converge after  200  iterations.
[1] 1.190907e-17 2.005372e-24 1.276615e-59
[1] 1.595718e-17 2.060666e-24 1.950493e-54
[1] 1.615160e-17 2.063414e-24 2.781357e-49
[1] 1.572762e-17 2.058053e-24 9.056670e-49
[1] 1.580446e-17 2.059197e-24 2.533308e-48
[1] 1.463121e-17 2.044032e-24 8.812119e-48
[1] 1.469744e-17 2.045540e-24 7.645316e-47
[1] 1.579002e-17 2.059585e-24 1.918634e-59
[1] 1.617987e-17 2.064572e-24 2.118480e-65
[1] 1.779514e-17 2.085142e-24 7.284564e-47
[1] 1.577973e-17 2.059624e-24 7.913802e-46
[1] 1.636634e-17 2.067374e-24 4.807113e-49
[1] 1.486948e-17 2.047918e-24 1.006668e-49
[1] 1.565269e-17 2.058489e-24 9.575103e-56
[1] 1.533021e-17 2.054294e-24 1.133580e-49
[1] 1.652638e-17 2.069891e-24 2.300645e-48
[1] 1.657060e-17 2.070508e-24 1.098220e-47
[1] 1.567937e-17 2.059279e-24 2.592323e-31
[1] 1.563542e-17 2.059044e-24 2.535646e-48
[1] 1.475878e-17 2.047985e-24 7.446343e-47
Algorithm did not converge after  200  iterations.
[1] 5.001658e-20 5.584114e-28 2.598335e-55
[1] 6.096257e-20 5.675980e-28 1.967992e-33
[1] 6.246682e-20 5.688190e-28 8.289327e-36
[1] 6.142732e-20 5.680336e-28 4.264473e-38
[1] 6.231913e-20 5.687598e-28 8.286496e-36
[1] 6.677193e-20 5.721493e-28 8.258708e-36
[1] 6.535369e-20 5.710756e-28 1.955393e-33
[1] 6.153835e-20 5.682071e-28 8.257596e-36
[1] 6.006206e-20 5.670958e-28 4.800057e-74
[1] 6.617963e-20 5.718301e-28 4.256446e-38
[1] 6.125231e-20 5.681067e-28 1.541445e-45
[1] 6.510624e-20 5.710501e-28 2.073163e-55
[1] 6.241269e-20 5.691096e-28 4.370826e-38
[1] 6.002436e-20 5.672498e-28 4.089310e-58
[1] 6.122855e-20 5.682491e-28 1.054656e-36
[1] 5.990438e-20 5.672147e-28 4.339207e-38
[1] 6.472794e-20 5.709403e-28 1.062036e-36
[1] 6.251760e-20 5.693442e-28 8.914717e-59
[1] 6.797286e-20 5.734670e-28 1.056536e-53
[1] 6.617320e-20 5.721626e-28 6.527245e-56
Algorithm did not converge after  200  iterations.
[1] 3.429915e-23 1.013718e-32 1.650683e-44
[1] 4.482153e-23 1.033836e-32 1.153446e-44
[1] 4.473712e-23 1.033739e-32 1.153327e-44
[1] 4.438246e-23 1.033124e-32 1.153483e-44
[1] 4.458222e-23 1.033589e-32 1.553057e-52
[1] 4.473651e-23 1.033805e-32 1.153302e-44
[1] 4.458254e-23 1.033634e-32 8.277272e-49
[1] 4.283505e-23 1.030472e-32 1.310319e-58
[1] 4.330243e-23 1.031372e-32 8.151013e-39
[1] 4.283579e-23 1.030542e-32 7.094221e-43
[1] 4.474017e-23 1.033973e-32 1.153320e-44
[1] 4.475256e-23 1.034030e-32 1.153222e-44
[1] 4.437279e-23 1.033385e-32 1.153424e-44
[1] 4.331105e-23 1.031561e-32 6.100054e-57
[1] 4.189462e-23 1.028993e-32 8.505882e-49
[1] 4.482314e-23 1.034265e-32 1.153445e-44
[1] 4.329391e-23 1.031618e-32 2.019860e-41
[1] 4.499872e-23 1.034642e-32 1.153342e-44
[1] 4.092206e-23 1.027312e-32 1.011267e-66
[1] 4.116806e-23 1.027816e-32 1.533857e-62
Algorithm did not converge after  200  iterations.
[1] 1.295465e-27 2.336205e-39 3.154702e-51
Algorithm converged after  7  iterations.
[1] 3.067010e-34 2.592905e-49 2.017614e-91
Algorithm converged after  6  iterations.
[1] 2.858015e-45 6.707965e-66 2.051584e-73
Algorithm converged after  5  iterations.
[1]  2.597583e-67  4.596064e-99 1.149130e-109
Algorithm converged after  5  iterations.
[1] 2.156626e-133 1.590628e-198 2.254806e-218
Algorithm converged after  4  iterations.
[1] 0.1587536
Algorithm converged after  2  iterations.
[1] 0.0036824361 0.0004014464 0.0001030992
[1] 0.0047862515 0.0004698856 0.0001160003
Algorithm converged after  16  iterations.
[1] 3.153057e-03 3.145045e-04 8.248564e-05
[1] 4.167585e-03 3.707867e-04 9.101658e-05
Algorithm converged after  16  iterations.
[1] 2.685487e-03 2.443200e-04 6.519257e-05
[1] 3.623435e-03 2.910491e-04 7.083612e-05
Algorithm converged after  15  iterations.
[1] 2.274198e-03 1.881405e-04 5.107046e-05
[1] 3.142866e-03 2.268359e-04 5.463902e-05
Algorithm converged after  15  iterations.
[1] 1.914091e-03 1.436065e-04 3.987802e-05
[1] 2.717423e-03 1.752447e-04 4.173742e-05
Algorithm converged after  15  iterations.
[1] 1.600422e-03 1.086939e-04 3.135575e-05
[1] 0.0023417856 0.0001340759 0.0000315215
[1] 2.341795e-03 1.340813e-04 3.151645e-05
Algorithm converged after  23  iterations.
[1] 1.328751e-03 8.167339e-05 2.537202e-05
[1] 2.047640e-03 1.024024e-04 2.431232e-05
[1] 2.062134e-03 1.030005e-04 2.373826e-05
[1] 2.069691e-03 1.033452e-04 2.338703e-05
[1] 2.073762e-03 1.035563e-04 2.315507e-05
[1] 2.075960e-03 1.036905e-04 2.299588e-05
[1] 2.077125e-03 1.037783e-04 2.288378e-05
[1] 2.077714e-03 1.038369e-04 2.280336e-05
[1] 2.077988e-03 1.038769e-04 2.274497e-05
[1] 0.0020780912 0.0001039047 0.0000227018
[1] 2.078104e-03 1.039244e-04 2.266954e-05
[1] 2.078073e-03 1.039385e-04 2.264522e-05
[1] 2.078024e-03 1.039488e-04 2.262675e-05
[1] 2.077971e-03 1.039564e-04 2.261263e-05
[1] 0.0020779199 0.0001039621 0.0000226018
[1] 2.077874e-03 1.039663e-04 2.259345e-05
[1] 2.077835e-03 1.039696e-04 2.258699e-05
[1] 2.077803e-03 1.039720e-04 2.258199e-05
[1] 0.0020777758 0.0001039739 0.0000225781
[1] 2.077754e-03 1.039753e-04 2.257508e-05
Algorithm did not converge after  200  iterations.
[1] 1.094914e-03 6.108980e-05 2.226981e-05
[1] 1.748755e-03 7.726993e-05 1.815694e-05
[1] 1.767249e-03 7.777688e-05 1.972475e-05
[1] 1.773301e-03 7.804444e-05 1.843351e-05
[1] 1.773085e-03 7.814385e-05 1.785579e-05
[1] 1.782431e-03 7.836934e-05 1.796673e-05
[1] 1.781334e-03 7.838072e-05 1.750972e-05
[1] 1.784442e-03 7.843727e-05 1.746140e-05
[1] 1.785352e-03 7.844437e-05 1.734148e-05
[1] 1.785984e-03 7.843787e-05 1.725321e-05
[1] 1.786303e-03 7.842070e-05 1.718024e-05
[1] 1.786408e-03 7.839673e-05 1.711883e-05
[1] 1.786359e-03 7.836838e-05 1.706622e-05
[1] 1.786200e-03 7.833732e-05 1.702041e-05
[1] 1.785959e-03 7.830467e-05 1.697997e-05
[1] 1.785658e-03 7.827120e-05 1.694384e-05
[1] 1.785311e-03 7.823748e-05 1.691120e-05
[1] 1.784931e-03 7.820390e-05 1.688144e-05
[1] 1.784526e-03 7.817073e-05 1.685408e-05
[1] 1.784104e-03 7.813818e-05 1.682872e-05
Algorithm did not converge after  200  iterations.
[1] 8.949957e-04 4.576643e-05 2.141771e-05
[1] 1.335518e-03 5.567177e-05 2.087903e-05
Algorithm converged after  16  iterations.
[1] 7.253184e-04 3.481328e-05 1.993598e-05
[1] 1.067897e-03 4.280376e-05 2.449362e-05
Algorithm converged after  14  iterations.
[1] 5.824369e-04 2.724238e-05 1.599046e-05
[1] 8.424850e-04 3.478623e-05 1.984194e-05
Algorithm converged after  14  iterations.
[1] 4.631334e-04 2.176220e-05 1.163368e-05
[1] 6.564588e-04 2.861327e-05 1.399005e-05
Algorithm converged after  14  iterations.
[1] 3.644178e-04 1.751901e-05 8.096394e-06
[1] 5.057574e-04 2.334069e-05 9.476506e-06
Algorithm converged after  14  iterations.
[1] 2.835292e-04 1.407439e-05 5.475276e-06
[1] 3.854468e-04 1.877654e-05 6.266551e-06
Algorithm converged after  14  iterations.
[1] 2.179371e-04 1.119876e-05 3.614963e-06
[1] 2.906480e-04 1.484666e-05 4.060118e-06
Algorithm converged after  14  iterations.
[1] 1.653424e-04 8.771120e-06 2.332840e-06
[1] 2.168403e-04 1.150644e-05 2.578633e-06
Algorithm converged after  13  iterations.
[1] 1.236764e-04 6.727994e-06 1.470869e-06
[1] 1.599961e-04 8.717990e-06 1.603951e-06
Algorithm converged after  13  iterations.
[1] 9.109691e-05 5.033193e-06 9.049104e-07
[1] 1.166499e-04 6.440660e-06 9.753825e-07
Algorithm converged after  12  iterations.
[1] 6.598188e-05 3.659311e-06 5.421659e-07
[1] 8.391350e-05 4.627398e-06 5.784932e-07
Algorithm converged after  11  iterations.
[1] 4.691937e-05 2.577557e-06 3.155510e-07
[1] 5.944282e-05 3.224390e-06 3.336597e-07
Algorithm converged after  11  iterations.
[1] 3.269548e-05 1.753912e-06 1.778736e-07
Algorithm converged after  10  iterations.
[1] 2.228005e-05 1.149530e-06 9.676726e-08
Algorithm converged after  10  iterations.
[1] 1.481108e-05 7.233822e-07 5.060014e-08
Algorithm converged after  9  iterations.
[1] 9.578311e-06 4.355075e-07 2.531311e-08
Algorithm converged after  9  iterations.
[1] 6.006527e-06 2.498054e-07 1.204940e-08
Algorithm converged after  9  iterations.
[1] 3.638864e-06 1.358525e-07 5.423789e-09
Algorithm converged after  9  iterations.
[1] 2.120414e-06 6.964364e-08 9.098027e-14
Algorithm converged after  9  iterations.
[1] 1.182397e-06 3.342348e-08 9.016010e-10
Algorithm converged after  9  iterations.
[1] 6.271409e-07 1.489356e-08 3.268746e-10
Algorithm converged after  8  iterations.
[1] 3.141230e-07 6.101241e-09 1.195343e-16
[1] 4.192983e-07 7.202904e-09 1.002236e-10
[1] 3.683523e-07 6.606943e-09 1.077034e-10
Algorithm converged after  28  iterations.
[1] 1.473048e-07 2.270427e-09 3.200671e-11
[1] 2.096582e-07 2.731627e-09 2.131145e-17
[1] 2.171042e-07 2.777956e-09 4.047282e-24
[1] 1.966004e-07 2.665607e-09 2.951924e-11
[1] 1.973900e-07 2.671869e-09 2.959962e-11
[1] 1.952408e-07 2.658253e-09 4.031872e-17
[1] 2.040939e-07 2.697391e-09 1.117235e-17
[1] 2.025771e-07 2.691102e-09 2.557060e-19
[1] 2.136969e-07 2.768261e-09 4.884945e-17
Algorithm converged after  89  iterations.
[1] 6.399996e-08 7.563684e-10 5.179710e-18
[1] 8.596563e-08 8.794677e-10 2.519062e-18
[1] 8.541138e-08 8.770861e-10 7.837407e-12
[1] 8.505099e-08 8.765197e-10 7.804846e-12
Algorithm converged after  32  iterations.
[1] 2.543585e-08 2.215766e-10 1.896050e-12
Algorithm converged after  8  iterations.
[1] 9.102788e-09 5.582790e-11 3.615309e-13
Algorithm converged after  8  iterations.
[1] 2.876178e-09 1.176679e-11 5.624473e-14
[1] 3.820368e-09 1.326644e-11 5.135485e-14
[1] 3.839048e-09 1.330095e-11 1.944758e-20
[1] 3.996099e-09 1.349707e-11 5.014214e-14
[1] 3.883457e-09 1.341528e-11 4.870461e-14
Algorithm converged after  45  iterations.
[1] 7.826126e-10 2.002862e-12 2.984420e-21
Algorithm converged after  9  iterations.
[1] 1.776060e-10 2.631188e-13 1.300588e-24
[1] 2.728458e-10 3.080238e-13 2.416954e-16
[1] 2.683511e-10 3.067745e-13 2.396526e-16
[1] 2.689806e-10 3.070891e-13 2.424715e-16
[1] 2.666268e-10 3.056010e-13 3.622391e-20
[1] 2.317341e-10 2.904804e-13 5.936500e-16
Algorithm converged after  56  iterations.
[1] 3.223771e-11 2.514278e-14 1.324356e-17
[1] 4.810880e-11 2.882064e-14 1.348085e-17
[1] 4.637957e-11 2.844052e-14 1.348764e-17
[1] 4.059838e-11 2.715090e-14 1.296193e-31
Algorithm converged after  38  iterations.
