myseed=9287 

Attaching package: ‘pls’

The following object is masked from ‘package:stats’:

    loadings

Loading required package: lattice
Loading required package: ggplot2
Registered S3 methods overwritten by 'ggplot2':
  method         from 
  [.quosures     rlang
  c.quosures     rlang
  print.quosures rlang

Attaching package: ‘caret’

The following object is masked from ‘package:pls’:

    R2

Loading required package: Matrix
Loading required package: foreach
Loaded glmnet 2.0-18

Parsed with column specification:
cols(
  .default = col_double()
)
See spec(...) for full column specifications.
Parsed with column specification:
cols(
  X1 = col_double()
)
Parsed with column specification:
cols(
  X1 = col_double()
)
[1] "Best 2step parameter is:"
   gam  rankJ rankA1 rankA2 rankA3 
 1e+10  2e+00  1e+00  0e+00  0e+00 
[1] 0.003449643
Algorithm converged after  2  iterations.
[1] 0.002958183
Algorithm converged after  2  iterations.
[1] 0.002522694
Algorithm converged after  2  iterations.
[1] 0.002138515
Algorithm converged after  2  iterations.
[1] 0.001801272
Algorithm converged after  2  iterations.
[1] 0.001506835
Algorithm converged after  2  iterations.
[1] 0.001251294
Algorithm converged after  2  iterations.
[1] 0.001030942
Algorithm converged after  2  iterations.
[1] 0.0008422613
Algorithm converged after  2  iterations.
[1] 0.0006819249
Algorithm converged after  2  iterations.
[1] 0.000546791
Algorithm converged after  2  iterations.
[1] 0.0004339063
Algorithm converged after  2  iterations.
[1] 0.000340509
Algorithm converged after  2  iterations.
[1] 0.0002640321
Algorithm converged after  2  iterations.
[1] 0.0002021074
Algorithm converged after  2  iterations.
[1] 0.0001525686
Algorithm converged after  2  iterations.
[1] 0.0001134531
Algorithm converged after  2  iterations.
[1] 8.300174e-05
Algorithm converged after  2  iterations.
[1] 5.965661e-05
Algorithm converged after  2  iterations.
[1] 4.205594e-05
Algorithm converged after  2  iterations.
[1] 2.902623e-05
Algorithm converged after  2  iterations.
[1] 1.957167e-05
Algorithm converged after  2  iterations.
[1] 1.286112e-05
Algorithm converged after  2  iterations.
[1] 8.213338e-06
Algorithm converged after  2  iterations.
[1] 5.080782e-06
Algorithm converged after  2  iterations.
[1] 3.032907e-06
Algorithm converged after  2  iterations.
[1] 1.739293e-06
Algorithm converged after  2  iterations.
[1] 9.532344e-07
Algorithm converged after  2  iterations.
[1] 4.961948e-07
Algorithm converged after  2  iterations.
[1] 2.435173e-07
Algorithm converged after  2  iterations.
[1] 1.116842e-07
Algorithm converged after  2  iterations.
[1] 4.735757e-08
Algorithm converged after  2  iterations.
[1] 1.832494e-08
Algorithm converged after  2  iterations.
[1] 6.367037e-09
Algorithm converged after  2  iterations.
[1] 1.94675e-09
Algorithm converged after  2  iterations.
[1] 5.105807e-10
Algorithm converged after  2  iterations.
[1] 1.111577e-10
Algorithm converged after  2  iterations.
[1] 1.924396e-11
Algorithm converged after  2  iterations.
[1] 2.501977e-12
Algorithm converged after  2  iterations.
[1] 2.259631e-13
Algorithm converged after  2  iterations.
[1] 1.271034e-14
Algorithm converged after  2  iterations.
[1] 3.803611e-16
Algorithm converged after  2  iterations.
[1] 4.780943e-18
Algorithm converged after  2  iterations.
[1] 1.741238e-20
Algorithm converged after  2  iterations.
[1] 9.897803e-24
Algorithm converged after  2  iterations.
[1] 2.884081e-28
Algorithm converged after  2  iterations.
[1] 4.648715e-35
Algorithm converged after  2  iterations.
[1] 2.299615e-46
Algorithm converged after  2  iterations.
[1] 5.971766e-69
Algorithm converged after  2  iterations.
[1] 1.198484e-136
Algorithm converged after  2  iterations.
[1] 0.1699008
Algorithm converged after  2  iterations.
[1] 0.0034496432 0.0005289216
[1] 0.0050056131 0.0006411263
[1] 0.005007535 0.000641094
Algorithm converged after  24  iterations.
[1] 0.0029581830 0.0004070004
[1] 0.0043339557 0.0004876882
[1] 0.0043373125 0.0004876442
Algorithm converged after  26  iterations.
[1] 0.002522694 0.000311036
[1] 0.0037221857 0.0003684656
[1] 0.0037269975 0.0003684188
Algorithm converged after  28  iterations.
[1] 0.0021385154 0.0002356842
[1] 0.0031728053 0.0002762115
[1] 0.0031786074 0.0002761749
Algorithm converged after  29  iterations.
[1] 0.0018012721 0.0001768315
[1] 0.0026845783 0.0002053046
[1] 0.0026900921 0.0002052897
Algorithm converged after  29  iterations.
[1] 0.0015068352 0.0001312195
[1] 0.0022525415 0.0001513143
[1] 0.0022560087 0.0001513181
Algorithm converged after  26  iterations.
[1] 1.251294e-03 9.620912e-05
[1] 0.001869469 0.000110627
[1] 0.0018703624 0.0001106304
Algorithm converged after  21  iterations.
[1] 1.030942e-03 6.963547e-05
[1] 1.529745e-03 8.022341e-05
Algorithm converged after  17  iterations.
[1] 8.422613e-04 4.971571e-05
[1] 1.233047e-03 5.765218e-05
Algorithm converged after  14  iterations.
[1] 6.819249e-04 3.498582e-05
[1] 9.806465e-04 4.101955e-05
Algorithm converged after  13  iterations.
[1] 0.000546791 0.000024253
[1] 7.710436e-04 2.887405e-05
Algorithm converged after  11  iterations.
[1] 4.339063e-04 1.655693e-05
Algorithm converged after  9  iterations.
[1] 3.405090e-04 1.113627e-05
Algorithm converged after  8  iterations.
[1] 2.640321e-04 7.397676e-06
Algorithm converged after  7  iterations.
[1] 2.021074e-04 4.875295e-06
Algorithm converged after  7  iterations.
[1] 1.525686e-04 3.192616e-06
Algorithm converged after  6  iterations.
[1] 1.134531e-04 2.070772e-06
Algorithm converged after  6  iterations.
[1] 8.300174e-05 1.323947e-06
Algorithm converged after  6  iterations.
[1] 5.965661e-05 8.302945e-07
Algorithm converged after  6  iterations.
[1] 4.205594e-05 5.083202e-07
Algorithm converged after  6  iterations.
[1] 2.902623e-05 3.023696e-07
Algorithm converged after  6  iterations.
[1] 1.957167e-05 1.739320e-07
Algorithm converged after  6  iterations.
[1] 1.286112e-05 9.628301e-08
Algorithm converged after  6  iterations.
[1] 8.213338e-06 5.102922e-08
Algorithm converged after  6  iterations.
[1] 5.080782e-06 2.574935e-08
Algorithm converged after  6  iterations.
[1] 3.032907e-06 1.229411e-08
Algorithm converged after  6  iterations.
[1] 1.739293e-06 5.515057e-09
Algorithm converged after  6  iterations.
[1] 9.532344e-07 2.305621e-09
Algorithm converged after  6  iterations.
[1] 4.961948e-07 8.897528e-10
Algorithm converged after  6  iterations.
[1] 2.435173e-07 3.133929e-10
Algorithm converged after  6  iterations.
[1] 1.116842e-07 9.939810e-11
Algorithm converged after  6  iterations.
[1] 4.735757e-08 2.792818e-11
Algorithm converged after  6  iterations.
[1] 1.832494e-08 6.814290e-12
Algorithm converged after  6  iterations.
[1] 6.367037e-09 1.408701e-12
Algorithm converged after  5  iterations.
[1] 1.946750e-09 2.392634e-13
Algorithm converged after  5  iterations.
[1] 5.105807e-10 3.211269e-14
Algorithm converged after  5  iterations.
[1] 1.111577e-10 3.239504e-15
Algorithm converged after  5  iterations.
[1] 1.924396e-11 2.300714e-16
Algorithm converged after  5  iterations.
[1] 2.501977e-12 1.054273e-17
Algorithm converged after  5  iterations.
[1] 2.259631e-13 2.767727e-19
Algorithm converged after  5  iterations.
[1] 1.271034e-14 3.524763e-21
Algorithm converged after  4  iterations.
[1] 3.803611e-16 1.712662e-23
Algorithm converged after  4  iterations.
[1] 4.780943e-18 2.215001e-26
Algorithm converged after  4  iterations.
[1] 1.741238e-20 4.331421e-30
Algorithm converged after  4  iterations.
[1] 9.897803e-24 4.992328e-35
Algorithm converged after  4  iterations.
[1] 2.884081e-28 6.227491e-42
Algorithm converged after  4  iterations.
[1] 4.648715e-35 2.839263e-52
Algorithm converged after  4  iterations.
[1] 2.299615e-46 1.750223e-69
Algorithm converged after  4  iterations.
[1]  5.971766e-69 7.451114e-104
Algorithm converged after  5  iterations.
[1] 1.198484e-136 7.880592e-207
Algorithm converged after  5  iterations.
[1] 0.1644996
Algorithm converged after  2  iterations.
[1] 0.0034496432 0.0004277743
[1] 0.0041530524 0.0006295214
Algorithm converged after  11  iterations.
[1] 0.0029581830 0.0003244358
Algorithm converged after  10  iterations.
[1] 0.0025226941 0.0002447411
Algorithm converged after  10  iterations.
[1] 0.0021385154 0.0001840126
Algorithm converged after  9  iterations.
[1] 0.0018012721 0.0001385202
Algorithm converged after  8  iterations.
[1] 0.0015068352 0.0001055988
Algorithm converged after  8  iterations.
[1] 0.0012512945 0.0000829444
Algorithm converged after  8  iterations.
[1] 1.030942e-03 6.621394e-05
Algorithm converged after  7  iterations.
[1] 8.422613e-04 5.307038e-05
Algorithm converged after  7  iterations.
[1] 6.819249e-04 4.249648e-05
Algorithm converged after  7  iterations.
[1] 0.000546791 0.000033894
Algorithm converged after  7  iterations.
[1] 4.339063e-04 2.685827e-05
Algorithm converged after  7  iterations.
[1] 3.405090e-04 2.109517e-05
Algorithm converged after  7  iterations.
[1] 2.640321e-04 1.638174e-05
Algorithm converged after  7  iterations.
[1] 2.021074e-04 1.254427e-05
Algorithm converged after  7  iterations.
[1] 1.525686e-04 9.444375e-06
Algorithm converged after  7  iterations.
[1] 1.134531e-04 6.969148e-06
Algorithm converged after  7  iterations.
[1] 8.300174e-05 5.023670e-06
Algorithm converged after  7  iterations.
[1] 5.965661e-05 3.525315e-06
Algorithm converged after  7  iterations.
[1] 4.205594e-05 2.399780e-06
Algorithm converged after  7  iterations.
[1] 2.902623e-05 1.578943e-06
Algorithm converged after  7  iterations.
[1] 1.957167e-05 1.000351e-06
Algorithm converged after  7  iterations.
[1] 1.286112e-05 6.078634e-07
Algorithm converged after  7  iterations.
[1] 8.213338e-06 3.527415e-07
Algorithm converged after  7  iterations.
[1] 5.080782e-06 1.945449e-07
Algorithm converged after  7  iterations.
[1] 3.032907e-06 1.014193e-07
Algorithm converged after  7  iterations.
[1] 1.739293e-06 4.966003e-08
Algorithm converged after  7  iterations.
[1] 9.532344e-07 2.266977e-08
Algorithm converged after  7  iterations.
[1] 4.961948e-07 9.563331e-09
Algorithm converged after  7  iterations.
[1] 2.435173e-07 3.689027e-09
Algorithm converged after  7  iterations.
[1] 1.116842e-07 1.284792e-09
Algorithm converged after  7  iterations.
[1] 4.735757e-08 3.977979e-10
Algorithm converged after  6  iterations.
[1] 1.832494e-08 1.074420e-10
Algorithm converged after  6  iterations.
[1] 6.367037e-09 2.472767e-11
Algorithm converged after  6  iterations.
[1] 1.946750e-09 4.709083e-12
Algorithm converged after  6  iterations.
[1] 5.105807e-10 7.149265e-13
Algorithm converged after  6  iterations.
[1] 1.111577e-10 8.248037e-14
Algorithm converged after  6  iterations.
[1] 1.924396e-11 6.791760e-15
Algorithm converged after  6  iterations.
[1] 2.501977e-12 3.671590e-16
Algorithm converged after  6  iterations.
[1] 2.259631e-13 1.162686e-17
Algorithm converged after  6  iterations.
[1] 1.271034e-14 1.838687e-19
Algorithm converged after  6  iterations.
[1] 3.803611e-16 1.153213e-21
Algorithm converged after  6  iterations.
[1] 4.780943e-18 2.030384e-24
Algorithm converged after  5  iterations.
[1] 1.741238e-20 5.830673e-28
Algorithm converged after  5  iterations.
[1] 9.897803e-24 1.105204e-32
Algorithm converged after  5  iterations.
[1] 2.884081e-28 2.714754e-39
Algorithm converged after  5  iterations.
[1] 4.648715e-35 3.333438e-49
Algorithm converged after  5  iterations.
[1] 2.299615e-46 1.030514e-65
Algorithm converged after  5  iterations.
[1] 5.971766e-69 1.029082e-98
Algorithm converged after  4  iterations.
[1] 1.198484e-136 1.172872e-197
Algorithm converged after  4  iterations.
[1] 0.1629746
Algorithm converged after  2  iterations.
[1] 0.0034496432 0.0003393548
[1] 0.0042232655 0.0005300355
Algorithm converged after  20  iterations.
[1] 0.0029581830 0.0002664861
[1] 0.0035310034 0.0004243907
Algorithm converged after  16  iterations.
[1] 0.0025226941 0.0002077161
[1] 0.0029839496 0.0003425725
Algorithm converged after  14  iterations.
[1] 0.0021385154 0.0001606275
[1] 0.0025150179 0.0002764923
Algorithm converged after  12  iterations.
[1] 0.0018012721 0.0001231912
Algorithm converged after  10  iterations.
[1] 1.506835e-03 9.370002e-05
Algorithm converged after  9  iterations.
[1] 1.251294e-03 7.071924e-05
Algorithm converged after  9  iterations.
[1] 1.030942e-03 5.305388e-05
Algorithm converged after  9  iterations.
[1] 8.422613e-04 3.973843e-05
Algorithm converged after  9  iterations.
[1] 6.819249e-04 3.005541e-05
Algorithm converged after  9  iterations.
[1] 5.467910e-04 2.333193e-05
Algorithm converged after  8  iterations.
[1] 4.339063e-04 1.855599e-05
Algorithm converged after  8  iterations.
[1] 3.405090e-04 1.494915e-05
Algorithm converged after  8  iterations.
[1] 2.640321e-04 1.209468e-05
Algorithm converged after  8  iterations.
[1] 2.021074e-04 9.760217e-06
Algorithm converged after  8  iterations.
[1] 1.525686e-04 7.809120e-06
Algorithm converged after  7  iterations.
[1] 1.134531e-04 6.160227e-06
Algorithm converged after  7  iterations.
[1] 8.300174e-05 4.766080e-06
Algorithm converged after  7  iterations.
[1] 5.965661e-05 3.598836e-06
Algorithm converged after  7  iterations.
[1] 4.205594e-05 2.640094e-06
Algorithm converged after  7  iterations.
[1] 2.902623e-05 1.873672e-06
Algorithm converged after  7  iterations.
[1] 1.957167e-05 1.281272e-06
Algorithm converged after  7  iterations.
[1] 1.286112e-05 8.409133e-07
Algorithm converged after  7  iterations.
[1] 8.213338e-06 5.275459e-07
Algorithm converged after  7  iterations.
[1] 5.080782e-06 3.149659e-07
Algorithm converged after  7  iterations.
[1] 3.032907e-06 1.780823e-07
Algorithm converged after  7  iterations.
[1] 1.739293e-06 9.481078e-08
Algorithm converged after  7  iterations.
[1] 9.532344e-07 4.721294e-08
Algorithm converged after  7  iterations.
[1] 4.961948e-07 2.181513e-08
Algorithm converged after  7  iterations.
[1] 2.435173e-07 9.263432e-09
Algorithm converged after  7  iterations.
[1] 1.116842e-07 3.573098e-09
Algorithm converged after  7  iterations.
[1] 4.735757e-08 1.234252e-09
Algorithm converged after  7  iterations.
[1] 1.832494e-08 3.751944e-10
Algorithm converged after  7  iterations.
[1] 6.367037e-09 9.821498e-11
Algorithm converged after  7  iterations.
[1] 1.94675e-09 2.15449e-11
Algorithm converged after  7  iterations.
[1] 5.105807e-10 3.825975e-12
Algorithm converged after  7  iterations.
[1] 1.111577e-10 5.260553e-13
Algorithm converged after  7  iterations.
[1] 1.924396e-11 5.283149e-14
Algorithm converged after  7  iterations.
[1] 2.501977e-12 3.585429e-15
Algorithm converged after  7  iterations.
[1] 2.259631e-13 1.478717e-16
Algorithm converged after  6  iterations.
[1] 1.271034e-14 3.194342e-18
Algorithm converged after  6  iterations.
[1] 3.803611e-16 2.916048e-20
Algorithm converged after  6  iterations.
[1] 4.780943e-18 8.152142e-23
Algorithm converged after  6  iterations.
[1] 1.741238e-20 4.207858e-26
Algorithm converged after  6  iterations.
[1] 9.897803e-24 1.725646e-30
Algorithm converged after  6  iterations.
[1] 2.884081e-28 1.232661e-36
Algorithm converged after  6  iterations.
[1] 4.648715e-35 7.373977e-46
Algorithm converged after  5  iterations.
[1] 2.299615e-46 3.107936e-61
Algorithm converged after  5  iterations.
[1] 5.971766e-69 5.506690e-92
Algorithm converged after  5  iterations.
[1] 1.198484e-136 3.126726e-184
Algorithm converged after  5  iterations.
[1] 0.1593583
Algorithm converged after  2  iterations.
[1] 0.003449643 0.000597488
Algorithm converged after  2  iterations.
[1] 0.0029581830 0.0004742238
Algorithm converged after  2  iterations.
[1] 0.0025226941 0.0003742715
Algorithm converged after  2  iterations.
[1] 0.0021385154 0.0002939647
Algorithm converged after  2  iterations.
[1] 0.0018012721 0.0002301326
Algorithm converged after  2  iterations.
[1] 0.0015068352 0.0001801364
Algorithm converged after  2  iterations.
[1] 0.0012512945 0.0001420574
Algorithm converged after  2  iterations.
[1] 0.0010309418 0.0001153448
Algorithm converged after  2  iterations.
[1] 8.422613e-04 9.747261e-05
Algorithm converged after  2  iterations.
[1] 6.819249e-04 8.385186e-05
Algorithm converged after  2  iterations.
[1] 5.467910e-04 7.258934e-05
Algorithm converged after  2  iterations.
[1] 0.0004339063 0.0000628485
Algorithm converged after  2  iterations.
[1] 3.405090e-04 5.417756e-05
Algorithm converged after  2  iterations.
[1] 2.640321e-04 4.631699e-05
Algorithm converged after  2  iterations.
[1] 2.021074e-04 3.912432e-05
Algorithm converged after  2  iterations.
[1] 1.525686e-04 3.253662e-05
Algorithm converged after  2  iterations.
[1] 1.134531e-04 2.654567e-05
Algorithm converged after  2  iterations.
[1] 8.300174e-05 2.117616e-05
Algorithm converged after  2  iterations.
[1] 5.965661e-05 1.646455e-05
Algorithm converged after  2  iterations.
[1] 4.205594e-05 1.243951e-05
Algorithm converged after  2  iterations.
[1] 2.902623e-05 9.107030e-06
Algorithm converged after  2  iterations.
[1] 1.957167e-05 6.442707e-06
Algorithm converged after  2  iterations.
[1] 1.286112e-05 4.391843e-06
Algorithm converged after  2  iterations.
[1] 8.213338e-06 2.875983e-06
Algorithm converged after  2  iterations.
[1] 5.080782e-06 1.802991e-06
Algorithm converged after  2  iterations.
[1] 3.032907e-06 1.077791e-06
Algorithm converged after  2  iterations.
[1] 1.739293e-06 6.114446e-07
Algorithm converged after  2  iterations.
[1] 9.532344e-07 3.273457e-07
Algorithm converged after  2  iterations.
[1] 4.961948e-07 1.642580e-07
Algorithm converged after  2  iterations.
[1] 2.435173e-07 7.661943e-08
Algorithm converged after  2  iterations.
[1] 1.116842e-07 3.289212e-08
Algorithm converged after  2  iterations.
[1] 4.735757e-08 1.283694e-08
Algorithm converged after  2  iterations.
[1] 1.832494e-08 4.486302e-09
Algorithm converged after  2  iterations.
[1] 6.367037e-09 1.377913e-09
Algorithm converged after  2  iterations.
[1] 1.946750e-09 3.632692e-10
Algorithm converged after  2  iterations.
[1] 5.105807e-10 7.978231e-11
Algorithm converged after  2  iterations.
[1] 1.111577e-10 1.404437e-11
Algorithm converged after  2  iterations.
[1] 1.924396e-11 1.883966e-12
Algorithm converged after  2  iterations.
[1] 2.501977e-12 1.800250e-13
Algorithm converged after  2  iterations.
[1] 2.259631e-13 1.117678e-14
Algorithm converged after  2  iterations.
[1] 1.271034e-14 3.963243e-16
Algorithm converged after  2  iterations.
[1] 3.803611e-16 6.662834e-18
Algorithm converged after  2  iterations.
[1] 4.780943e-18 4.016150e-20
Algorithm converged after  2  iterations.
[1] 1.741238e-20 5.595305e-23
Algorithm converged after  2  iterations.
[1] 9.897803e-24 8.667481e-27
Algorithm converged after  2  iterations.
[1] 2.884081e-28 3.999145e-32
Algorithm converged after  2  iterations.
[1] 4.648715e-35 3.944363e-40
Algorithm converged after  2  iterations.
[1] 2.299615e-46 1.780424e-53
Algorithm converged after  2  iterations.
[1] 5.971766e-69 3.611701e-80
Algorithm converged after  2  iterations.
[1] 1.198484e-136 3.015513e-160
Algorithm converged after  2  iterations.
[1] 0.1467773
Algorithm converged after  2  iterations.
[1] 0.0034496432 0.0005289216 0.0001720094
Algorithm converged after  10  iterations.
[1] 0.0029581830 0.0004070004 0.0001365034
Algorithm converged after  10  iterations.
[1] 0.0025226941 0.0003110360 0.0001046633
Algorithm converged after  10  iterations.
[1] 2.138515e-03 2.356842e-04 7.821858e-05
Algorithm converged after  10  iterations.
[1] 1.801272e-03 1.768315e-04 5.733974e-05
Algorithm converged after  10  iterations.
[1] 1.506835e-03 1.312195e-04 4.142992e-05
[1] 1.784139e-03 1.347180e-04 4.096936e-05
Algorithm converged after  11  iterations.
[1] 1.251294e-03 9.620912e-05 2.962291e-05
[1] 1.572293e-03 9.995012e-05 2.946013e-05
Algorithm converged after  13  iterations.
[1] 1.030942e-03 6.963547e-05 2.103454e-05
[1] 1.361617e-03 7.313947e-05 2.115392e-05
[1] 1.361901e-03 7.313868e-05 2.115721e-05
[1] 1.361913e-03 7.313865e-05 2.115734e-05
Algorithm converged after  31  iterations.
[1] 8.422613e-04 4.971571e-05 1.487511e-05
[1] 1.129754e-03 5.268890e-05 1.496573e-05
[1] 1.161097e-03 5.459093e-05 1.436363e-05
[1] 1.220916e-03 5.577571e-05 1.401796e-05
[1] 1.247114e-03 5.604699e-05 1.409183e-05
[1] 1.257803e-03 5.611618e-05 1.416938e-05
[1] 1.262319e-03 5.613679e-05 1.421252e-05
[1] 1.264275e-03 5.614393e-05 1.423340e-05
[1] 1.265135e-03 5.614671e-05 1.424303e-05
[1] 1.265516e-03 5.614786e-05 1.424738e-05
[1] 1.265685e-03 5.614836e-05 1.424933e-05
[1] 1.265760e-03 5.614858e-05 1.425020e-05
[1] 1.265793e-03 5.614868e-05 1.425059e-05
[1] 1.265808e-03 5.614872e-05 1.425076e-05
[1] 1.265815e-03 5.614874e-05 1.425084e-05
[1] 1.265818e-03 5.614875e-05 1.425087e-05
[1] 1.265819e-03 5.614875e-05 1.425089e-05
Algorithm converged after  169  iterations.
[1] 6.819249e-04 3.498582e-05 1.050837e-05
[1] 1.011102e-03 3.972469e-05 1.026453e-05
[1] 1.035272e-03 4.039463e-05 1.083901e-05
[1] 1.018160e-03 4.057664e-05 1.041096e-05
[1] 1.005997e-03 4.063603e-05 1.017326e-05
[1] 9.976181e-04 4.065304e-05 1.003076e-05
[1] 9.917742e-04 4.065375e-05 9.940108e-06
[1] 9.876636e-04 4.064873e-05 9.880308e-06
[1] 9.847555e-04 4.064237e-05 9.839900e-06
[1] 9.826901e-04 4.063642e-05 9.812136e-06
[1] 9.812195e-04 4.063145e-05 9.792835e-06
[1] 9.801705e-04 4.062753e-05 9.779303e-06
[1] 9.794214e-04 4.062453e-05 9.769758e-06
[1] 9.788860e-04 4.062229e-05 9.762997e-06
[1] 9.785030e-04 4.062063e-05 9.758192e-06
[1] 9.782290e-04 4.061942e-05 9.754770e-06
[1] 9.780329e-04 4.061854e-05 9.752329e-06
[1] 9.778925e-04 4.061790e-05 9.750586e-06
[1] 9.777920e-04 4.061744e-05 9.749340e-06
[1] 9.777200e-04 4.061711e-05 9.748449e-06
Algorithm did not converge after  200  iterations.
[1] 5.467910e-04 2.425300e-05 7.501312e-06
[1] 6.904712e-04 2.786201e-05 7.062394e-06
[1] 6.941288e-04 2.789615e-05 7.094169e-06
Algorithm converged after  25  iterations.
[1] 4.339063e-04 1.655693e-05 5.779502e-06
[1] 5.226655e-04 1.834558e-05 8.103985e-06
Algorithm converged after  16  iterations.
[1] 3.405090e-04 1.113627e-05 5.140092e-06
[1] 4.089357e-04 1.255654e-05 7.382866e-06
Algorithm converged after  14  iterations.
[1] 2.640321e-04 7.397676e-06 4.640330e-06
[1] 3.074234e-04 7.861951e-06 5.036453e-06
Algorithm converged after  11  iterations.
[1] 2.021074e-04 4.875295e-06 3.631628e-06
Algorithm converged after  10  iterations.
[1] 1.525686e-04 3.192616e-06 2.485165e-06
Algorithm converged after  9  iterations.
[1] 1.134531e-04 2.070772e-06 1.582297e-06
Algorithm converged after  9  iterations.
[1] 8.300174e-05 1.323947e-06 9.621498e-07
Algorithm converged after  9  iterations.
[1] 5.965661e-05 8.302945e-07 5.631466e-07
Algorithm converged after  8  iterations.
[1] 4.205594e-05 5.083202e-07 3.177034e-07
Algorithm converged after  8  iterations.
[1] 2.902623e-05 3.023696e-07 1.725320e-07
Algorithm converged after  8  iterations.
[1] 1.957167e-05 1.739320e-07 8.994034e-08
Algorithm converged after  8  iterations.
[1] 1.286112e-05 9.628301e-08 4.483479e-08
Algorithm converged after  7  iterations.
[1] 8.213338e-06 5.102922e-08 2.127134e-08
Algorithm converged after  7  iterations.
[1] 5.080782e-06 2.574935e-08 9.550789e-09
Algorithm converged after  7  iterations.
[1] 3.032907e-06 1.229411e-08 4.031402e-09
Algorithm converged after  7  iterations.
[1] 1.739293e-06 5.515057e-09 1.587261e-09
Algorithm converged after  7  iterations.
[1] 9.532344e-07 2.305621e-09 5.775892e-10
Algorithm converged after  7  iterations.
[1] 4.961948e-07 8.897528e-10 1.921508e-10
Algorithm converged after  6  iterations.
[1] 2.435173e-07 3.133929e-10 5.768920e-11
Algorithm converged after  6  iterations.
[1] 1.116842e-07 9.939810e-11 1.538982e-11
Algorithm converged after  6  iterations.
[1] 4.735757e-08 2.792818e-11 3.580179e-12
Algorithm converged after  6  iterations.
[1] 1.832494e-08 6.814290e-12 7.098195e-13
Algorithm converged after  6  iterations.
[1] 6.367037e-09 1.408701e-12 1.165915e-13
Algorithm converged after  6  iterations.
[1] 1.946750e-09 2.392634e-13 1.531439e-14
Algorithm converged after  5  iterations.
[1] 5.105807e-10 3.211269e-14 1.538131e-15
Algorithm converged after  5  iterations.
[1] 1.111577e-10 3.239504e-15 1.115181e-16
Algorithm converged after  5  iterations.
[1] 1.924396e-11 2.300714e-16 5.413341e-18
Algorithm converged after  5  iterations.
[1] 2.501977e-12 1.054273e-17 1.591379e-19
Algorithm converged after  5  iterations.
[1] 2.259631e-13 2.767727e-19 2.470868e-21
Algorithm converged after  5  iterations.
[1] 1.271034e-14 3.524763e-21 1.673057e-23
Algorithm converged after  5  iterations.
[1] 3.803611e-16 1.712662e-23 3.746395e-26
Algorithm converged after  5  iterations.
[1] 4.780943e-18 2.215001e-26 1.832116e-29
Algorithm converged after  5  iterations.
[1] 1.741238e-20 4.331421e-30 6.184635e-52
[1] 1.373607e-20 4.325445e-30 1.121506e-33
Algorithm converged after  11  iterations.
[1] 9.897803e-24 4.992328e-35 3.719341e-46
[1] 9.919831e-24 4.994238e-35 4.226040e-44
Algorithm converged after  13  iterations.
[1] 2.884081e-28 6.227491e-42 8.387221e-53
Algorithm converged after  8  iterations.
[1] 4.648715e-35 2.839263e-52 8.112802e-70
[1] 4.623243e-35 2.840239e-52 7.563910e-66
[1] 3.380903e-35 2.876648e-52 3.185371e-59
Algorithm converged after  23  iterations.
[1] 2.299615e-46 1.750223e-69 4.733446e-79
Algorithm converged after  5  iterations.
[1]  5.971766e-69 7.451114e-104 1.070779e-118
[1]  5.632342e-69 7.481342e-104 1.222783e-130
[1]  5.081602e-69 7.532149e-104 2.096566e-133
[1]  5.053187e-69 7.535187e-104 4.614492e-133
[1]  5.107594e-69 7.530647e-104 6.603779e-153
[1]  3.903118e-69 7.651993e-104 7.865225e-126
[1]  5.197746e-69 7.523283e-104 1.074021e-118
[1]  3.903306e-69 7.652931e-104 5.187910e-126
[1]  3.900673e-69 7.653607e-104 1.099756e-118
[1]  3.888858e-69 7.655317e-104 5.183101e-126
[1]  5.082569e-69 7.535862e-104 4.074983e-125
[1]  4.951861e-69 7.548765e-104 1.149386e-130
[1]  3.904714e-69 7.655114e-104 1.085817e-118
[1]  3.903216e-69 7.655934e-104 1.039650e-130
[1]  3.907598e-69 7.656279e-104 7.677865e-156
[1]  3.885097e-69 7.659211e-104 5.167766e-126
[1]  3.905906e-69 7.657361e-104 1.086014e-118
[1]  5.436811e-69 7.506970e-104 1.060335e-118
[1]  3.905817e-69 7.658534e-104 1.086023e-118
[1]  5.197383e-69 7.530109e-104 1.076304e-118
Algorithm converged after  198  iterations.
[1] 1.198484e-136 7.880592e-207 2.923839e-246
Algorithm converged after  5  iterations.
[1] 0.1624351
Algorithm converged after  2  iterations.
[1] 3.449643e-03 4.277743e-04 9.822702e-05
[1] 0.0040395007 0.0004524605 0.0001245348
Algorithm converged after  14  iterations.
[1] 2.958183e-03 3.244358e-04 8.443861e-05
[1] 0.0035442572 0.0003454444 0.0001096261
Algorithm converged after  14  iterations.
[1] 2.522694e-03 2.447411e-04 7.463182e-05
[1] 3.101147e-03 2.626611e-04 9.762393e-05
Algorithm converged after  13  iterations.
[1] 2.138515e-03 1.840126e-04 6.742604e-05
[1] 2.705560e-03 1.986007e-04 8.449957e-05
Algorithm converged after  11  iterations.
[1] 1.801272e-03 1.385202e-04 6.227425e-05
[1] 2.361681e-03 1.494193e-04 6.909758e-05
Algorithm converged after  12  iterations.
[1] 1.506835e-03 1.055988e-04 5.971778e-05
[1] 2.090386e-03 1.130725e-04 5.456095e-05
Algorithm converged after  13  iterations.
[1] 1.251294e-03 8.294440e-05 5.040466e-05
[1] 1.860509e-03 8.968598e-05 4.911641e-05
Algorithm converged after  13  iterations.
[1] 1.030942e-03 6.621394e-05 3.744261e-05
[1] 1.526837e-03 7.133680e-05 4.057388e-05
Algorithm converged after  12  iterations.
[1] 8.422613e-04 5.307038e-05 2.680314e-05
[1] 1.232228e-03 5.788541e-05 3.010359e-05
Algorithm converged after  11  iterations.
[1] 6.819249e-04 4.249648e-05 1.876747e-05
[1] 9.871540e-04 4.733954e-05 2.130260e-05
Algorithm converged after  11  iterations.
[1] 5.467910e-04 3.389400e-05 1.289366e-05
[1] 7.841388e-04 3.849222e-05 1.464655e-05
Algorithm converged after  11  iterations.
[1] 4.339063e-04 2.685827e-05 8.693627e-06
Algorithm converged after  10  iterations.
[1] 3.405090e-04 2.109517e-05 5.748436e-06
Algorithm converged after  10  iterations.
[1] 2.640321e-04 1.638174e-05 3.723024e-06
Algorithm converged after  10  iterations.
[1] 2.021074e-04 1.254427e-05 2.358267e-06
Algorithm converged after  10  iterations.
[1] 1.525686e-04 9.444375e-06 1.458471e-06
Algorithm converged after  10  iterations.
[1] 1.134531e-04 6.969148e-06 8.789627e-07
Algorithm converged after  10  iterations.
[1] 8.300174e-05 5.023670e-06 5.150663e-07
Algorithm converged after  9  iterations.
[1] 5.965661e-05 3.525315e-06 2.927537e-07
Algorithm converged after  9  iterations.
[1] 4.205594e-05 2.399780e-06 1.609404e-07
Algorithm converged after  9  iterations.
[1] 2.902623e-05 1.578943e-06 8.530016e-08
Algorithm converged after  9  iterations.
[1] 1.957167e-05 1.000351e-06 4.342541e-08
Algorithm converged after  9  iterations.
[1] 1.286112e-05 6.078634e-07 2.379446e-13
Algorithm converged after  9  iterations.
[1] 8.213338e-06 3.527415e-07 9.797547e-09
Algorithm converged after  10  iterations.
[1] 5.080782e-06 1.945449e-07 4.295728e-09
Algorithm converged after  8  iterations.
[1] 3.032907e-06 1.014193e-07 1.770219e-09
Algorithm converged after  8  iterations.
[1] 1.739293e-06 4.966003e-08 6.802636e-10
Algorithm converged after  8  iterations.
[1] 9.532344e-07 2.266977e-08 2.415344e-10
Algorithm converged after  8  iterations.
[1] 4.961948e-07 9.563331e-09 7.837807e-11
[1] 7.188729e-07 1.068168e-08 8.021741e-11
[1] 6.518661e-07 1.036216e-08 5.410814e-18
Algorithm converged after  28  iterations.
[1] 2.435173e-07 3.689027e-09 2.294487e-11
[1] 2.792387e-07 3.834421e-09 2.285576e-11
[1] 3.580204e-07 4.114116e-09 2.344153e-11
[1] 3.194223e-07 3.980622e-09 8.971249e-20
[1] 3.331132e-07 4.016581e-09 2.340299e-11
[1] 3.395308e-07 4.072593e-09 2.354685e-11
[1] 3.143129e-07 3.977877e-09 5.839667e-22
[1] 3.534819e-07 4.109969e-09 2.343818e-11
Algorithm converged after  76  iterations.
[1] 1.116842e-07 1.284792e-09 5.966116e-12
[1] 1.279641e-07 1.329645e-09 5.991210e-12
[1] 1.534704e-07 1.402643e-09 5.385554e-18
[1] 1.556775e-07 1.408735e-09 5.377364e-18
[1] 1.468279e-07 1.382600e-09 4.272185e-21
Algorithm converged after  47  iterations.
[1] 4.735757e-08 3.977979e-10 1.352185e-12
[1] 6.992695e-08 4.385616e-10 1.372401e-12
[1] 6.599145e-08 4.334361e-10 1.375440e-12
Algorithm converged after  25  iterations.
[1] 1.832494e-08 1.074420e-10 2.610570e-13
[1] 2.526154e-08 1.159253e-10 2.624499e-13
[1] 2.386245e-08 1.142741e-10 2.619473e-13
[1] 2.615421e-08 1.168718e-10 2.638356e-13
[1] 2.537878e-08 1.163950e-10 2.052591e-20
[1] 2.532009e-08 1.164252e-10 1.702918e-20
[1] 2.515250e-08 1.162674e-10 1.296694e-20
[1] 2.368190e-08 1.144067e-10 2.216606e-20
[1] 2.547818e-08 1.168365e-10 2.639793e-13
Algorithm converged after  82  iterations.
[1] 6.367037e-09 2.472767e-11 4.173182e-14
[1] 8.869303e-09 2.661220e-11 2.496224e-29
[1] 9.430670e-09 2.698677e-11 4.211694e-14
[1] 8.467387e-09 2.635004e-11 9.079333e-24
[1] 8.646048e-09 2.650462e-11 1.302282e-26
[1] 8.300781e-09 2.625310e-11 4.169342e-14
[1] 8.700445e-09 2.657224e-11 1.746645e-26
[1] 8.773697e-09 2.662977e-11 1.236646e-18
Algorithm converged after  76  iterations.
[1] 1.946750e-09 4.709083e-12 1.573196e-23
[1] 2.654297e-09 5.026116e-12 1.238138e-23
[1] 2.656621e-09 5.028637e-12 5.375470e-15
[1] 2.666551e-09 5.034985e-12 2.980514e-19
[1] 2.653910e-09 5.030563e-12 3.741990e-23
[1] 2.658016e-09 5.034326e-12 4.338539e-20
[1] 2.655830e-09 5.034644e-12 1.368028e-23
[1] 2.590944e-09 5.003980e-12 2.418173e-28
[1] 2.647164e-09 5.033600e-12 2.532605e-25
Algorithm converged after  88  iterations.
[1] 5.105807e-10 7.149265e-13 4.052712e-25
[1] 7.548267e-10 7.712103e-13 5.224345e-16
[1] 6.947514e-10 7.595799e-13 1.432609e-30
Algorithm converged after  30  iterations.
[1] 1.111577e-10 8.248037e-14 3.665098e-17
[1] 1.493620e-10 8.711765e-14 3.672657e-17
[1] 1.397014e-10 8.600977e-14 9.389132e-25
[1] 1.563687e-10 8.781985e-14 1.000460e-31
[1] 1.600695e-10 8.826080e-14 9.150037e-25
[1] 1.478772e-10 8.700541e-14 3.728905e-17
[1] 1.397299e-10 8.609598e-14 1.037596e-24
[1] 1.493468e-10 8.724755e-14 9.559362e-25
[1] 1.501956e-10 8.729337e-14 1.222152e-34
[1] 1.485603e-10 8.716797e-14 3.701861e-17
Algorithm converged after  94  iterations.
[1] 1.924396e-11 6.791760e-15 1.504053e-30
[1] 2.584961e-11 7.135572e-15 7.296561e-27
[1] 2.568986e-11 7.129911e-15 1.267580e-29
[1] 2.861789e-11 7.260368e-15 6.621597e-27
[1] 2.938176e-11 7.301438e-15 9.636558e-30
[1] 2.568139e-11 7.133267e-15 9.372297e-31
[1] 2.565334e-11 7.133421e-15 1.637249e-29
[1] 2.404726e-11 7.051524e-15 1.718195e-18
[1] 2.401167e-11 7.051710e-15 3.784319e-29
[1] 2.576292e-11 7.141675e-15 1.727939e-18
[1] 2.398709e-11 7.051555e-15 1.718046e-18
[1] 2.575820e-11 7.144882e-15 1.728466e-18
[1] 2.788920e-11 7.237108e-15 1.725666e-18
[1] 2.800942e-11 7.240764e-15 1.730311e-18
[1] 2.499323e-11 7.102196e-15 1.173378e-29
[1] 2.569032e-11 7.147284e-15 1.277059e-29
Algorithm converged after  160  iterations.
[1] 2.501977e-12 3.671590e-16 1.860953e-20
[1] 3.837510e-12 3.926682e-16 2.104336e-20
[1] 3.316574e-12 3.831811e-16 7.257051e-42
[1] 3.857002e-12 3.930538e-16 2.105475e-20
[1] 3.798412e-12 3.919128e-16 2.080145e-29
[1] 3.729715e-12 3.907085e-16 4.877419e-20
[1] 3.341345e-12 3.837382e-16 2.049620e-29
[1] 3.506863e-12 3.866367e-16 2.146303e-32
Algorithm converged after  78  iterations.
[1] 2.259631e-13 1.162686e-17 3.046345e-32
[1] 3.318215e-13 1.228232e-17 1.434460e-35
[1] 2.959943e-13 1.207488e-17 7.406359e-22
Algorithm converged after  21  iterations.
[1] 1.271034e-14 1.838687e-19 1.335741e-24
[1] 1.918404e-14 1.939127e-19 1.685611e-24
[1] 1.943610e-14 1.943147e-19 1.482376e-24
Algorithm converged after  23  iterations.
[1] 3.803611e-16 1.153213e-21 3.393283e-41
[1] 4.733654e-16 1.181621e-21 1.046646e-26
[1] 5.739356e-16 1.209908e-21 2.476304e-27
Algorithm converged after  24  iterations.
[1] 4.780943e-18 2.030384e-24 1.276141e-30
[1] 6.065067e-18 2.079440e-24 1.358300e-30
[1] 7.090925e-18 2.114376e-24 1.301514e-44
[1] 6.301474e-18 2.087450e-24 8.336016e-31
[1] 6.244246e-18 2.085400e-24 4.051800e-45
[1] 7.030007e-18 2.112586e-24 1.078490e-48
[1] 6.053568e-18 2.079069e-24 4.950804e-30
[1] 6.214383e-18 2.084585e-24 6.987120e-45
[1] 7.017999e-18 2.112435e-24 3.740195e-50
Algorithm converged after  86  iterations.
[1] 1.741238e-20 5.830673e-28 3.669061e-69
[1] 2.176313e-20 5.946021e-28 2.679123e-34
[1] 2.579112e-20 6.043116e-28 2.653625e-34
[1] 2.552748e-20 6.036257e-28 2.283492e-40
[1] 2.561451e-20 6.038865e-28 3.075476e-35
[1] 2.178220e-20 5.947082e-28 3.031160e-35
[1] 2.224104e-20 5.957910e-28 3.006597e-35
[1] 2.303082e-20 5.977046e-28 2.993513e-35
[1] 2.365280e-20 5.993152e-28 5.737753e-63
[1] 2.185155e-20 5.949631e-28 2.671678e-34
[1] 2.198821e-20 5.952289e-28 2.996672e-35
[1] 2.373164e-20 5.995854e-28 2.662310e-34
[1] 2.560197e-20 6.039670e-28 1.247080e-68
[1] 2.342234e-20 5.987555e-28 8.314862e-57
[1] 2.573487e-20 6.043722e-28 3.126454e-35
[1] 2.224826e-20 5.959503e-28 3.003312e-35
[1] 2.557747e-20 6.043807e-28 1.514716e-47
[1] 2.555876e-20 6.044034e-28 3.055773e-35
[1] 2.579825e-20 6.050341e-28 3.132405e-35
[1] 2.339806e-20 5.992275e-28 5.517501e-44
Algorithm did not converge after  200  iterations.
[1] 9.897803e-24 1.105204e-32 1.658854e-43
[1] 1.435399e-23 1.137769e-32 5.538197e-40
[1] 1.276075e-23 1.126748e-32 5.246349e-45
[1] 1.194893e-23 1.120881e-32 3.412983e-45
[1] 1.220340e-23 1.122885e-32 3.436154e-45
[1] 1.236376e-23 1.123911e-32 1.599167e-43
[1] 1.216973e-23 1.122567e-32 3.408620e-45
[1] 1.316241e-23 1.129683e-32 1.924666e-50
[1] 1.256674e-23 1.125465e-32 5.644941e-55
[1] 1.218053e-23 1.122792e-32 3.580912e-41
[1] 1.271516e-23 1.126565e-32 5.578208e-40
[1] 1.440837e-23 1.138595e-32 3.411689e-45
[1] 1.436911e-23 1.138364e-32 1.388919e-54
[1] 1.216242e-23 1.122941e-32 3.546379e-41
[1] 1.436289e-23 1.138350e-32 3.622591e-41
[1] 1.334885e-23 1.131247e-32 5.741997e-42
[1] 1.276294e-23 1.127313e-32 1.322507e-50
[1] 1.215782e-23 1.123015e-32 1.129307e-40
[1] 1.250586e-23 1.125417e-32 2.902006e-62
[1] 1.441274e-23 1.138794e-32 3.634821e-41
Algorithm did not converge after  200  iterations.
[1] 2.884081e-28 2.714754e-39 3.300848e-80
Algorithm converged after  6  iterations.
[1] 4.648715e-35 3.333438e-49 3.927911e-65
[1] 6.536199e-35 3.394784e-49 3.307931e-70
[1] 6.535419e-35 3.394797e-49 3.307898e-70
[1] 5.854009e-35 3.373820e-49 3.658162e-65
[1] 5.399903e-35 3.359237e-49 6.478985e-62
[1] 6.512458e-35 3.394219e-49 8.117677e-60
[1] 5.854015e-35 3.373942e-49 3.658182e-65
[1] 6.535406e-35 3.394988e-49 3.307925e-70
[1] 6.512471e-35 3.394343e-49 6.643147e-62
[1] 5.442930e-35 3.360829e-49 6.487474e-62
[1] 6.535421e-35 3.395098e-49 3.307956e-70
[1] 6.513591e-35 3.394485e-49 1.095056e-60
[1] 5.246217e-35 3.354347e-49 2.766084e-82
[1] 5.402031e-35 3.359645e-49 1.049480e-60
[1] 6.535695e-35 3.395266e-49 3.307904e-70
[1] 6.512502e-35 3.394612e-49 3.307750e-70
[1] 6.513615e-35 3.394684e-49 3.307718e-70
[1] 5.398982e-35 3.359693e-49 6.480274e-62
[1] 6.513412e-35 3.394759e-49 3.307645e-70
[1] 5.398992e-35 3.359765e-49 6.480326e-62
Algorithm did not converge after  200  iterations.
[1] 2.299615e-46 1.030514e-65 1.161143e-82
[1] 2.647558e-46 1.036281e-65 5.284193e-87
Algorithm converged after  12  iterations.
[1]  5.971766e-69  1.029082e-98 6.025522e-131
Algorithm converged after  4  iterations.
[1] 1.198484e-136 1.172872e-197 9.796081e-296
[1] 1.536999e-136 1.177853e-197 8.287837e-258
[1] 1.295102e-136 1.174360e-197 1.375841e-237
[1] 1.276024e-136 1.174072e-197 1.646832e-248
[1] 1.537001e-136 1.177857e-197 8.287848e-258
[1] 1.295102e-136 1.174363e-197 1.375842e-237
[1] 1.276024e-136 1.174075e-197 1.646833e-248
[1] 1.537002e-136 1.177860e-197 8.287859e-258
[1] 1.295103e-136 1.174367e-197 1.375842e-237
[1] 1.276025e-136 1.174079e-197 1.646833e-248
[1] 1.537003e-136 1.177864e-197 8.287870e-258
[1] 1.295103e-136 1.174370e-197 1.375842e-237
[1] 1.276025e-136 1.174082e-197 1.646834e-248
[1] 1.537005e-136 1.177867e-197 8.287881e-258
[1] 1.295104e-136 1.174374e-197 1.375842e-237
[1] 1.276025e-136 1.174086e-197 1.646834e-248
[1] 1.537006e-136 1.177871e-197 8.287892e-258
[1] 1.295104e-136 1.174377e-197 1.375843e-237
[1] 1.276026e-136 1.174089e-197 1.646835e-248
[1] 1.537007e-136 1.177874e-197 8.287903e-258
Algorithm did not converge after  200  iterations.
[1] 0.1608154
Algorithm converged after  2  iterations.
[1] 3.449643e-03 3.393548e-04 7.812705e-05
[1] 3.691830e-03 3.483813e-04 8.104363e-05
Algorithm converged after  13  iterations.
[1] 2.958183e-03 2.664861e-04 6.137669e-05
[1] 3.211304e-03 2.739591e-04 6.245111e-05
Algorithm converged after  13  iterations.
[1] 0.0025226941 0.0002077161 0.0000476768
[1] 2.798699e-03 2.147477e-04 4.774394e-05
Algorithm converged after  13  iterations.
[1] 2.138515e-03 1.606275e-04 3.679426e-05
[1] 2.442664e-03 1.676653e-04 3.629428e-05
Algorithm converged after  13  iterations.
[1] 1.801272e-03 1.231912e-04 2.844435e-05
[1] 2.130177e-03 1.302589e-04 2.748583e-05
Algorithm converged after  15  iterations.
[1] 1.506835e-03 9.370002e-05 2.240257e-05
[1] 1.857189e-03 1.009487e-04 2.069468e-05
[1] 1.857270e-03 1.009627e-04 2.064327e-05
[1] 1.857277e-03 1.009635e-04 2.064062e-05
[1] 1.857277e-03 1.009636e-04 2.064048e-05
Algorithm converged after  41  iterations.
[1] 1.251294e-03 7.071924e-05 1.876770e-05
[1] 1.634967e-03 7.879441e-05 1.627790e-05
[1] 1.649058e-03 7.958177e-05 1.585980e-05
[1] 1.657418e-03 8.009408e-05 1.558117e-05
[1] 1.662669e-03 8.044467e-05 1.538187e-05
[1] 1.666093e-03 8.069277e-05 1.523324e-05
[1] 1.668379e-03 8.087249e-05 1.511893e-05
[1] 1.669929e-03 8.100483e-05 1.502900e-05
[1] 1.670987e-03 8.110348e-05 1.495698e-05
[1] 1.671709e-03 8.117768e-05 1.489849e-05
[1] 1.672197e-03 8.123385e-05 1.485047e-05
[1] 1.672523e-03 8.127659e-05 1.481068e-05
[1] 1.672735e-03 8.130925e-05 1.477746e-05
[1] 1.672865e-03 8.133428e-05 1.474954e-05
[1] 1.672939e-03 8.135350e-05 1.472595e-05
[1] 1.672974e-03 8.136829e-05 1.470593e-05
[1] 1.672981e-03 8.137969e-05 1.468886e-05
