myseed=2247 

Attaching package: ‘pls’

The following object is masked from ‘package:stats’:

    loadings

Loading required package: lattice
Loading required package: ggplot2
Registered S3 methods overwritten by 'ggplot2':
  method         from 
  [.quosures     rlang
  c.quosures     rlang
  print.quosures rlang

Attaching package: ‘caret’

The following object is masked from ‘package:pls’:

    R2

Loading required package: Matrix
Loading required package: foreach
Loaded glmnet 2.0-18

Parsed with column specification:
cols(
  .default = col_double()
)
See spec(...) for full column specifications.
Parsed with column specification:
cols(
  X1 = col_double()
)
Parsed with column specification:
cols(
  X1 = col_double()
)
[1] "Best 2step parameter is:"
   gam  rankJ rankA1 rankA2 rankA3 
   6.5    2.0    1.0    0.0    0.0 
[1] 0.004035121
Algorithm converged after  2  iterations.
[1] 0.003453373
Algorithm converged after  2  iterations.
[1] 0.0029411
Algorithm converged after  2  iterations.
[1] 0.002491578
Algorithm converged after  2  iterations.
[1] 0.002098714
Algorithm converged after  2  iterations.
[1] 0.001756938
Algorithm converged after  2  iterations.
[1] 0.001461115
Algorithm converged after  2  iterations.
[1] 0.001206497
Algorithm converged after  2  iterations.
[1] 0.0009886778
Algorithm converged after  2  iterations.
[1] 0.0008035722
Algorithm converged after  2  iterations.
[1] 0.0006473941
Algorithm converged after  2  iterations.
[1] 0.0005166447
Algorithm converged after  2  iterations.
[1] 0.0004081022
Algorithm converged after  2  iterations.
[1] 0.0003188145
Algorithm converged after  2  iterations.
[1] 0.0002460909
Algorithm converged after  2  iterations.
[1] 0.0001874951
Algorithm converged after  2  iterations.
[1] 0.0001408361
Algorithm converged after  2  iterations.
[1] 0.0001041591
Algorithm converged after  2  iterations.
[1] 7.573491e-05
Algorithm converged after  2  iterations.
[1] 5.404835e-05
Algorithm converged after  2  iterations.
[1] 3.77859e-05
Algorithm converged after  2  iterations.
[1] 2.582242e-05
Algorithm converged after  2  iterations.
[1] 1.720712e-05
Algorithm converged after  2  iterations.
[1] 1.114881e-05
Algorithm converged after  2  iterations.
[1] 7.000555e-06
Algorithm converged after  2  iterations.
[1] 4.243932e-06
Algorithm converged after  2  iterations.
[1] 2.472916e-06
Algorithm converged after  2  iterations.
[1] 1.377827e-06
Algorithm converged after  2  iterations.
[1] 7.29549e-07
Algorithm converged after  2  iterations.
[1] 3.644273e-07
Algorithm converged after  2  iterations.
[1] 1.702365e-07
Algorithm converged after  2  iterations.
[1] 7.358146e-08
Algorithm converged after  2  iterations.
[1] 2.904848e-08
Algorithm converged after  2  iterations.
[1] 1.030765e-08
Algorithm converged after  2  iterations.
[1] 3.222422e-09
Algorithm converged after  2  iterations.
[1] 8.653276e-10
Algorithm converged after  2  iterations.
[1] 1.931971e-10
Algorithm converged after  2  iterations.
[1] 3.436665e-11
Algorithm converged after  2  iterations.
[1] 4.601731e-12
Algorithm converged after  2  iterations.
[1] 4.29257e-13
Algorithm converged after  2  iterations.
[1] 2.502893e-14
Algorithm converged after  2  iterations.
[1] 7.799985e-16
Algorithm converged after  2  iterations.
[1] 1.027253e-17
Algorithm converged after  2  iterations.
[1] 3.953015e-20
Algorithm converged after  2  iterations.
[1] 2.403006e-23
Algorithm converged after  2  iterations.
[1] 7.628049e-28
Algorithm converged after  2  iterations.
[1] 1.381825e-34
Algorithm converged after  2  iterations.
[1] 8.157233e-46
Algorithm converged after  2  iterations.
[1] 2.922806e-68
Algorithm converged after  2  iterations.
[1] 1.425899e-135
Algorithm converged after  2  iterations.
[1] 0.1711264
Algorithm converged after  2  iterations.
[1] 0.0040351208 0.0004784934
Algorithm converged after  10  iterations.
[1] 0.0034533731 0.0003872618
Algorithm converged after  9  iterations.
[1] 0.0029411002 0.0003132712
Algorithm converged after  9  iterations.
[1] 0.0024915776 0.0002524938
Algorithm converged after  9  iterations.
[1] 0.0020987142 0.0002023243
Algorithm converged after  9  iterations.
[1] 0.0017569379 0.0001609018
Algorithm converged after  9  iterations.
[1] 0.0014611154 0.0001267999
Algorithm converged after  9  iterations.
[1] 1.206497e-03 9.887256e-05
Algorithm converged after  9  iterations.
[1] 9.886778e-04 7.616999e-05
Algorithm converged after  9  iterations.
[1] 0.0008035722 0.0000578869
Algorithm converged after  9  iterations.
[1] 6.473941e-04 4.332926e-05
Algorithm converged after  9  iterations.
[1] 5.166447e-04 3.189187e-05
Algorithm converged after  9  iterations.
[1] 4.081022e-04 2.304323e-05
Algorithm converged after  9  iterations.
[1] 3.188145e-04 1.631582e-05
Algorithm converged after  9  iterations.
[1] 2.460909e-04 1.129999e-05
Algorithm converged after  9  iterations.
[1] 1.874951e-04 7.640228e-06
Algorithm converged after  9  iterations.
[1] 1.408361e-04 5.032585e-06
Algorithm converged after  9  iterations.
[1] 1.041591e-04 3.222232e-06
Algorithm converged after  9  iterations.
[1] 7.573491e-05 2.000492e-06
Algorithm converged after  9  iterations.
[1] 5.404835e-05 1.201027e-06
Algorithm converged after  9  iterations.
[1] 3.778590e-05 6.951713e-07
Algorithm converged after  8  iterations.
[1] 2.582242e-05 3.866146e-07
Algorithm converged after  8  iterations.
[1] 1.720712e-05 2.057979e-07
Algorithm converged after  8  iterations.
[1] 1.114881e-05 1.043937e-07
Algorithm converged after  8  iterations.
[1] 7.000555e-06 5.020980e-08
Algorithm converged after  8  iterations.
[1] 4.243932e-06 2.276412e-08
Algorithm converged after  7  iterations.
[1] 2.472916e-06 9.662957e-09
Algorithm converged after  7  iterations.
[1] 1.377827e-06 3.809791e-09
Algorithm converged after  7  iterations.
[1] 7.295490e-07 1.382057e-09
Algorithm converged after  7  iterations.
[1] 3.644273e-07 4.561396e-10
Algorithm converged after  6  iterations.
[1] 1.702365e-07 1.351270e-10
Algorithm converged after  6  iterations.
[1] 7.358146e-08 3.534529e-11
Algorithm converged after  6  iterations.
[1] 2.904848e-08 8.000873e-12
Algorithm converged after  6  iterations.
[1] 1.030765e-08 1.528817e-12
Algorithm converged after  5  iterations.
[1] 3.222422e-09 2.390326e-13
Algorithm converged after  5  iterations.
[1] 8.653276e-10 2.939553e-14
Algorithm converged after  5  iterations.
[1] 1.931971e-10 2.702327e-15
Algorithm converged after  5  iterations.
[1] 3.436665e-11 1.737460e-16
Algorithm converged after  4  iterations.
[1] 4.601731e-12 7.148896e-18
Algorithm converged after  4  iterations.
[1] 4.292570e-13 1.667596e-19
Algorithm converged after  4  iterations.
[1] 2.502893e-14 1.861173e-21
Algorithm converged after  4  iterations.
[1] 7.799985e-16 7.778356e-24
Algorithm converged after  4  iterations.
[1] 1.027253e-17 8.428271e-27
Algorithm converged after  5  iterations.
[1] 3.953015e-20 1.328842e-30
Algorithm converged after  5  iterations.
[1] 2.403006e-23 1.164214e-35
Algorithm converged after  5  iterations.
[1] 7.628049e-28 1.002322e-42
Algorithm converged after  5  iterations.
[1] 1.381825e-34 2.653139e-53
Algorithm converged after  5  iterations.
[1] 8.157233e-46 6.665503e-71
Algorithm converged after  5  iterations.
[1]  2.922806e-68 4.684220e-106
Algorithm converged after  6  iterations.
[1] 1.425899e-135 2.058394e-211
Algorithm converged after  6  iterations.
[1] 0.1665179
Algorithm converged after  2  iterations.
[1] 0.0040351208 0.0003658948
Algorithm converged after  10  iterations.
[1] 0.0034533731 0.0002849372
Algorithm converged after  9  iterations.
[1] 0.0029411002 0.0002229768
Algorithm converged after  9  iterations.
[1] 0.0024915776 0.0001768896
Algorithm converged after  8  iterations.
[1] 0.0020987142 0.0001444687
Algorithm converged after  8  iterations.
[1] 0.0017569379 0.0001201708
Algorithm converged after  8  iterations.
[1] 0.0014611154 0.0001003385
Algorithm converged after  7  iterations.
[1] 1.206497e-03 8.358001e-05
Algorithm converged after  7  iterations.
[1] 9.886778e-04 6.919732e-05
Algorithm converged after  7  iterations.
[1] 0.0008035722 0.0000567799
Algorithm converged after  7  iterations.
[1] 6.473941e-04 4.606336e-05
Algorithm converged after  7  iterations.
[1] 5.166447e-04 3.686381e-05
Algorithm converged after  7  iterations.
[1] 4.081022e-04 2.904089e-05
Algorithm converged after  7  iterations.
[1] 3.188145e-04 2.247505e-05
Algorithm converged after  7  iterations.
[1] 0.0002460909 0.0000170532
Algorithm converged after  7  iterations.
[1] 1.874951e-04 1.266082e-05
Algorithm converged after  7  iterations.
[1] 1.408361e-04 9.178833e-06
Algorithm converged after  7  iterations.
[1] 1.041591e-04 6.484310e-06
Algorithm converged after  7  iterations.
[1] 7.573491e-05 4.453583e-06
Algorithm converged after  7  iterations.
[1] 5.404835e-05 2.966571e-06
Algorithm converged after  7  iterations.
[1] 3.778590e-05 1.911227e-06
Algorithm converged after  7  iterations.
[1] 2.582242e-05 1.187260e-06
Algorithm converged after  7  iterations.
[1] 1.720712e-05 7.086555e-07
Algorithm converged after  7  iterations.
[1] 1.114881e-05 4.047950e-07
Algorithm converged after  7  iterations.
[1] 7.000555e-06 2.202564e-07
Algorithm converged after  7  iterations.
[1] 4.243932e-06 1.135452e-07
Algorithm converged after  7  iterations.
[1] 2.472916e-06 5.510723e-08
Algorithm converged after  7  iterations.
[1] 1.377827e-06 2.499276e-08
Algorithm converged after  7  iterations.
[1] 7.295490e-07 1.049912e-08
Algorithm converged after  6  iterations.
[1] 3.644273e-07 4.042507e-09
Algorithm converged after  6  iterations.
[1] 1.702365e-07 1.408672e-09
Algorithm converged after  6  iterations.
[1] 7.358146e-08 4.374856e-10
Algorithm converged after  6  iterations.
[1] 2.904848e-08 1.188381e-10
Algorithm converged after  6  iterations.
[1] 1.030765e-08 2.758676e-11
Algorithm converged after  6  iterations.
[1] 3.222422e-09 5.315987e-12
Algorithm converged after  6  iterations.
[1] 8.653276e-10 8.196330e-13
Algorithm converged after  6  iterations.
[1] 1.931971e-10 9.643792e-14
Algorithm converged after  6  iterations.
[1] 3.436665e-11 8.139126e-15
Algorithm converged after  6  iterations.
[1] 4.601731e-12 4.536810e-16
Algorithm converged after  5  iterations.
[1] 4.292570e-13 1.492334e-17
Algorithm converged after  5  iterations.
[1] 2.502893e-14 2.474362e-19
Algorithm converged after  5  iterations.
[1] 7.799985e-16 1.646867e-21
Algorithm converged after  5  iterations.
[1] 1.027253e-17 3.127046e-24
Algorithm converged after  5  iterations.
[1] 3.953015e-20 9.904545e-28
Algorithm converged after  5  iterations.
[1] 2.403006e-23 2.139737e-32
Algorithm converged after  5  iterations.
[1] 7.628049e-28 6.304345e-39
Algorithm converged after  5  iterations.
[1] 1.381825e-34 1.013004e-48
Algorithm converged after  4  iterations.
[1] 8.157233e-46 4.856069e-65
Algorithm converged after  4  iterations.
[1] 2.922806e-68 1.137696e-97
Algorithm converged after  4  iterations.
[1] 1.425899e-135 1.540427e-195
Algorithm converged after  4  iterations.
[1] 0.1637874
Algorithm converged after  2  iterations.
[1] 0.0040351208 0.0003439462
[1] 0.0041802465 0.0009500902
Algorithm converged after  19  iterations.
[1] 0.0034533731 0.0002669583
[1] 0.0034958010 0.0007365694
Algorithm converged after  19  iterations.
[1] 0.0029411002 0.0002050871
[1] 0.0029182895 0.0005629812
Algorithm converged after  20  iterations.
[1] 0.0024915776 0.0001558938
[1] 0.0024310854 0.0004230796
Algorithm converged after  20  iterations.
[1] 0.0020987142 0.0001172226
[1] 0.0020953492 0.0003158898
[1] 0.002017452 0.000310379
Algorithm converged after  22  iterations.
[1] 1.756938e-03 8.718562e-05
[1] 0.0023068837 0.0001183856
Algorithm converged after  17  iterations.
[1] 1.461115e-03 6.414824e-05
[1] 1.880574e-03 9.080193e-05
Algorithm converged after  13  iterations.
[1] 1.206497e-03 4.671408e-05
[1] 1.531925e-03 6.954754e-05
Algorithm converged after  11  iterations.
[1] 9.886778e-04 3.370936e-05
Algorithm converged after  10  iterations.
[1] 8.035722e-04 2.416879e-05
Algorithm converged after  8  iterations.
[1] 6.473941e-04 1.732636e-05
Algorithm converged after  8  iterations.
[1] 5.166447e-04 1.258431e-05
Algorithm converged after  8  iterations.
[1] 4.081022e-04 9.341190e-06
Algorithm converged after  8  iterations.
[1] 3.188145e-04 7.023102e-06
Algorithm converged after  8  iterations.
[1] 2.460909e-04 5.286453e-06
Algorithm converged after  7  iterations.
[1] 1.874951e-04 3.949945e-06
Algorithm converged after  7  iterations.
[1] 1.408361e-04 2.911023e-06
Algorithm converged after  8  iterations.
[1] 1.041591e-04 2.105456e-06
Algorithm converged after  8  iterations.
[1] 7.573491e-05 1.488200e-06
Algorithm converged after  8  iterations.
[1] 5.404835e-05 1.024135e-06
Algorithm converged after  8  iterations.
[1] 3.778590e-05 6.837283e-07
Algorithm converged after  8  iterations.
[1] 2.582242e-05 4.412488e-07
Algorithm converged after  8  iterations.
[1] 1.720712e-05 2.742329e-07
Algorithm converged after  8  iterations.
[1] 1.114881e-05 1.634573e-07
Algorithm converged after  8  iterations.
[1] 7.000555e-06 9.301126e-08
Algorithm converged after  8  iterations.
[1] 4.243932e-06 5.026035e-08
Algorithm converged after  8  iterations.
[1] 2.472916e-06 2.563454e-08
Algorithm converged after  8  iterations.
[1] 1.377827e-06 1.225278e-08
Algorithm converged after  7  iterations.
[1] 7.295490e-07 5.442393e-09
Algorithm converged after  7  iterations.
[1] 3.644273e-07 2.223958e-09
Algorithm converged after  7  iterations.
[1] 1.702365e-07 8.260405e-10
Algorithm converged after  7  iterations.
[1] 7.358146e-08 2.748270e-10
Algorithm converged after  7  iterations.
[1] 2.904848e-08 8.044981e-11
Algorithm converged after  7  iterations.
[1] 1.030765e-08 2.026678e-11
Algorithm converged after  7  iterations.
[1] 3.222422e-09 4.273786e-12
Algorithm converged after  7  iterations.
[1] 8.653276e-10 7.283982e-13
Algorithm converged after  7  iterations.
[1] 1.931971e-10 9.590721e-14
Algorithm converged after  7  iterations.
[1] 3.436665e-11 9.196427e-15
Algorithm converged after  7  iterations.
[1] 4.601731e-12 5.935792e-16
Algorithm converged after  6  iterations.
[1] 4.292570e-13 2.316305e-17
Algorithm converged after  6  iterations.
[1] 2.502893e-14 4.701930e-19
Algorithm converged after  6  iterations.
[1] 7.799985e-16 3.995764e-21
Algorithm converged after  6  iterations.
[1] 1.027253e-17 1.026311e-23
Algorithm converged after  6  iterations.
[1] 3.953015e-20 4.774936e-27
Algorithm converged after  6  iterations.
[1] 2.403006e-23 1.714258e-31
Algorithm converged after  6  iterations.
[1] 7.628049e-28 1.022185e-37
Algorithm converged after  6  iterations.
[1] 1.381825e-34 4.689794e-47
Algorithm converged after  5  iterations.
[1] 8.157233e-46 1.275977e-62
Algorithm converged after  5  iterations.
[1] 2.922806e-68 9.423637e-94
Algorithm converged after  5  iterations.
[1] 1.425899e-135 3.795456e-187
Algorithm converged after  5  iterations.
[1] 0.1614066
Algorithm converged after  2  iterations.
[1] 0.0040351208 0.0009307356
Algorithm converged after  2  iterations.
[1] 0.003453373 0.000753769
Algorithm converged after  2  iterations.
[1] 0.0029411002 0.0006075113
Algorithm converged after  2  iterations.
[1] 0.0024915776 0.0004883534
Algorithm converged after  2  iterations.
[1] 0.0020987142 0.0003929882
Algorithm converged after  2  iterations.
[1] 0.0017569379 0.0003187269
Algorithm converged after  2  iterations.
[1] 0.0014611154 0.0002629711
Algorithm converged after  2  iterations.
[1] 0.0012064968 0.0002206598
Algorithm converged after  2  iterations.
[1] 0.0009886778 0.0001864413
Algorithm converged after  2  iterations.
[1] 0.0008035722 0.0001573950
Algorithm converged after  2  iterations.
[1] 0.0006473941 0.0001320978
Algorithm converged after  2  iterations.
[1] 0.0005166447 0.0001098264
Algorithm converged after  2  iterations.
[1] 0.0004081022 0.0000902009
Algorithm converged after  2  iterations.
[1] 3.188145e-04 7.301267e-05
Algorithm converged after  2  iterations.
[1] 2.460909e-04 5.812802e-05
Algorithm converged after  2  iterations.
[1] 1.874951e-04 4.543256e-05
Algorithm converged after  2  iterations.
[1] 1.408361e-04 3.479967e-05
Algorithm converged after  2  iterations.
[1] 1.041591e-04 2.607619e-05
Algorithm converged after  2  iterations.
[1] 7.573491e-05 1.908007e-05
Algorithm converged after  2  iterations.
[1] 5.404835e-05 1.360592e-05
Algorithm converged after  2  iterations.
[1] 3.778590e-05 9.435041e-06
Algorithm converged after  2  iterations.
[1] 2.582242e-05 6.346909e-06
Algorithm converged after  2  iterations.
[1] 1.720712e-05 4.130151e-06
Algorithm converged after  2  iterations.
[1] 1.114881e-05 2.591489e-06
Algorithm converged after  2  iterations.
[1] 7.000555e-06 1.561993e-06
Algorithm converged after  2  iterations.
[1] 4.243932e-06 9.004196e-07
Algorithm converged after  2  iterations.
[1] 2.472916e-06 4.938585e-07
Algorithm converged after  2  iterations.
[1] 1.377827e-06 2.561531e-07
Algorithm converged after  2  iterations.
[1] 7.295490e-07 1.247341e-07
Algorithm converged after  2  iterations.
[1] 3.644273e-07 5.653154e-08
Algorithm converged after  2  iterations.
[1] 1.702365e-07 2.359820e-08
Algorithm converged after  2  iterations.
[1] 7.358146e-08 8.958613e-09
Algorithm converged after  2  iterations.
[1] 2.904848e-08 3.045298e-09
Algorithm converged after  2  iterations.
[1] 1.030765e-08 9.092800e-10
Algorithm converged after  2  iterations.
[1] 3.222422e-09 2.328072e-10
Algorithm converged after  2  iterations.
[1] 8.653276e-10 4.957693e-11
Algorithm converged after  2  iterations.
[1] 1.931971e-10 8.443154e-12
Algorithm converged after  2  iterations.
[1] 3.436665e-11 1.092382e-12
Algorithm converged after  2  iterations.
[1] 4.601731e-12 1.002648e-13
Algorithm converged after  2  iterations.
[1] 4.292570e-13 5.946514e-15
Algorithm converged after  2  iterations.
[1] 2.502893e-14 1.999476e-16
Algorithm converged after  2  iterations.
[1] 7.799985e-16 3.155415e-18
Algorithm converged after  2  iterations.
[1] 1.027253e-17 1.760332e-20
Algorithm converged after  2  iterations.
[1] 3.953015e-20 2.223809e-23
Algorithm converged after  2  iterations.
[1] 2.403006e-23 3.028096e-27
Algorithm converged after  2  iterations.
[1] 7.628049e-28 1.168136e-32
Algorithm converged after  2  iterations.
[1] 1.381825e-34 8.819233e-41
Algorithm converged after  2  iterations.
[1] 8.157233e-46 2.551699e-54
Algorithm converged after  2  iterations.
[1] 2.922806e-68 2.124486e-81
Algorithm converged after  2  iterations.
[1] 1.425899e-135 1.215113e-162
Algorithm converged after  2  iterations.
[1] 0.1498961
Algorithm converged after  2  iterations.
[1] 0.0040351208 0.0004784934 0.0001939219
[1] 0.0047051379 0.0005403199 0.0002259140
Algorithm converged after  16  iterations.
[1] 0.0034533731 0.0003872618 0.0001628464
[1] 0.0042262988 0.0004534573 0.0001775176
Algorithm converged after  16  iterations.
[1] 0.0029411002 0.0003132712 0.0001301953
[1] 0.0038360901 0.0003854099 0.0001378485
Algorithm converged after  17  iterations.
[1] 0.0024915776 0.0002524938 0.0001014384
[1] 0.0035238271 0.0003304771 0.0001077940
Algorithm converged after  17  iterations.
[1] 2.098714e-03 2.023243e-04 7.782719e-05
[1] 3.195732e-03 2.801203e-04 8.592571e-05
Algorithm converged after  15  iterations.
[1] 1.756938e-03 1.609018e-04 5.912367e-05
[1] 2.785033e-03 2.291648e-04 6.851451e-05
Algorithm converged after  13  iterations.
[1] 1.461115e-03 1.267999e-04 4.460187e-05
[1] 2.367437e-03 1.830758e-04 5.379342e-05
Algorithm converged after  12  iterations.
[1] 1.206497e-03 9.887256e-05 3.341185e-05
[1] 1.984643e-03 1.440334e-04 4.129872e-05
Algorithm converged after  11  iterations.
[1] 9.886778e-04 7.616999e-05 2.478766e-05
[1] 1.645060e-03 1.115635e-04 3.096714e-05
Algorithm converged after  11  iterations.
[1] 8.035722e-04 5.788690e-05 1.815192e-05
[1] 1.348647e-03 8.490620e-05 2.271485e-05
Algorithm converged after  11  iterations.
[1] 6.473941e-04 4.332926e-05 1.308615e-05
[1] 1.093386e-03 6.339719e-05 1.631872e-05
Algorithm converged after  11  iterations.
[1] 5.166447e-04 3.189187e-05 9.269224e-06
[1] 8.763088e-04 4.638590e-05 1.148611e-05
Algorithm converged after  11  iterations.
[1] 4.081022e-04 2.304323e-05 6.440463e-06
Algorithm converged after  10  iterations.
[1] 3.188145e-04 1.631582e-05 4.383183e-06
Algorithm converged after  10  iterations.
[1] 2.460909e-04 1.129999e-05 2.917447e-06
Algorithm converged after  10  iterations.
[1] 1.874951e-04 7.640228e-06 1.896000e-06
Algorithm converged after  10  iterations.
[1] 1.408361e-04 5.032585e-06 1.200825e-06
Algorithm converged after  10  iterations.
[1] 1.041591e-04 3.222232e-06 7.395869e-07
Algorithm converged after  10  iterations.
[1] 7.573491e-05 2.000492e-06 4.418551e-07
Algorithm converged after  9  iterations.
[1] 5.404835e-05 1.201027e-06 2.553253e-07
Algorithm converged after  9  iterations.
[1] 3.778590e-05 6.951713e-07 1.422251e-07
Algorithm converged after  9  iterations.
[1] 2.582242e-05 3.866146e-07 7.607605e-08
Algorithm converged after  9  iterations.
[1] 1.720712e-05 2.057979e-07 3.890194e-08
Algorithm converged after  9  iterations.
[1] 1.114881e-05 1.043937e-07 1.891954e-08
Algorithm converged after  8  iterations.
[1] 7.000555e-06 5.020980e-08 8.699245e-09
Algorithm converged after  8  iterations.
[1] 4.243932e-06 2.276412e-08 3.755695e-09
Algorithm converged after  8  iterations.
[1] 2.472916e-06 9.662957e-09 1.510265e-09
Algorithm converged after  8  iterations.
[1] 1.377827e-06 3.809791e-09 5.603976e-10
Algorithm converged after  7  iterations.
[1] 7.295490e-07 1.382057e-09 1.897694e-10
Algorithm converged after  7  iterations.
[1] 3.644273e-07 4.561396e-10 5.788440e-11
Algorithm converged after  7  iterations.
[1] 1.702365e-07 1.351270e-10 1.565697e-11
Algorithm converged after  7  iterations.
[1] 7.358146e-08 3.534529e-11 3.685292e-12
Algorithm converged after  6  iterations.
[1] 2.904848e-08 8.000873e-12 7.376767e-13
Algorithm converged after  6  iterations.
[1] 1.030765e-08 1.528817e-12 1.220609e-13
Algorithm converged after  6  iterations.
[1] 3.222422e-09 2.390326e-13 1.611513e-14
Algorithm converged after  6  iterations.
[1] 8.653276e-10 2.939553e-14 1.623258e-15
Algorithm converged after  5  iterations.
[1] 1.931971e-10 2.702327e-15 1.177722e-16
Algorithm converged after  5  iterations.
[1] 3.436665e-11 1.737460e-16 5.708531e-18
Algorithm converged after  5  iterations.
[1] 4.601731e-12 7.148896e-18 1.672118e-19
Algorithm converged after  4  iterations.
[1] 4.292570e-13 1.667596e-19 2.581451e-21
Algorithm converged after  5  iterations.
[1] 2.502893e-14 1.861173e-21 1.734365e-23
Algorithm converged after  5  iterations.
[1] 7.799985e-16 7.778356e-24 3.845455e-26
Algorithm converged after  5  iterations.
[1] 1.027253e-17 8.428271e-27 1.858031e-29
Algorithm converged after  5  iterations.
[1] 3.953015e-20 1.328842e-30 1.019120e-33
Algorithm converged after  5  iterations.
[1] 2.403006e-23 1.164214e-35 2.139979e-39
Algorithm converged after  5  iterations.
[1] 7.628049e-28 1.002322e-42 2.431710e-47
Algorithm converged after  5  iterations.
[1] 1.381825e-34 2.653139e-53 1.065912e-75
[1] 1.106291e-34 2.724129e-53 2.806979e-80
[1] 1.073515e-34 2.733488e-53 1.089012e-73
[1] 1.131759e-34 2.717426e-53 1.164681e-73
[1] 1.131771e-34 2.717531e-53 1.462813e-83
[1] 1.095885e-34 2.727548e-53 3.131927e-66
[1] 1.073104e-34 2.734772e-53 6.377611e-66
[1] 1.072468e-34 2.735057e-53 3.118910e-66
[1] 1.039969e-34 2.744543e-53 6.323648e-66
[1] 1.131704e-34 2.718954e-53 6.465355e-66
Algorithm converged after  92  iterations.
[1] 8.157233e-46 6.665503e-71 1.328755e-87
Algorithm converged after  5  iterations.
[1]  2.922806e-68 4.684220e-106 3.627629e-124
Algorithm converged after  6  iterations.
[1] 1.425899e-135 2.058394e-211 1.217139e-246
Algorithm converged after  8  iterations.
[1] 0.1644846
Algorithm converged after  2  iterations.
[1] 0.0040351208 0.0003658948 0.0001110004
[1] 0.0043717060 0.0003918705 0.0001495427
Algorithm converged after  13  iterations.
[1] 3.453373e-03 2.849372e-04 9.970026e-05
[1] 0.0038063399 0.0003048140 0.0001297571
Algorithm converged after  13  iterations.
[1] 2.941100e-03 2.229768e-04 9.075173e-05
[1] 0.0033558242 0.0002394299 0.0001118117
Algorithm converged after  13  iterations.
[1] 2.491578e-03 1.768896e-04 8.698924e-05
[1] 3.037228e-03 1.930507e-04 9.475569e-05
Algorithm converged after  14  iterations.
[1] 2.098714e-03 1.444687e-04 7.892662e-05
[1] 2.816509e-03 1.636037e-04 7.997899e-05
Algorithm converged after  17  iterations.
[1] 1.756938e-03 1.201708e-04 6.180309e-05
[1] 2.487746e-03 1.391677e-04 6.543801e-05
Algorithm converged after  16  iterations.
[1] 1.461115e-03 1.003385e-04 4.627745e-05
[1] 2.107186e-03 1.173490e-04 5.083765e-05
Algorithm converged after  15  iterations.
[1] 1.206497e-03 8.358001e-05 3.386514e-05
[1] 1.751530e-03 9.857942e-05 3.794551e-05
Algorithm converged after  14  iterations.
[1] 9.886778e-04 6.919732e-05 2.433968e-05
[1] 1.438815e-03 8.217042e-05 2.751466e-05
Algorithm converged after  13  iterations.
[1] 8.035722e-04 5.677990e-05 1.719986e-05
[1] 1.169717e-03 6.768670e-05 1.949884e-05
Algorithm converged after  12  iterations.
[1] 6.473941e-04 4.606336e-05 1.194782e-05
[1] 9.406742e-04 5.494354e-05 1.353939e-05
Algorithm converged after  14  iterations.
[1] 5.166447e-04 3.686381e-05 8.152256e-06
[1] 7.471116e-04 4.384816e-05 9.218628e-06
Algorithm converged after  16  iterations.
[1] 4.081022e-04 2.904089e-05 5.458340e-06
[1] 5.844116e-04 3.432679e-05 6.154685e-06
Algorithm converged after  18  iterations.
[1] 3.188145e-04 2.247505e-05 3.582392e-06
[1] 4.489781e-04 2.631461e-05 4.028900e-06
Algorithm converged after  18  iterations.
[1] 2.460909e-04 1.705320e-05 2.302479e-06
[1] 3.394194e-04 1.975690e-05 2.586248e-06
Algorithm converged after  16  iterations.
[1] 1.874951e-04 1.266082e-05 1.448240e-06
[1] 2.540685e-04 1.454025e-05 1.627004e-06
Algorithm converged after  14  iterations.
[1] 1.408361e-04 9.178833e-06 8.911126e-07
[1] 1.886598e-04 1.047312e-05 1.001238e-06
Algorithm converged after  12  iterations.
[1] 1.041591e-04 6.484310e-06 5.359440e-07
Algorithm converged after  10  iterations.
[1] 7.573491e-05 4.453583e-06 3.144845e-07
Algorithm converged after  9  iterations.
[1] 5.404835e-05 2.966571e-06 1.795394e-07
Algorithm converged after  8  iterations.
[1] 3.778590e-05 1.911227e-06 9.938331e-08
[1] 4.870373e-05 2.103411e-06 1.150580e-07
Algorithm converged after  20  iterations.
[1] 2.582242e-05 1.187260e-06 5.313275e-08
[1] 3.628234e-05 1.322790e-06 5.722150e-08
[1] 3.338591e-05 1.303266e-06 6.101293e-08
Algorithm converged after  25  iterations.
[1] 1.720712e-05 7.086555e-07 2.060800e-08
[1] 2.619158e-05 8.183270e-07 2.298026e-08
Algorithm converged after  11  iterations.
[1] 1.114881e-05 4.047950e-07 9.551152e-09
Algorithm converged after  8  iterations.
[1] 7.000555e-06 2.202564e-07 4.170042e-09
Algorithm converged after  8  iterations.
[1] 4.243932e-06 1.135452e-07 1.704491e-09
Algorithm converged after  8  iterations.
[1] 2.472916e-06 5.510723e-08 6.471286e-10
Algorithm converged after  8  iterations.
[1] 1.377827e-06 2.499276e-08 2.260564e-10
Algorithm converged after  8  iterations.
[1] 7.295490e-07 1.049912e-08 7.184200e-11
Algorithm converged after  8  iterations.
[1] 3.644273e-07 4.042507e-09 2.049430e-11
Algorithm converged after  10  iterations.
[1] 1.702365e-07 1.408672e-09 5.163752e-12
[1] 2.234490e-07 1.499772e-09 5.607409e-12
[1] 2.580089e-07 1.545290e-09 9.834753e-12
Algorithm converged after  28  iterations.
[1] 7.358146e-08 4.374856e-10 1.126903e-12
Algorithm converged after  7  iterations.
[1] 2.904848e-08 1.188381e-10 2.079845e-13
Algorithm converged after  7  iterations.
[1] 1.030765e-08 2.758676e-11 3.152162e-14
Algorithm converged after  7  iterations.
[1] 3.222422e-09 5.315987e-12 3.781409e-15
Algorithm converged after  7  iterations.
[1] 8.653276e-10 8.196330e-13 3.427438e-16
Algorithm converged after  7  iterations.
[1] 1.931971e-10 9.643792e-14 1.362255e-16
[1] 2.828614e-10 1.019871e-13 1.457350e-16
[1] 2.435131e-10 9.974826e-14 2.389717e-17
[1] 2.814731e-10 1.018917e-13 3.639217e-27
[1] 2.499687e-10 1.001432e-13 1.421963e-16
Algorithm converged after  42  iterations.
[1] 3.436665e-11 8.139126e-15 7.272885e-36
[1] 4.451942e-11 8.411811e-15 7.705867e-28
[1] 4.436944e-11 8.410362e-15 2.103314e-27
[1] 4.136361e-11 8.334648e-15 2.429375e-27
[1] 4.143390e-11 8.335737e-15 1.808134e-28
[1] 4.499312e-11 8.427302e-15 1.393604e-28
[1] 4.883094e-11 8.526380e-15 1.003819e-18
[1] 4.041069e-11 8.304708e-15 2.847967e-33
[1] 4.433181e-11 8.411847e-15 2.793008e-28
[1] 4.900185e-11 8.531506e-15 9.472043e-30
[1] 4.613473e-11 8.457160e-15 8.803452e-39
[1] 4.095989e-11 8.324490e-15 1.279224e-39
[1] 4.391426e-11 8.409900e-15 1.005454e-18
[1] 4.899474e-11 8.531822e-15 3.421192e-28
[1] 4.861833e-11 8.520135e-15 9.845351e-19
[1] 4.903784e-11 8.533779e-15 1.001020e-18
[1] 4.464621e-11 8.422221e-15 9.879569e-19
[1] 4.642207e-11 8.466423e-15 2.327655e-28
[1] 4.853148e-11 8.519965e-15 2.435900e-27
[1] 4.883131e-11 8.530456e-15 1.685315e-41
Algorithm did not converge after  200  iterations.
[1] 4.601731e-12 4.536810e-16 3.919800e-31
[1] 6.490635e-12 4.729244e-16 2.523397e-20
Algorithm converged after  14  iterations.
[1] 4.292570e-13 1.492334e-17 3.071901e-22
Algorithm converged after  6  iterations.
[1] 2.502893e-14 2.474362e-19 7.265586e-26
Algorithm converged after  5  iterations.
[1] 7.799985e-16 1.646867e-21 9.675102e-29
Algorithm converged after  5  iterations.
[1] 1.027253e-17 3.127046e-24 7.903406e-57
[1] 1.349941e-17 3.195116e-24 1.092450e-30
Algorithm converged after  11  iterations.
[1] 3.953015e-20 9.904545e-28 1.436115e-59
Algorithm converged after  10  iterations.
[1] 2.403006e-23 2.139737e-32 2.291985e-41
[1] 2.920532e-23 2.164554e-32 2.324963e-41
[1] 2.987136e-23 2.167752e-32 2.341315e-41
Algorithm converged after  24  iterations.
[1] 7.628049e-28 6.304345e-39 5.830670e-64
[1] 9.421721e-28 6.372383e-39 1.229868e-49
[1] 9.422756e-28 6.372380e-39 1.040856e-49
Algorithm converged after  22  iterations.
[1] 1.381825e-34 1.013004e-48 1.676802e-81
[1] 1.681736e-34 1.021370e-48 4.879026e-62
[1] 1.513755e-34 1.016779e-48 1.223435e-94
[1] 1.634120e-34 1.020071e-48 4.880895e-62
[1] 1.682482e-34 1.021405e-48 1.482560e-61
[1] 1.545969e-34 1.017706e-48 2.683111e-72
[1] 1.543355e-34 1.017609e-48 2.799049e-81
[1] 1.544720e-34 1.017670e-48 3.032591e-62
[1] 1.503027e-34 1.016485e-48 9.942270e-93
Algorithm converged after  87  iterations.
[1] 8.157233e-46 4.856069e-65 3.949539e-83
Algorithm converged after  9  iterations.
[1]  2.922806e-68  1.137696e-97 1.886924e-129
Algorithm converged after  4  iterations.
[1] 1.425899e-135 1.540427e-195 9.254411e-246
[1] 1.492023e-135 1.541553e-195 9.349889e-246
[1] 1.492012e-135 1.541553e-195 9.355796e-246
[1] 1.492008e-135 1.541553e-195 9.357016e-246
[1] 1.492008e-135 1.541553e-195 9.357270e-246
[1] 1.492008e-135 1.541553e-195 9.357322e-246
[1] 1.492008e-135 1.541553e-195 9.357333e-246
[1] 1.492008e-135 1.541553e-195 9.357335e-246
[1] 1.492008e-135 1.541553e-195 9.357336e-246
[1] 1.492008e-135 1.541553e-195 9.357336e-246
[1] 1.492008e-135 1.541553e-195 9.357336e-246
[1] 1.492008e-135 1.541553e-195 9.357336e-246
[1] 1.492008e-135 1.541553e-195 9.357336e-246
[1] 1.492008e-135 1.541553e-195 9.357336e-246
[1] 1.492008e-135 1.541553e-195 9.357336e-246
[1] 1.492008e-135 1.541553e-195 9.357336e-246
[1] 1.492008e-135 1.541553e-195 9.357336e-246
[1] 1.492008e-135 1.541553e-195 9.357336e-246
[1] 1.492008e-135 1.541553e-195 9.357336e-246
[1] 1.492008e-135 1.541553e-195 9.357336e-246
Algorithm did not converge after  200  iterations.
[1] 0.1594765
Algorithm converged after  2  iterations.
[1] 4.035121e-03 3.439462e-04 7.634682e-05
[1] 5.374871e-03 4.194862e-04 9.617202e-05
Algorithm converged after  16  iterations.
[1] 3.453373e-03 2.669583e-04 6.137471e-05
[1] 0.0046209207 0.0003210031 0.0000752380
Algorithm converged after  14  iterations.
[1] 0.0029411002 0.0002050871 0.0000493372
[1] 3.949010e-03 2.439818e-04 5.880356e-05
Algorithm converged after  13  iterations.
[1] 2.491578e-03 1.558938e-04 3.943544e-05
[1] 3.354008e-03 1.842276e-04 4.595302e-05
Algorithm converged after  12  iterations.
[1] 2.098714e-03 1.172226e-04 3.126951e-05
[1] 2.830169e-03 1.381342e-04 3.585858e-05
Algorithm converged after  12  iterations.
[1] 1.756938e-03 8.718562e-05 2.459380e-05
[1] 2.370632e-03 1.027331e-04 2.787097e-05
Algorithm converged after  14  iterations.
[1] 1.461115e-03 6.414824e-05 1.923298e-05
[1] 1.967598e-03 7.567266e-05 2.151313e-05
[1] 1.967838e-03 7.566399e-05 2.151475e-05
[1] 1.967868e-03 7.566291e-05 2.151496e-05
Algorithm converged after  39  iterations.
[1] 1.206497e-03 4.671408e-05 1.506649e-05
[1] 1.693845e-03 5.671163e-05 1.770743e-05
[1] 1.703041e-03 5.838435e-05 1.632705e-05
[1] 1.698606e-03 5.891694e-05 1.589297e-05
[1] 1.694835e-03 5.910715e-05 1.573662e-05
[1] 1.692536e-03 5.918232e-05 1.567340e-05
[1] 1.691240e-03 5.921496e-05 1.564530e-05
[1] 1.690529e-03 5.923027e-05 1.563188e-05
[1] 1.690144e-03 5.923785e-05 1.562517e-05
[1] 1.689937e-03 5.924172e-05 1.562171e-05
[1] 1.689826e-03 5.924375e-05 1.561989e-05
[1] 1.689766e-03 5.924481e-05 1.561893e-05
[1] 1.689734e-03 5.924538e-05 1.561842e-05
[1] 1.689717e-03 5.924568e-05 1.561815e-05
[1] 1.689708e-03 5.924585e-05 1.561800e-05
[1] 1.689703e-03 5.924593e-05 1.561793e-05
[1] 1.689700e-03 5.924598e-05 1.561788e-05
[1] 1.689699e-03 5.924600e-05 1.561786e-05
[1] 1.689698e-03 5.924602e-05 1.561785e-05
[1] 1.689698e-03 5.924602e-05 1.561784e-05
Algorithm converged after  191  iterations.
[1] 9.886778e-04 3.370936e-05 1.207042e-05
[1] 1.334142e-03 4.245264e-05 1.248946e-05
[1] 1.341600e-03 4.300612e-05 1.245176e-05
[1] 1.346593e-03 4.316746e-05 1.251257e-05
[1] 1.349630e-03 4.321048e-05 1.256339e-05
[1] 1.351422e-03 4.321835e-05 1.259774e-05
[1] 1.352468e-03 4.321713e-05 1.261932e-05
[1] 1.353077e-03 4.321446e-05 1.263241e-05
[1] 1.353431e-03 4.321224e-05 1.264021e-05
[1] 1.353637e-03 4.321073e-05 1.264481e-05
[1] 1.353756e-03 4.320978e-05 1.264750e-05
[1] 1.353826e-03 4.320920e-05 1.264907e-05
[1] 1.353866e-03 4.320885e-05 1.264999e-05
[1] 1.353889e-03 4.320865e-05 1.265052e-05
[1] 1.353903e-03 4.320853e-05 1.265083e-05
[1] 1.353907e-03 4.320847e-05 1.265094e-05
[1] 1.353910e-03 4.320845e-05 1.265100e-05
[1] 1.353912e-03 4.320843e-05 1.265104e-05
[1] 1.353913e-03 4.320842e-05 1.265106e-05
[1] 1.353913e-03 4.320842e-05 1.265107e-05
Algorithm did not converge after  200  iterations.
[1] 8.035722e-04 2.416879e-05 1.043686e-05
[1] 1.064786e-03 3.027682e-05 1.007149e-05
[1] 1.066914e-03 3.038408e-05 1.015424e-05
[1] 1.068339e-03 3.042631e-05 1.020549e-05
[1] 1.069291e-03 3.044238e-05 1.023928e-05
[1] 1.069924e-03 3.044786e-05 1.026165e-05
[1] 1.070343e-03 3.044922e-05 1.027649e-05
[1] 1.070622e-03 3.044910e-05 1.028639e-05
[1] 1.070805e-03 3.044859e-05 1.029291e-05
[1] 1.070926e-03 3.044807e-05 1.029721e-05
[1] 1.071006e-03 3.044763e-05 1.030008e-05
[1] 1.07106e-03 3.04473e-05 1.03020e-05
[1] 1.071096e-03 3.044707e-05 1.030329e-05
[1] 1.071120e-03 3.044690e-05 1.030414e-05
[1] 1.071136e-03 3.044679e-05 1.030471e-05
[1] 1.071146e-03 3.044671e-05 1.030510e-05
[1] 1.071154e-03 3.044666e-05 1.030535e-05
[1] 1.071158e-03 3.044662e-05 1.030552e-05
[1] 1.071162e-03 3.044660e-05 1.030563e-05
[1] 1.071164e-03 3.044658e-05 1.030571e-05
Algorithm did not converge after  200  iterations.
[1] 6.473941e-04 1.732636e-05 9.684071e-06
[1] 8.421760e-04 2.119968e-05 8.313658e-06
[1] 8.420372e-04 2.120053e-05 8.305853e-06
[1] 8.420337e-04 2.120056e-05 8.305639e-06
Algorithm converged after  33  iterations.
[1] 5.166447e-04 1.258431e-05 8.305939e-06
[1] 6.917941e-04 1.577184e-05 9.340735e-06
Algorithm converged after  15  iterations.
[1] 4.081022e-04 9.341190e-06 6.173638e-06
[1] 5.532005e-04 1.229314e-05 7.359786e-06
Algorithm converged after  12  iterations.
[1] 3.188145e-04 7.023102e-06 4.252946e-06
[1] 4.331569e-04 9.591385e-06 5.069548e-06
Algorithm converged after  11  iterations.
[1] 2.460909e-04 5.286453e-06 2.819565e-06
Algorithm converged after  10  iterations.
[1] 1.874951e-04 3.949945e-06 1.818381e-06
Algorithm converged after  9  iterations.
[1] 1.408361e-04 2.911023e-06 1.144309e-06
Algorithm converged after  9  iterations.
[1] 1.041591e-04 2.105456e-06 7.030698e-07
Algorithm converged after  9  iterations.
[1] 7.573491e-05 1.488200e-06 6.377128e-13
Algorithm converged after  10  iterations.
[1] 5.404835e-05 1.024135e-06 2.460559e-07
Algorithm converged after  9  iterations.
[1] 3.778590e-05 6.837283e-07 1.395793e-07
Algorithm converged after  9  iterations.
[1] 2.582242e-05 4.412488e-07 7.669212e-08
Algorithm converged after  9  iterations.
[1] 1.720712e-05 2.742329e-07 4.066451e-08
Algorithm converged after  8  iterations.
[1] 1.114881e-05 1.634573e-07 2.071772e-08
Algorithm converged after  9  iterations.
[1] 7.000555e-06 9.301126e-08 1.009157e-08
Algorithm converged after  8  iterations.
[1] 4.243932e-06 5.026035e-08 3.273981e-09
[1] 5.002110e-06 5.999406e-08 3.325990e-09
Algorithm converged after  19  iterations.
[1] 2.472916e-06 2.563454e-08 1.337196e-09
[1] 2.924571e-06 3.032897e-08 1.354336e-09
Algorithm converged after  12  iterations.
[1] 1.377827e-06 1.225278e-08 5.060512e-10
Algorithm converged after  10  iterations.
[1] 7.295490e-07 5.442393e-09 1.756700e-10
Algorithm converged after  8  iterations.
[1] 3.644273e-07 2.223958e-09 5.525742e-11
Algorithm converged after  8  iterations.
[1] 1.702365e-07 8.260405e-10 1.551883e-11
Algorithm converged after  8  iterations.
[1] 7.358146e-08 2.748270e-10 3.822265e-12
Algorithm converged after  7  iterations.
[1] 2.904848e-08 8.044981e-11 8.077147e-13
Algorithm converged after  7  iterations.
[1] 1.030765e-08 2.026678e-11 1.425317e-13
Algorithm converged after  7  iterations.
[1] 3.222422e-09 4.273786e-12 2.030408e-14
Algorithm converged after  7  iterations.
[1] 8.653276e-10 7.283982e-13 2.236967e-15
Algorithm converged after  7  iterations.
[1] 1.931971e-10 9.590721e-14 1.803900e-16
Algorithm converged after  7  iterations.
[1] 3.436665e-11 9.196427e-15 9.907311e-18
Algorithm converged after  7  iterations.
[1] 4.601731e-12 5.935792e-16 3.366519e-19
Algorithm converged after  7  iterations.
[1] 4.292570e-13 2.316305e-17 6.208948e-21
Algorithm converged after  6  iterations.
[1] 2.502893e-14 4.701930e-19 5.174324e-23
Algorithm converged after  10  iterations.
[1] 7.799985e-16 3.995764e-21 1.495189e-25
[1] 9.135529e-16 4.236406e-21 4.478050e-25
[1] 9.136239e-16 4.236576e-21 4.474195e-25
[1] 9.136258e-16 4.236588e-21 4.474094e-25
[1] 9.136260e-16 4.236595e-21 4.474093e-25
[1] 9.136261e-16 4.236602e-21 4.474096e-25
[1] 9.136261e-16 4.236609e-21 4.474098e-25
[1] 9.136262e-16 4.236615e-21 4.474100e-25
[1] 9.136263e-16 4.236622e-21 4.474103e-25
[1] 9.136264e-16 4.236629e-21 4.474105e-25
[1] 9.136265e-16 4.236636e-21 4.474107e-25
[1] 9.136266e-16 4.236643e-21 4.474110e-25
[1] 9.136267e-16 4.236650e-21 4.474112e-25
[1] 9.136267e-16 4.236657e-21 4.474114e-25
[1] 9.136268e-16 4.236664e-21 4.474116e-25
[1] 9.136269e-16 4.236671e-21 4.474119e-25
[1] 9.136270e-16 4.236678e-21 4.474121e-25
[1] 9.136271e-16 4.236685e-21 4.474123e-25
[1] 9.136272e-16 4.236692e-21 4.474126e-25
[1] 9.136273e-16 4.236699e-21 4.474128e-25
Algorithm did not converge after  200  iterations.
[1] 1.027253e-17 1.026311e-23 8.228604e-41
[1] 1.184207e-17 1.077158e-23 1.172709e-26
[1] 1.184206e-17 1.077194e-23 1.172842e-26
[1] 1.184207e-17 1.077212e-23 1.172841e-26
[1] 1.184208e-17 1.077229e-23 1.172838e-26
[1] 1.184209e-17 1.077246e-23 1.172835e-26
[1] 1.184210e-17 1.077264e-23 1.172832e-26
[1] 1.184211e-17 1.077281e-23 1.172829e-26
[1] 1.184212e-17 1.077298e-23 1.172827e-26
[1] 1.184213e-17 1.077316e-23 1.172824e-26
[1] 1.184214e-17 1.077333e-23 1.172821e-26
[1] 1.184215e-17 1.077351e-23 1.172818e-26
[1] 1.184216e-17 1.077368e-23 1.172816e-26
