myseed=8770 

Attaching package: ‘pls’

The following object is masked from ‘package:stats’:

    loadings

Loading required package: lattice
Loading required package: ggplot2
Registered S3 methods overwritten by 'ggplot2':
  method         from 
  [.quosures     rlang
  c.quosures     rlang
  print.quosures rlang

Attaching package: ‘caret’

The following object is masked from ‘package:pls’:

    R2

Loading required package: Matrix
Loading required package: foreach
Loaded glmnet 2.0-18

Parsed with column specification:
cols(
  .default = col_double()
)
See spec(...) for full column specifications.
Parsed with column specification:
cols(
  X1 = col_double()
)
Parsed with column specification:
cols(
  X1 = col_double()
)
[1] "Best 2step parameter is:"
     gam    rankJ   rankA1   rankA2   rankA3 
1.586207 2.000000 1.000000 0.000000 0.000000 
[1] 0.004548267
Algorithm converged after  2  iterations.
[1] 0.00388968
Algorithm converged after  2  iterations.
[1] 0.003309223
Algorithm converged after  2  iterations.
[1] 0.002799633
Algorithm converged after  2  iterations.
[1] 0.002354252
Algorithm converged after  2  iterations.
[1] 0.00196693
Algorithm converged after  2  iterations.
[1] 0.001631951
Algorithm converged after  2  iterations.
[1] 0.001343987
Algorithm converged after  2  iterations.
[1] 0.001098064
Algorithm converged after  2  iterations.
[1] 0.000889536
Algorithm converged after  2  iterations.
[1] 0.0007140746
Algorithm converged after  2  iterations.
[1] 0.0005676574
Algorithm converged after  2  iterations.
[1] 0.000446564
Algorithm converged after  2  iterations.
[1] 0.0003473728
Algorithm converged after  2  iterations.
[1] 0.0002669584
Algorithm converged after  2  iterations.
[1] 0.0002024893
Algorithm converged after  2  iterations.
[1] 0.0001514228
Algorithm converged after  2  iterations.
[1] 0.000111498
Algorithm converged after  2  iterations.
[1] 8.072546e-05
Algorithm converged after  2  iterations.
[1] 5.737419e-05
Algorithm converged after  2  iterations.
[1] 3.995579e-05
Algorithm converged after  2  iterations.
[1] 2.720686e-05
Algorithm converged after  2  iterations.
[1] 1.806988e-05
Algorithm converged after  2  iterations.
[1] 1.167329e-05
Algorithm converged after  2  iterations.
[1] 7.311155e-06
Algorithm converged after  2  iterations.
[1] 4.422839e-06
Algorithm converged after  2  iterations.
[1] 2.572966e-06
Algorithm converged after  2  iterations.
[1] 1.432021e-06
Algorithm converged after  2  iterations.
[1] 7.5789e-07
Algorithm converged after  2  iterations.
[1] 3.786715e-07
Algorithm converged after  2  iterations.
[1] 1.770721e-07
Algorithm converged after  2  iterations.
[1] 7.668486e-08
Algorithm converged after  2  iterations.
[1] 3.036487e-08
Algorithm converged after  2  iterations.
[1] 1.08208e-08
Algorithm converged after  2  iterations.
[1] 3.402367e-09
Algorithm converged after  2  iterations.
[1] 9.205749e-10
Algorithm converged after  2  iterations.
[1] 2.075448e-10
Algorithm converged after  2  iterations.
[1] 3.738201e-11
Algorithm converged after  2  iterations.
[1] 5.085686e-12
Algorithm converged after  2  iterations.
[1] 4.841287e-13
Algorithm converged after  2  iterations.
[1] 2.897419e-14
Algorithm converged after  2  iterations.
[1] 9.340492e-16
Algorithm converged after  2  iterations.
[1] 1.286347e-17
Algorithm converged after  2  iterations.
[1] 5.257672e-20
Algorithm converged after  2  iterations.
[1] 3.475961e-23
Algorithm converged after  2  iterations.
[1] 1.246739e-27
Algorithm converged after  2  iterations.
[1] 2.7298e-34
Algorithm converged after  2  iterations.
[1] 2.231086e-45
Algorithm converged after  2  iterations.
[1] 1.557366e-67
Algorithm converged after  2  iterations.
[1] 5.834769e-134
Algorithm converged after  2  iterations.
[1] 0.1687634
Algorithm converged after  2  iterations.
[1] 0.0045482673 0.0007245576
[1] 0.008333017 0.001025572
Algorithm converged after  15  iterations.
[1] 0.0038896796 0.0005741336
[1] 0.0071198780 0.0008064987
Algorithm converged after  14  iterations.
[1] 0.0033092231 0.0004502487
[1] 0.0060349742 0.0006277725
Algorithm converged after  13  iterations.
[1] 0.0027996330 0.0003491715
[1] 0.0050722247 0.0004833371
Algorithm converged after  13  iterations.
[1] 0.002354252 0.000267586
[1] 0.0042257072 0.0003679238
Algorithm converged after  13  iterations.
[1] 0.0019669297 0.0002025123
[1] 0.0034890572 0.0002768338
Algorithm converged after  12  iterations.
[1] 0.0016319508 0.0001512723
[1] 0.0028550678 0.0002058619
Algorithm converged after  11  iterations.
[1] 0.0013439873 0.0001114757
Algorithm converged after  10  iterations.
[1] 1.098064e-03 8.101353e-05
Algorithm converged after  10  iterations.
[1] 8.895360e-04 5.805144e-05
Algorithm converged after  9  iterations.
[1] 7.140746e-04 4.101848e-05
Algorithm converged after  9  iterations.
[1] 5.676574e-04 2.858945e-05
Algorithm converged after  8  iterations.
[1] 4.465640e-04 1.966178e-05
Algorithm converged after  7  iterations.
[1] 3.473728e-04 1.333622e-05
Algorithm converged after  7  iterations.
[1] 2.669584e-04 8.906578e-06
Algorithm converged after  6  iterations.
[1] 2.024893e-04 5.841628e-06
Algorithm converged after  7  iterations.
[1] 1.514228e-04 3.751519e-06
Algorithm converged after  8  iterations.
[1] 1.114980e-04 2.351745e-06
Algorithm converged after  8  iterations.
[1] 8.072546e-05 1.434591e-06
Algorithm converged after  8  iterations.
[1] 5.737419e-05 8.488555e-07
Algorithm converged after  8  iterations.
[1] 3.995579e-05 4.855699e-07
Algorithm converged after  8  iterations.
[1] 2.720686e-05 2.675551e-07
Algorithm converged after  8  iterations.
[1] 1.806988e-05 1.414448e-07
Algorithm converged after  8  iterations.
[1] 1.167329e-05 7.142136e-08
Algorithm converged after  8  iterations.
[1] 7.311155e-06 3.427057e-08
Algorithm converged after  7  iterations.
[1] 4.422839e-06 1.553516e-08
Algorithm converged after  7  iterations.
[1] 2.572966e-06 6.607685e-09
Algorithm converged after  7  iterations.
[1] 1.432021e-06 2.616099e-09
Algorithm converged after  7  iterations.
[1] 7.578900e-07 9.550803e-10
Algorithm converged after  7  iterations.
[1] 3.786715e-07 3.179385e-10
Algorithm converged after  7  iterations.
[1] 1.770721e-07 9.522115e-11
Algorithm converged after  6  iterations.
[1] 7.668486e-08 2.524399e-11
Algorithm converged after  6  iterations.
[1] 3.036487e-08 5.807647e-12
Algorithm converged after  6  iterations.
[1] 1.08208e-08 1.13141e-12
Algorithm converged after  6  iterations.
[1] 3.402367e-09 1.810165e-13
Algorithm converged after  6  iterations.
[1] 9.205749e-10 2.287975e-14
Algorithm converged after  5  iterations.
[1] 2.075448e-10 2.173513e-15
Algorithm converged after  5  iterations.
[1] 3.738201e-11 1.453882e-16
Algorithm converged after  5  iterations.
[1] 5.085686e-12 6.277517e-18
Algorithm converged after  5  iterations.
[1] 4.841287e-13 1.553953e-19
Algorithm converged after  5  iterations.
[1] 2.897419e-14 1.868009e-21
Algorithm converged after  4  iterations.
[1] 9.340492e-16 8.579597e-24
Algorithm converged after  4  iterations.
[1] 1.286347e-17 1.050739e-26
Algorithm converged after  4  iterations.
[1] 5.257672e-20 1.949923e-30
Algorithm converged after  4  iterations.
[1] 3.475961e-23 2.138017e-35
Algorithm converged after  4  iterations.
[1] 1.246739e-27 2.542961e-42
Algorithm converged after  4  iterations.
[1] 2.729800e-34 1.106526e-52
Algorithm converged after  4  iterations.
[1] 2.231086e-45 6.480985e-70
Algorithm converged after  5  iterations.
[1]  1.557366e-67 2.553048e-104
Algorithm converged after  5  iterations.
[1] 5.834769e-134 2.131830e-207
Algorithm converged after  5  iterations.
[1] 0.1633672
Algorithm converged after  2  iterations.
[1] 0.0045482673 0.0003200193
[1] 0.0046849134 0.0005290804
Algorithm converged after  14  iterations.
[1] 0.0038896796 0.0002420849
[1] 0.0041007925 0.0004148122
Algorithm converged after  11  iterations.
[1] 0.0033092231 0.0001818661
Algorithm converged after  10  iterations.
[1] 0.0027996330 0.0001357617
Algorithm converged after  8  iterations.
[1] 0.0023542522 0.0001008439
Algorithm converged after  8  iterations.
[1] 1.966930e-03 7.479562e-05
Algorithm converged after  7  iterations.
[1] 1.631951e-03 5.611173e-05
Algorithm converged after  8  iterations.
[1] 1.343987e-03 4.591387e-05
Algorithm converged after  9  iterations.
[1] 1.098064e-03 3.889998e-05
Algorithm converged after  10  iterations.
[1] 8.895360e-04 3.318985e-05
Algorithm converged after  10  iterations.
[1] 7.140746e-04 2.828014e-05
Algorithm converged after  9  iterations.
[1] 5.676574e-04 2.392939e-05
Algorithm converged after  9  iterations.
[1] 4.46564e-04 2.00146e-05
Algorithm converged after  9  iterations.
[1] 3.473728e-04 1.647967e-05
Algorithm converged after  8  iterations.
[1] 2.669584e-04 1.330827e-05
Algorithm converged after  8  iterations.
[1] 2.024893e-04 1.050497e-05
Algorithm converged after  7  iterations.
[1] 1.514228e-04 8.080277e-06
Algorithm converged after  7  iterations.
[1] 1.114980e-04 6.039187e-06
Algorithm converged after  6  iterations.
[1] 8.072546e-05 4.374043e-06
Algorithm converged after  6  iterations.
[1] 5.737419e-05 3.061891e-06
Algorithm converged after  6  iterations.
[1] 3.995579e-05 2.065905e-06
Algorithm converged after  6  iterations.
[1] 2.720686e-05 1.339556e-06
Algorithm converged after  6  iterations.
[1] 1.806988e-05 8.319621e-07
Algorithm converged after  6  iterations.
[1] 1.167329e-05 4.930464e-07
Algorithm converged after  6  iterations.
[1] 7.311155e-06 2.775821e-07
Algorithm converged after  7  iterations.
[1] 4.422839e-06 1.476912e-07
Algorithm converged after  7  iterations.
[1] 2.572966e-06 7.380808e-08
Algorithm converged after  7  iterations.
[1] 1.432021e-06 3.439241e-08
Algorithm converged after  6  iterations.
[1] 7.578900e-07 1.481279e-08
Algorithm converged after  6  iterations.
[1] 3.786715e-07 5.835429e-09
Algorithm converged after  6  iterations.
[1] 1.770721e-07 2.076203e-09
Algorithm converged after  6  iterations.
[1] 7.668486e-08 6.569566e-10
Algorithm converged after  6  iterations.
[1] 3.036487e-08 1.814116e-10
Algorithm converged after  6  iterations.
[1] 1.082080e-08 4.270596e-11
Algorithm converged after  6  iterations.
[1] 3.402367e-09 8.322881e-12
Algorithm converged after  6  iterations.
[1] 9.205749e-10 1.293810e-12
Algorithm converged after  6  iterations.
[1] 2.075448e-10 1.529311e-13
Algorithm converged after  6  iterations.
[1] 3.738201e-11 1.291083e-14
Algorithm converged after  6  iterations.
[1] 5.085686e-12 7.161004e-16
Algorithm converged after  6  iterations.
[1] 4.841287e-13 2.328524e-17
Algorithm converged after  6  iterations.
[1] 2.897419e-14 3.784489e-19
Algorithm converged after  6  iterations.
[1] 9.340492e-16 2.441745e-21
Algorithm converged after  6  iterations.
[1] 1.286347e-17 4.426765e-24
Algorithm converged after  6  iterations.
[1] 5.257672e-20 1.310257e-27
Algorithm converged after  6  iterations.
[1] 3.475961e-23 2.561736e-32
Algorithm converged after  5  iterations.
[1] 1.246739e-27 6.491410e-39
Algorithm converged after  5  iterations.
[1] 2.729800e-34 8.210172e-49
Algorithm converged after  5  iterations.
[1] 2.231086e-45 2.597535e-65
Algorithm converged after  5  iterations.
[1] 1.557366e-67 2.591996e-98
Algorithm converged after  5  iterations.
[1] 5.834769e-134 2.613837e-197
Algorithm converged after  5  iterations.
[1] 0.161828
Algorithm converged after  2  iterations.
[1] 0.0045482673 0.0004090094
[1] 0.0058285281 0.0008252374
Algorithm converged after  12  iterations.
[1] 0.0038896796 0.0003276353
[1] 0.0049808439 0.0006826804
Algorithm converged after  11  iterations.
[1] 0.003309223 0.000262108
[1] 0.0042378675 0.0005594506
Algorithm converged after  11  iterations.
[1] 0.0027996330 0.0002096033
Algorithm converged after  10  iterations.
[1] 0.0023542522 0.0001679033
Algorithm converged after  10  iterations.
[1] 0.0019669297 0.0001352742
Algorithm converged after  10  iterations.
[1] 0.0016319508 0.0001101605
Algorithm converged after  9  iterations.
[1] 1.343987e-03 9.074498e-05
Algorithm converged after  9  iterations.
[1] 1.098064e-03 7.528255e-05
Algorithm converged after  8  iterations.
[1] 8.895360e-04 6.257326e-05
Algorithm converged after  9  iterations.
[1] 7.140746e-04 5.187432e-05
Algorithm converged after  9  iterations.
[1] 5.676574e-04 4.272203e-05
Algorithm converged after  9  iterations.
[1] 4.465640e-04 3.482358e-05
Algorithm converged after  9  iterations.
[1] 3.473728e-04 2.799507e-05
Algorithm converged after  9  iterations.
[1] 2.669584e-04 2.212164e-05
Algorithm converged after  9  iterations.
[1] 2.024893e-04 1.712809e-05
Algorithm converged after  9  iterations.
[1] 1.514228e-04 1.295623e-05
Algorithm converged after  9  iterations.
[1] 1.114980e-04 9.548449e-06
Algorithm converged after  9  iterations.
[1] 8.072546e-05 6.838102e-06
Algorithm converged after  8  iterations.
[1] 5.737419e-05 4.746424e-06
Algorithm converged after  8  iterations.
[1] 3.995579e-05 3.184712e-06
Algorithm converged after  8  iterations.
[1] 2.720686e-05 2.059692e-06
Algorithm converged after  8  iterations.
[1] 1.806988e-05 1.279896e-06
Algorithm converged after  8  iterations.
[1] 1.167329e-05 7.613799e-07
Algorithm converged after  8  iterations.
[1] 7.311155e-06 4.317592e-07
Algorithm converged after  8  iterations.
[1] 4.422839e-06 2.322403e-07
Algorithm converged after  8  iterations.
[1] 2.572966e-06 1.177996e-07
Algorithm converged after  8  iterations.
[1] 1.432021e-06 5.595533e-08
Algorithm converged after  8  iterations.
[1] 7.57890e-07 2.46849e-08
Algorithm converged after  8  iterations.
[1] 3.786715e-07 1.001382e-08
Algorithm converged after  8  iterations.
[1] 1.770721e-07 3.690984e-09
Algorithm converged after  8  iterations.
[1] 7.668486e-08 1.218245e-09
Algorithm converged after  7  iterations.
[1] 3.036487e-08 3.536917e-10
Algorithm converged after  7  iterations.
[1] 1.082080e-08 8.835219e-11
Algorithm converged after  7  iterations.
[1] 3.402367e-09 1.847144e-11
Algorithm converged after  7  iterations.
[1] 9.205749e-10 3.120664e-12
Algorithm converged after  7  iterations.
[1] 2.075448e-10 4.072536e-13
Algorithm converged after  7  iterations.
[1] 3.738201e-11 3.870134e-14
Algorithm converged after  7  iterations.
[1] 5.085686e-12 2.475452e-15
Algorithm converged after  6  iterations.
[1] 4.841287e-13 9.572799e-17
Algorithm converged after  6  iterations.
[1] 2.897419e-14 1.925873e-18
Algorithm converged after  6  iterations.
[1] 9.340492e-16 1.622447e-20
Algorithm converged after  6  iterations.
[1] 1.286347e-17 4.133362e-23
Algorithm converged after  6  iterations.
[1] 5.257672e-20 1.909420e-26
Algorithm converged after  6  iterations.
[1] 3.475961e-23 6.820126e-31
Algorithm converged after  6  iterations.
[1] 1.246739e-27 4.061921e-37
Algorithm converged after  5  iterations.
[1] 2.729800e-34 1.876498e-46
Algorithm converged after  5  iterations.
[1] 2.231086e-45 5.236284e-62
Algorithm converged after  5  iterations.
[1] 1.557366e-67 4.173403e-93
Algorithm converged after  5  iterations.
[1] 5.834769e-134 2.256505e-186
Algorithm converged after  5  iterations.
[1] 0.1588067
Algorithm converged after  2  iterations.
[1] 0.0045482673 0.0009379407
Algorithm converged after  2  iterations.
[1] 0.003889680 0.000758807
Algorithm converged after  2  iterations.
[1] 0.0033092231 0.0006103044
Algorithm converged after  2  iterations.
[1] 0.002799633 0.000488939
Algorithm converged after  2  iterations.
[1] 0.0023542522 0.0003914461
Algorithm converged after  2  iterations.
[1] 0.0019669297 0.0003151259
Algorithm converged after  2  iterations.
[1] 0.001631951 0.000258143
Algorithm converged after  2  iterations.
[1] 0.0013439873 0.0002173325
Algorithm converged after  2  iterations.
[1] 0.001098064 0.000186283
Algorithm converged after  2  iterations.
[1] 0.0008895360 0.0001606508
Algorithm converged after  2  iterations.
[1] 0.0007140746 0.0001383906
Algorithm converged after  2  iterations.
[1] 0.0005676574 0.0001184793
Algorithm converged after  2  iterations.
[1] 0.000446564 0.000100398
Algorithm converged after  2  iterations.
[1] 0.0003473728 0.0000839141
Algorithm converged after  2  iterations.
[1] 2.669584e-04 6.896607e-05
Algorithm converged after  2  iterations.
[1] 2.024893e-04 5.558333e-05
Algorithm converged after  2  iterations.
[1] 1.514228e-04 4.382429e-05
Algorithm converged after  2  iterations.
[1] 1.114980e-04 3.372917e-05
Algorithm converged after  2  iterations.
[1] 8.072546e-05 2.528961e-05
Algorithm converged after  2  iterations.
[1] 5.737419e-05 1.843604e-05
Algorithm converged after  2  iterations.
[1] 3.995579e-05 1.304043e-05
Algorithm converged after  2  iterations.
[1] 2.720686e-05 8.929754e-06
Algorithm converged after  2  iterations.
[1] 1.806988e-05 5.904755e-06
Algorithm converged after  2  iterations.
[1] 1.167329e-05 3.759145e-06
Algorithm converged after  2  iterations.
[1] 7.311155e-06 2.296053e-06
Algorithm converged after  2  iterations.
[1] 4.422839e-06 1.339923e-06
Algorithm converged after  2  iterations.
[1] 2.572966e-06 7.434294e-07
Algorithm converged after  2  iterations.
[1] 1.432021e-06 3.898567e-07
Algorithm converged after  2  iterations.
[1] 7.578900e-07 1.918726e-07
Algorithm converged after  2  iterations.
[1] 3.786715e-07 8.787792e-08
Algorithm converged after  2  iterations.
[1] 1.770721e-07 3.707235e-08
Algorithm converged after  2  iterations.
[1] 7.668486e-08 1.422651e-08
Algorithm converged after  2  iterations.
[1] 3.036487e-08 4.890619e-09
Algorithm converged after  2  iterations.
[1] 1.082080e-08 1.477721e-09
Algorithm converged after  2  iterations.
[1] 3.402367e-09 3.832152e-10
Algorithm converged after  2  iterations.
[1] 9.205749e-10 8.275472e-11
Algorithm converged after  2  iterations.
[1] 2.075448e-10 1.431371e-11
Algorithm converged after  2  iterations.
[1] 3.738201e-11 1.884582e-12
Algorithm converged after  2  iterations.
[1] 5.085686e-12 1.764779e-13
Algorithm converged after  2  iterations.
[1] 4.841287e-13 1.071389e-14
Algorithm converged after  2  iterations.
[1] 2.897419e-14 3.703815e-16
Algorithm converged after  2  iterations.
[1] 9.340492e-16 6.045170e-18
Algorithm converged after  2  iterations.
[1] 1.286347e-17 3.516677e-20
Algorithm converged after  2  iterations.
[1] 5.257672e-20 4.687626e-23
Algorithm converged after  2  iterations.
[1] 3.475961e-23 6.856218e-27
Algorithm converged after  2  iterations.
[1] 1.246739e-27 2.923582e-32
Algorithm converged after  2  iterations.
[1] 2.729800e-34 2.565874e-40
Algorithm converged after  2  iterations.
[1] 2.231086e-45 9.548484e-54
Algorithm converged after  2  iterations.
[1] 1.557366e-67 1.317688e-80
Algorithm converged after  2  iterations.
[1] 5.834769e-134 3.454398e-161
Algorithm converged after  2  iterations.
[1] 0.1462267
Algorithm converged after  2  iterations.
[1] 0.0045482673 0.0007245576 0.0002053977
[1] 0.0058051750 0.0008173238 0.0002183532
Algorithm converged after  13  iterations.
[1] 0.0038896796 0.0005741336 0.0001588490
[1] 0.0050626934 0.0006540220 0.0001671238
Algorithm converged after  13  iterations.
[1] 0.0033092231 0.0004502487 0.0001210916
[1] 0.0044012906 0.0005185032 0.0001268311
Algorithm converged after  13  iterations.
[1] 0.0027996330 0.0003491715 0.0000913246
[1] 3.814743e-03 4.068881e-04 9.557792e-05
Algorithm converged after  13  iterations.
[1] 0.0023542522 0.0002675860 0.0000683883
[1] 3.294045e-03 3.157285e-04 7.164226e-05
Algorithm converged after  13  iterations.
[1] 1.966930e-03 2.025123e-04 5.108546e-05
[1] 2.823876e-03 2.417799e-04 5.351934e-05
Algorithm converged after  13  iterations.
[1] 1.631951e-03 1.512723e-04 3.835294e-05
[1] 2.384793e-03 1.822148e-04 3.999884e-05
Algorithm converged after  12  iterations.
[1] 1.343987e-03 1.114757e-04 2.939922e-05
[1] 2.009877e-03 1.363674e-04 3.365865e-05
Algorithm converged after  18  iterations.
[1] 1.098064e-03 8.101353e-05 2.375415e-05
[1] 1.692991e-03 1.014300e-04 3.261443e-05
Algorithm converged after  13  iterations.
[1] 8.895360e-04 5.805144e-05 2.006872e-05
[1] 1.390472e-03 7.402840e-05 3.016062e-05
Algorithm converged after  12  iterations.
[1] 7.140746e-04 4.101848e-05 1.701351e-05
[1] 1.121271e-03 5.317400e-05 2.561595e-05
Algorithm converged after  12  iterations.
[1] 5.676574e-04 2.858945e-05 1.402903e-05
[1] 8.906672e-04 3.765793e-05 1.986961e-05
Algorithm converged after  12  iterations.
[1] 4.465640e-04 1.966178e-05 1.097314e-05
[1] 6.973920e-04 2.624232e-05 1.433862e-05
Algorithm converged after  11  iterations.
[1] 3.473728e-04 1.333622e-05 8.059781e-06
[1] 5.384324e-04 1.794798e-05 9.838773e-06
Algorithm converged after  11  iterations.
[1] 2.669584e-04 8.906578e-06 5.591173e-06
[1] 4.099220e-04 1.202111e-05 6.500461e-06
Algorithm converged after  11  iterations.
[1] 2.024893e-04 5.841628e-06 3.700163e-06
[1] 3.076483e-04 7.868642e-06 4.158114e-06
Algorithm converged after  11  iterations.
[1] 1.514228e-04 3.751519e-06 2.352504e-06
[1] 2.274582e-04 5.023053e-06 2.579854e-06
Algorithm converged after  11  iterations.
[1] 1.114980e-04 2.351745e-06 1.441780e-06
Algorithm converged after  10  iterations.
[1] 8.072546e-05 1.434591e-06 8.524682e-07
Algorithm converged after  10  iterations.
[1] 5.737419e-05 8.488555e-07 4.858302e-07
Algorithm converged after  10  iterations.
[1] 3.995579e-05 4.855699e-07 2.663291e-07
Algorithm converged after  10  iterations.
[1] 2.720686e-05 2.675551e-07 1.400144e-07
Algorithm converged after  9  iterations.
[1] 1.806988e-05 1.414448e-07 7.031942e-08
Algorithm converged after  9  iterations.
[1] 1.167329e-05 7.142136e-08 3.358096e-08
Algorithm converged after  9  iterations.
[1] 7.311155e-06 3.427057e-08 1.516380e-08
Algorithm converged after  9  iterations.
[1] 4.422839e-06 1.553516e-08 6.432335e-09
Algorithm converged after  8  iterations.
[1] 2.572966e-06 6.607685e-09 2.543419e-09
Algorithm converged after  8  iterations.
[1] 1.432021e-06 2.616099e-09 9.289607e-10
Algorithm converged after  8  iterations.
[1] 7.578900e-07 9.550803e-10 3.100405e-10
Algorithm converged after  8  iterations.
[1] 3.786715e-07 3.179385e-10 9.334575e-11
Algorithm converged after  7  iterations.
[1] 1.770721e-07 9.522115e-11 2.496438e-11
Algorithm converged after  7  iterations.
[1] 7.668486e-08 2.524399e-11 5.820796e-12
Algorithm converged after  7  iterations.
[1] 3.036487e-08 5.807647e-12 1.156550e-12
Algorithm converged after  7  iterations.
[1] 1.082080e-08 1.131410e-12 1.903814e-13
Algorithm converged after  6  iterations.
[1] 3.402367e-09 1.810165e-13 2.506482e-14
Algorithm converged after  6  iterations.
[1] 9.205749e-10 2.287975e-14 2.524144e-15
Algorithm converged after  6  iterations.
[1] 2.075448e-10 2.173513e-15 1.836007e-16
Algorithm converged after  6  iterations.
[1] 3.738201e-11 1.453882e-16 8.949343e-18
Algorithm converged after  5  iterations.
[1] 5.085686e-12 6.277517e-18 2.645245e-19
Algorithm converged after  5  iterations.
[1] 4.841287e-13 1.553953e-19 4.137362e-21
Algorithm converged after  5  iterations.
[1] 2.897419e-14 1.868009e-21 2.829587e-23
Algorithm converged after  4  iterations.
[1] 9.340492e-16 8.579597e-24 6.424050e-26
Algorithm converged after  4  iterations.
[1] 1.286347e-17 1.050739e-26 3.202580e-29
Algorithm converged after  4  iterations.
[1] 5.257672e-20 1.949923e-30 1.831266e-33
Algorithm converged after  4  iterations.
[1] 3.475961e-23 2.138017e-35 4.069040e-39
Algorithm converged after  4  iterations.
[1] 1.246739e-27 2.542961e-42 5.007020e-47
[1] 1.180890e-27 2.553720e-42 5.000332e-47
[1] 1.195629e-27 2.551659e-42 4.971153e-47
[1] 1.165904e-27 2.556220e-42 3.517463e-56
[1] 1.115847e-27 2.564911e-42 4.972324e-47
[1] 1.177932e-27 2.554634e-42 8.834548e-57
[1] 1.177913e-27 2.554713e-42 4.973259e-47
[1] 1.179265e-27 2.554337e-42 3.404545e-62
[1] 1.169907e-27 2.555860e-42 4.988261e-47
[1] 1.177408e-27 2.554877e-42 5.890307e-51
[1] 1.190883e-27 2.552837e-42 4.965955e-47
[1] 1.193810e-27 2.552323e-42 1.973714e-55
[1] 1.190805e-27 2.552927e-42 2.641597e-50
[1] 1.191372e-27 2.552718e-42 4.976458e-47
[1] 1.195706e-27 2.552135e-42 4.062680e-50
[1] 1.114813e-27 2.565385e-42 6.152834e-51
[1] 1.179584e-27 2.554799e-42 2.850081e-50
[1] 1.179319e-27 2.554841e-42 1.968850e-55
[1] 1.193963e-27 2.552560e-42 3.924625e-62
[1] 1.177992e-27 2.555102e-42 4.213277e-50
Algorithm did not converge after  200  iterations.
[1] 2.729800e-34 1.106526e-52 7.185698e-76
[1] 2.503908e-34 1.116447e-52 1.397890e-70
[1] 2.499085e-34 1.116679e-52 5.736497e-72
[1] 2.514098e-34 1.116022e-52 1.977074e-67
[1] 2.625308e-34 1.111151e-52 6.693537e-72
[1] 2.497901e-34 1.116791e-52 2.531009e-73
[1] 2.497233e-34 1.116834e-52 5.735493e-72
[1] 2.503573e-34 1.116563e-52 1.117123e-70
[1] 2.535952e-34 1.115139e-52 4.780506e-84
[1] 2.360942e-34 1.123091e-52 5.512354e-73
[1] 2.304194e-34 1.125670e-52 1.748618e-70
[1] 2.553506e-34 1.114424e-52 1.638282e-70
[1]  2.289253e-34  1.126435e-52 9.272670e-110
[1] 2.546063e-34 1.114822e-52 6.196139e-63
[1] 2.488831e-34 1.117392e-52 5.749720e-72
[1] 2.556990e-34 1.114351e-52 1.392736e-70
[1] 2.515040e-34 1.116246e-52 3.217889e-73
[1] 2.303390e-34 1.125855e-52 1.498356e-70
[1] 2.291583e-34 1.126427e-52 1.489787e-70
[1] 2.531705e-34 1.115526e-52 1.479636e-70
Algorithm did not converge after  200  iterations.
[1] 2.231086e-45 6.480985e-70 1.271672e-89
Algorithm converged after  5  iterations.
[1]  1.557366e-67 2.553048e-104 7.320771e-126
Algorithm converged after  5  iterations.
[1] 5.834769e-134 2.131830e-207 5.915903e-250
Algorithm converged after  5  iterations.
[1] 0.1612308
Algorithm converged after  2  iterations.
[1] 4.548267e-03 3.200193e-04 6.961976e-05
Algorithm converged after  10  iterations.
[1] 0.0038896796 0.0002420849 0.0000551332
Algorithm converged after  9  iterations.
[1] 3.309223e-03 1.818661e-04 4.395103e-05
Algorithm converged after  8  iterations.
[1] 2.799633e-03 1.357617e-04 3.583006e-05
Algorithm converged after  7  iterations.
[1] 2.354252e-03 1.008439e-04 3.065255e-05
Algorithm converged after  10  iterations.
[1] 1.966930e-03 7.479562e-05 2.838659e-05
[1] 1.958635e-03 7.272590e-05 2.326463e-05
Algorithm converged after  20  iterations.
[1] 1.631951e-03 5.611173e-05 3.162567e-05
[1] 1.646777e-03 5.534842e-05 2.763532e-05
Algorithm converged after  11  iterations.
[1] 1.343987e-03 4.591387e-05 2.982288e-05
[1] 1.384029e-03 4.441103e-05 2.927482e-05
Algorithm converged after  13  iterations.
[1] 1.098064e-03 3.889998e-05 2.121571e-05
[1] 1.134941e-03 3.807338e-05 2.152120e-05
Algorithm converged after  11  iterations.
[1] 8.895360e-04 3.318985e-05 1.464731e-05
[1] 9.244661e-04 3.315680e-05 1.500679e-05
Algorithm converged after  16  iterations.
[1] 7.140746e-04 2.828014e-05 9.897033e-06
[1] 7.483340e-04 2.877109e-05 1.017862e-05
[1] 7.482550e-04 2.877169e-05 1.017869e-05
Algorithm converged after  23  iterations.
[1] 5.676574e-04 2.392939e-05 6.553372e-06
[1] 6.022632e-04 2.468574e-05 6.747074e-06
[1] 6.022855e-04 2.468534e-05 6.747072e-06
[1] 6.022946e-04 2.468520e-05 6.747071e-06
Algorithm converged after  31  iterations.
[1] 4.465640e-04 2.001460e-05 4.250784e-06
[1] 4.844106e-04 2.080144e-05 4.403588e-06
[1] 4.847388e-04 2.075602e-05 4.420650e-06
[1] 4.847192e-04 2.075424e-05 4.421117e-06
Algorithm converged after  31  iterations.
[1] 3.473728e-04 1.647967e-05 2.698189e-06
[1] 3.827827e-04 1.733141e-05 2.852580e-06
Algorithm converged after  16  iterations.
[1] 2.669584e-04 1.330827e-05 1.674137e-06
[1] 2.990057e-04 1.417807e-05 1.803993e-06
Algorithm converged after  12  iterations.
[1] 2.024893e-04 1.050497e-05 1.015942e-06
Algorithm converged after  10  iterations.
[1] 1.514228e-04 8.080277e-06 6.060344e-07
Algorithm converged after  8  iterations.
[1] 1.114980e-04 6.039187e-06 3.556750e-07
Algorithm converged after  8  iterations.
[1] 8.072546e-05 4.374043e-06 1.857546e-07
Algorithm converged after  9  iterations.
[1] 5.737419e-05 3.061891e-06 9.887427e-08
[1] 7.064379e-05 3.386439e-06 1.213957e-07
Algorithm converged after  11  iterations.
[1] 3.995579e-05 2.065905e-06 5.054687e-08
[1] 4.907658e-05 2.259468e-06 5.084033e-08
[1] 4.909152e-05 2.260731e-06 5.080443e-08
[1] 4.908765e-05 2.260884e-06 5.080311e-08
[1] 4.908607e-05 2.260911e-06 5.080334e-08
[1] 4.908562e-05 2.260917e-06 5.080344e-08
[1] 4.908549e-05 2.260919e-06 5.080347e-08
Algorithm converged after  67  iterations.
[1] 2.720686e-05 1.339556e-06 2.472216e-08
[1] 3.381720e-05 1.463662e-06 2.504823e-08
[1] 3.381662e-05 1.463681e-06 2.504842e-08
Algorithm converged after  22  iterations.
[1] 1.806988e-05 8.319621e-07 1.151490e-08
[1] 2.040458e-05 8.623889e-07 1.271974e-08
[1] 2.123153e-05 8.837250e-07 1.479750e-08
[1] 2.414163e-05 9.357358e-07 1.070419e-08
Algorithm converged after  35  iterations.
[1] 1.167329e-05 4.930464e-07 5.080595e-09
[1] 1.503334e-05 5.400705e-07 5.154321e-09
Algorithm converged after  15  iterations.
[1] 7.311155e-06 2.775821e-07 2.110632e-09
[1] 9.583728e-06 3.043012e-07 2.143619e-09
Algorithm converged after  14  iterations.
[1] 4.422839e-06 1.476912e-07 8.198651e-10
[1] 5.687103e-06 1.597727e-07 8.891938e-10
Algorithm converged after  18  iterations.
[1] 2.572966e-06 7.380808e-08 2.954486e-10
[1] 3.477092e-06 8.083474e-08 2.792060e-10
[1] 3.499916e-06 8.105077e-08 6.627565e-18
[1] 3.465145e-06 8.086117e-08 2.726752e-10
[1] 3.456434e-06 8.134646e-08 9.581501e-18
[1] 3.404732e-06 8.007642e-08 1.387791e-17
[1] 3.297424e-06 7.939463e-08 3.253173e-10
[1] 3.702151e-06 8.289299e-08 2.660815e-10
Algorithm converged after  72  iterations.
[1] 1.432021e-06 3.439241e-08 9.788940e-11
Algorithm converged after  9  iterations.
[1] 7.578900e-07 1.481279e-08 5.170159e-20
Algorithm converged after  7  iterations.
[1] 3.786715e-07 5.835429e-09 3.333390e-21
Algorithm converged after  10  iterations.
[1] 1.770721e-07 2.076203e-09 1.909220e-12
[1] 2.573068e-07 2.277899e-09 1.841641e-12
Algorithm converged after  14  iterations.
[1] 7.668486e-08 6.569566e-10 6.342705e-26
Algorithm converged after  7  iterations.
[1] 3.036487e-08 1.814116e-10 1.270529e-19
Algorithm converged after  7  iterations.
[1] 1.082080e-08 4.270596e-11 9.941510e-15
Algorithm converged after  10  iterations.
[1] 3.402367e-09 8.322881e-12 1.128373e-15
[1] 4.714852e-09 8.839221e-12 2.124396e-29
[1] 4.895568e-09 8.913194e-12 1.142927e-15
Algorithm converged after  30  iterations.
[1] 9.205749e-10 1.293810e-12 9.652768e-17
[1] 1.341911e-09 1.383913e-12 4.948199e-17
[1] 1.351951e-09 1.386522e-12 9.527792e-17
Algorithm converged after  23  iterations.
[1] 2.075448e-10 1.529311e-13 2.115798e-25
Algorithm converged after  7  iterations.
[1] 3.738201e-11 1.291083e-14 1.554448e-39
Algorithm converged after  6  iterations.
[1] 5.085686e-12 7.161004e-16 3.320577e-19
[1] 7.371462e-12 7.551686e-16 5.533810e-21
Algorithm converged after  11  iterations.
[1] 4.841287e-13 2.328524e-17 3.971375e-23
Algorithm converged after  8  iterations.
[1] 2.897419e-14 3.784489e-19 1.840694e-25
[1] 4.228407e-14 3.962894e-19 1.821082e-25
Algorithm converged after  18  iterations.
[1] 9.340492e-16 2.441745e-21 5.021078e-28
Algorithm converged after  6  iterations.
[1] 1.286347e-17 4.426765e-24 1.565803e-31
Algorithm converged after  6  iterations.
[1] 5.257672e-20 1.310257e-27 2.083758e-36
Algorithm converged after  6  iterations.
[1] 3.475961e-23 2.561736e-32 1.343637e-42
Algorithm converged after  6  iterations.
[1] 1.246739e-27 6.491410e-39 1.725508e-53
[1] 1.708157e-27 6.636768e-39 7.447346e-53
[1] 1.708163e-27 6.636770e-39 7.458528e-53
[1] 1.708169e-27 6.636772e-39 7.469675e-53
[1] 1.708175e-27 6.636774e-39 7.480788e-53
[1] 1.708181e-27 6.636775e-39 7.491864e-53
[1] 1.708186e-27 6.636777e-39 7.502903e-53
[1] 1.708192e-27 6.636779e-39 7.513904e-53
[1] 1.708198e-27 6.636781e-39 7.524866e-53
[1] 1.708203e-27 6.636783e-39 7.535792e-53
[1] 1.703422e-27 6.635386e-39 7.622323e-53
[1] 1.703282e-27 6.635346e-39 3.536523e-53
[1] 1.708217e-27 6.636787e-39 7.560188e-53
[1] 1.703275e-27 6.635344e-39 7.636388e-53
[1] 1.703275e-27 6.635344e-39 7.636308e-53
[1] 1.703268e-27 6.635342e-39 7.642032e-53
[1] 1.703259e-27 6.635339e-39 7.638245e-53
[1] 1.703278e-27 6.635345e-39 7.637362e-53
[1] 1.703265e-27 6.635341e-39 7.646830e-53
[1] 1.703259e-27 6.635339e-39 7.633158e-53
Algorithm did not converge after  200  iterations.
[1] 2.729800e-34 8.210172e-49 2.627200e-80
Algorithm converged after  6  iterations.
[1] 2.231086e-45 2.597535e-65 3.014630e-88
Algorithm converged after  5  iterations.
[1]  1.557366e-67  2.591996e-98 1.166543e-135
Algorithm converged after  5  iterations.
[1] 5.834769e-134 2.613837e-197 8.006973e-283
Algorithm converged after  6  iterations.
[1] 0.1579955
Algorithm converged after  2  iterations.
[1] 0.0045482673 0.0004090094 0.0001258963
[1] 0.0054436350 0.0004604243 0.0001515258
Algorithm converged after  15  iterations.
[1] 0.0038896796 0.0003276353 0.0001070374
[1] 0.0047640083 0.0003709545 0.0001228968
Algorithm converged after  15  iterations.
[1] 3.309223e-03 2.621080e-04 9.001559e-05
[1] 4.168431e-03 2.986257e-04 9.816162e-05
Algorithm converged after  15  iterations.
[1] 2.799633e-03 2.096033e-04 7.569619e-05
[1] 3.640899e-03 2.397373e-04 7.744788e-05
Algorithm converged after  15  iterations.
[1] 2.354252e-03 1.679033e-04 6.482019e-05
[1] 3.173103e-03 1.922568e-04 6.089583e-05
Algorithm converged after  14  iterations.
[1] 1.966930e-03 1.352742e-04 5.736575e-05
[1] 2.764729e-03 1.566149e-04 5.124107e-05
Algorithm converged after  15  iterations.
[1] 1.631951e-03 1.101605e-04 5.047721e-05
[1] 2.349745e-03 1.306054e-04 5.156374e-05
Algorithm converged after  13  iterations.
[1] 1.343987e-03 9.074498e-05 4.171283e-05
[1] 1.946841e-03 1.083738e-04 4.732691e-05
Algorithm converged after  12  iterations.
[1] 1.098064e-03 7.528255e-05 3.259887e-05
[1] 1.594864e-03 9.120226e-05 3.924719e-05
Algorithm converged after  12  iterations.
[1] 8.895360e-04 6.257326e-05 2.455090e-05
[1] 1.294488e-03 7.726433e-05 3.021079e-05
Algorithm converged after  11  iterations.
[1] 7.140746e-04 5.187432e-05 1.799028e-05
[1] 1.041366e-03 6.516870e-05 2.224885e-05
Algorithm converged after  11  iterations.
[1] 5.676574e-04 4.272203e-05 1.287941e-05
[1] 8.301797e-04 5.438664e-05 1.590643e-05
Algorithm converged after  11  iterations.
[1] 4.465640e-04 3.482358e-05 9.022390e-06
Algorithm converged after  10  iterations.
[1] 3.473728e-04 2.799507e-05 6.186533e-06
Algorithm converged after  10  iterations.
[1] 2.669584e-04 2.212164e-05 4.150456e-06
Algorithm converged after  10  iterations.
[1] 2.024893e-04 1.712809e-05 2.721956e-06
Algorithm converged after  10  iterations.
[1] 1.514228e-04 1.295623e-05 1.742820e-06
Algorithm converged after  10  iterations.
[1] 1.114980e-04 9.548449e-06 1.087698e-06
Algorithm converged after  10  iterations.
[1] 8.072546e-05 6.838102e-06 6.603859e-07
Algorithm converged after  9  iterations.
[1] 5.737419e-05 4.746424e-06 3.891436e-07
Algorithm converged after  9  iterations.
[1] 3.995579e-05 3.184712e-06 2.219522e-07
Algorithm converged after  9  iterations.
[1] 2.720686e-05 2.059692e-06 1.221413e-07
Algorithm converged after  9  iterations.
[1] 1.806988e-05 1.279896e-06 6.461100e-08
Algorithm converged after  9  iterations.
[1] 1.167329e-05 7.613799e-07 3.271223e-08
Algorithm converged after  9  iterations.
[1] 7.311155e-06 4.317592e-07 1.577160e-08
Algorithm converged after  9  iterations.
[1] 4.422839e-06 2.322403e-07 7.198282e-09
Algorithm converged after  9  iterations.
[1] 2.572966e-06 1.177996e-07 3.088468e-09
Algorithm converged after  9  iterations.
[1] 1.432021e-06 5.595533e-08 1.235512e-09
[1] 2.079456e-06 6.645964e-08 1.384243e-09
[1] 2.338719e-06 7.016998e-08 1.472659e-09
[1] 2.259300e-06 6.755758e-08 1.429906e-09
[1] 2.394543e-06 7.148008e-08 1.487972e-09
Algorithm converged after  44  iterations.
[1] 7.578900e-07 2.468490e-08 5.789261e-20
Algorithm converged after  9  iterations.
[1] 3.786715e-07 1.001382e-08 1.538349e-10
Algorithm converged after  8  iterations.
[1] 1.770721e-07 3.690984e-09 4.666849e-11
Algorithm converged after  8  iterations.
[1] 7.668486e-08 1.218245e-09 6.292745e-20
[1] 1.285282e-07 1.485869e-09 1.494427e-11
Algorithm converged after  14  iterations.
[1] 3.036487e-08 3.536917e-10 2.914163e-12
Algorithm converged after  8  iterations.
[1] 1.082080e-08 8.835219e-11 5.726702e-13
Algorithm converged after  10  iterations.
[1] 3.402367e-09 1.847144e-11 9.206869e-14
[1] 5.650310e-09 2.177517e-11 1.079204e-13
Algorithm converged after  14  iterations.
[1] 9.205749e-10 3.120664e-12 8.244701e-33
[1] 1.500590e-09 3.603870e-12 1.324563e-14
Algorithm converged after  13  iterations.
[1] 2.075448e-10 4.072536e-13 1.095263e-15
Algorithm converged after  8  iterations.
[1] 3.738201e-11 3.870134e-14 7.186223e-17
Algorithm converged after  10  iterations.
[1] 5.085686e-12 2.475452e-15 1.578631e-39
Algorithm converged after  9  iterations.
[1] 4.841287e-13 9.572799e-17 6.751406e-41
[1] 7.716926e-13 1.066274e-16 2.259105e-40
[1] 7.700198e-13 1.065128e-16 7.775304e-20
Algorithm converged after  22  iterations.
[1] 2.897419e-14 1.925873e-18 1.166574e-22
Algorithm converged after  6  iterations.
[1] 9.340492e-16 1.622447e-20 3.558164e-25
Algorithm converged after  6  iterations.
[1] 1.286347e-17 4.133362e-23 2.546944e-28
Algorithm converged after  6  iterations.
[1] 5.257672e-20 1.909420e-26 2.303469e-32
Algorithm converged after  6  iterations.
[1] 3.475961e-23 6.820126e-31 9.371306e-38
Algorithm converged after  6  iterations.
[1] 1.246739e-27 4.061921e-37 2.672127e-45
Algorithm converged after  6  iterations.
[1] 2.729800e-34 1.876498e-46 1.296531e-56
Algorithm converged after  5  iterations.
[1] 2.231086e-45 5.236284e-62 1.828223e-75
Algorithm converged after  5  iterations.
[1]  1.557366e-67  4.173403e-93 3.737778e-113
Algorithm converged after  5  iterations.
[1] 5.834769e-134 2.256505e-186 3.442325e-226
Algorithm converged after  5  iterations.
[1] 0.154419
Algorithm converged after  2  iterations.
[1] 0.0045482673 0.0007245576 0.0003200193
[1] 0.0097988952 0.0011286106 0.0008194942
Algorithm converged after  13  iterations.
[1] 0.0038896796 0.0005741336 0.0002420849
[1] 0.0083394576 0.0008851914 0.0007177768
Algorithm converged after  13  iterations.
[1] 0.0033092231 0.0004502487 0.0001818661
[1] 0.0071149746 0.0007104044 0.0005210312
Algorithm converged after  13  iterations.
[1] 0.0027996330 0.0003491715 0.0001357617
[1] 0.0059825827 0.0005512782 0.0004205053
Algorithm converged after  12  iterations.
[1] 0.0023542522 0.0002675860 0.0001008439
[1] 0.0049979261 0.0004196044 0.0003538848
Algorithm converged after  12  iterations.
[1] 1.966930e-03 2.025123e-04 7.479562e-05
[1] 0.0041485427 0.0003140292 0.0003033725
Algorithm converged after  11  iterations.
[1] 1.631951e-03 1.512723e-04 5.611173e-05
[1] 0.0034107381 0.0002329871 0.0002474610
Algorithm converged after  11  iterations.
[1] 1.343987e-03 1.114757e-04 4.591387e-05
Algorithm converged after  10  iterations.
[1] 1.098064e-03 8.101353e-05 3.889998e-05
Algorithm converged after  10  iterations.
[1] 8.895360e-04 5.805144e-05 3.318985e-05
Algorithm converged after  10  iterations.
[1] 7.140746e-04 4.101848e-05 2.828014e-05
Algorithm converged after  9  iterations.
[1] 5.676574e-04 2.858945e-05 2.392939e-05
Algorithm converged after  9  iterations.
[1] 4.465640e-04 1.966178e-05 2.001460e-05
Algorithm converged after  9  iterations.
[1] 3.473728e-04 1.333622e-05 1.647967e-05
Algorithm converged after  9  iterations.
[1] 2.669584e-04 8.906578e-06 1.330827e-05
Algorithm converged after  9  iterations.
[1] 2.024893e-04 5.841628e-06 1.050497e-05
Algorithm converged after  9  iterations.
[1] 1.514228e-04 3.751519e-06 8.080277e-06
Algorithm converged after  9  iterations.
[1] 1.114980e-04 2.351745e-06 6.039187e-06
Algorithm converged after  9  iterations.
[1] 8.072546e-05 1.434591e-06 4.374043e-06
Algorithm converged after  9  iterations.
[1] 5.737419e-05 8.488555e-07 3.061891e-06
Algorithm converged after  9  iterations.
[1] 3.995579e-05 4.855699e-07 2.065905e-06
Algorithm converged after  9  iterations.
[1] 2.720686e-05 2.675551e-07 1.339556e-06
