myseed=3811 

Attaching package: ‘pls’

The following object is masked from ‘package:stats’:

    loadings

Loading required package: lattice
Loading required package: ggplot2
Registered S3 methods overwritten by 'ggplot2':
  method         from 
  [.quosures     rlang
  c.quosures     rlang
  print.quosures rlang

Attaching package: ‘caret’

The following object is masked from ‘package:pls’:

    R2

Loading required package: Matrix
Loading required package: foreach
Loaded glmnet 2.0-18

Parsed with column specification:
cols(
  .default = col_double()
)
See spec(...) for full column specifications.
Parsed with column specification:
cols(
  X1 = col_double()
)
Parsed with column specification:
cols(
  X1 = col_double()
)
Warning message:
In FUN(X[[i]], ...) : Scaling with (near) zero standard deviation
[1] "Best 2step parameter is:"
     gam    rankJ   rankA1   rankA2   rankA3 
5.818182 3.000000 0.000000 0.000000 0.000000 
[1] 0.004391647
Algorithm converged after  2  iterations.
[1] 0.003779434
Algorithm converged after  2  iterations.
[1] 0.003235735
Algorithm converged after  2  iterations.
[1] 0.00275487
Algorithm converged after  2  iterations.
[1] 0.002331516
Algorithm converged after  2  iterations.
[1] 0.001960658
Algorithm converged after  2  iterations.
[1] 0.001637557
Algorithm converged after  2  iterations.
[1] 0.001357726
Algorithm converged after  2  iterations.
[1] 0.001116922
Algorithm converged after  2  iterations.
[1] 0.0009111334
Algorithm converged after  2  iterations.
[1] 0.0007365795
Algorithm converged after  2  iterations.
[1] 0.0005897113
Algorithm converged after  2  iterations.
[1] 0.000467212
Algorithm converged after  2  iterations.
[1] 0.0003659991
Algorithm converged after  2  iterations.
[1] 0.000283226
Algorithm converged after  2  iterations.
[1] 0.0002162826
Algorithm converged after  2  iterations.
[1] 0.000162794
Algorithm converged after  2  iterations.
[1] 0.0001206186
Algorithm converged after  2  iterations.
[1] 8.784296e-05
Algorithm converged after  2  iterations.
[1] 6.277535e-05
Algorithm converged after  2  iterations.
[1] 4.393752e-05
Algorithm converged after  2  iterations.
[1] 3.005425e-05
Algorithm converged after  2  iterations.
[1] 2.004123e-05
Algorithm converged after  2  iterations.
[1] 1.299138e-05
Algorithm converged after  2  iterations.
[1] 8.159658e-06
Algorithm converged after  2  iterations.
[1] 4.946747e-06
Algorithm converged after  2  iterations.
[1] 2.881826e-06
Algorithm converged after  2  iterations.
[1] 1.604907e-06
Algorithm converged after  2  iterations.
[1] 8.491582e-07
Algorithm converged after  2  iterations.
[1] 4.237371e-07
Algorithm converged after  2  iterations.
[1] 1.976742e-07
Algorithm converged after  2  iterations.
[1] 8.529465e-08
Algorithm converged after  2  iterations.
[1] 3.360139e-08
Algorithm converged after  2  iterations.
[1] 1.18925e-08
Algorithm converged after  2  iterations.
[1] 3.706312e-09
Algorithm converged after  2  iterations.
[1] 9.915422e-10
Algorithm converged after  2  iterations.
[1] 2.203804e-10
Algorithm converged after  2  iterations.
[1] 3.898975e-11
Algorithm converged after  2  iterations.
[1] 5.186545e-12
Algorithm converged after  2  iterations.
[1] 4.799426e-13
Algorithm converged after  2  iterations.
[1] 2.770864e-14
Algorithm converged after  2  iterations.
[1] 8.528754e-16
Algorithm converged after  2  iterations.
[1] 1.105613e-17
Algorithm converged after  2  iterations.
[1] 4.167427e-20
Algorithm converged after  2  iterations.
[1] 2.463371e-23
Algorithm converged after  2  iterations.
[1] 7.515159e-28
Algorithm converged after  2  iterations.
[1] 1.281811e-34
Algorithm converged after  2  iterations.
[1] 6.838278e-46
Algorithm converged after  2  iterations.
[1] 1.998405e-68
Algorithm converged after  2  iterations.
[1] 5.274526e-136
Algorithm converged after  2  iterations.
[1] 0.1710778
Algorithm converged after  2  iterations.
[1] 0.0043916471 0.0003640346
[1] 0.0071862009 0.0005121356
Algorithm converged after  19  iterations.
[1] 0.0037794336 0.0002800291
[1] 0.0062250290 0.0003910083
Algorithm converged after  16  iterations.
[1] 0.0032357352 0.0002149684
[1] 0.0053260374 0.0002977376
Algorithm converged after  15  iterations.
[1] 0.0027548704 0.0001641859
[1] 0.004506011 0.000225980
Algorithm converged after  14  iterations.
[1] 0.0023315162 0.0001244299
[1] 0.0037733387 0.0001705094
Algorithm converged after  12  iterations.
[1] 1.960658e-03 9.338999e-05
[1] 0.0031289785 0.0001276232
Algorithm converged after  13  iterations.
[1] 1.637557e-03 6.932045e-05
[1] 2.570294e-03 9.462953e-05
Algorithm converged after  11  iterations.
[1] 1.357726e-03 5.083695e-05
Algorithm converged after  10  iterations.
[1] 1.116922e-03 3.681097e-05
Algorithm converged after  10  iterations.
[1] 9.111334e-04 2.631182e-05
Algorithm converged after  9  iterations.
[1] 7.365795e-04 1.857057e-05
Algorithm converged after  8  iterations.
[1] 5.897113e-04 1.295309e-05
Algorithm converged after  8  iterations.
[1] 4.672120e-04 8.937126e-06
Algorithm converged after  8  iterations.
[1] 3.659991e-04 6.098913e-06
Algorithm converged after  7  iterations.
[1] 2.832260e-04 4.109928e-06
Algorithm converged after  7  iterations.
[1] 2.162826e-04 2.727913e-06
Algorithm converged after  6  iterations.
[1] 1.627940e-04 1.778186e-06
Algorithm converged after  6  iterations.
[1] 1.206186e-04 1.134911e-06
Algorithm converged after  7  iterations.
[1] 8.784296e-05 7.070260e-07
Algorithm converged after  7  iterations.
[1] 6.277535e-05 4.285404e-07
Algorithm converged after  7  iterations.
[1] 4.393752e-05 2.518464e-07
Algorithm converged after  7  iterations.
[1] 3.005425e-05 1.429707e-07
Algorithm converged after  7  iterations.
[1] 2.004123e-05 7.807978e-08
Algorithm converged after  7  iterations.
[1] 1.299138e-05 4.083300e-08
Algorithm converged after  7  iterations.
[1] 8.159658e-06 2.034231e-08
Algorithm converged after  6  iterations.
[1] 4.946747e-06 9.596463e-09
Algorithm converged after  6  iterations.
[1] 2.881826e-06 4.257393e-09
Algorithm converged after  6  iterations.
[1] 1.604907e-06 1.761960e-09
Algorithm converged after  6  iterations.
[1] 8.491582e-07 6.738220e-10
Algorithm converged after  6  iterations.
[1] 4.237371e-07 2.354478e-10
Algorithm converged after  6  iterations.
[1] 1.976742e-07 7.416131e-11
Algorithm converged after  6  iterations.
[1] 8.529465e-08 2.071558e-11
Algorithm converged after  5  iterations.
[1] 3.360139e-08 5.030194e-12
Algorithm converged after  5  iterations.
[1] 1.189250e-08 1.035938e-12
Algorithm converged after  5  iterations.
[1] 3.706312e-09 1.754538e-13
Algorithm converged after  5  iterations.
[1] 9.915422e-10 2.350295e-14
Algorithm converged after  5  iterations.
[1] 2.203804e-10 2.368211e-15
Algorithm converged after  5  iterations.
[1] 3.898975e-11 1.680976e-16
Algorithm converged after  5  iterations.
[1] 5.186545e-12 7.701107e-18
Algorithm converged after  4  iterations.
[1] 4.799426e-13 2.021120e-19
Algorithm converged after  4  iterations.
[1] 2.770864e-14 2.571348e-21
Algorithm converged after  4  iterations.
[1] 8.528754e-16 1.246021e-23
Algorithm converged after  4  iterations.
[1] 1.105613e-17 1.601793e-26
Algorithm converged after  4  iterations.
[1] 4.167427e-20 3.094571e-30
Algorithm converged after  4  iterations.
[1] 2.463371e-23 3.485188e-35
Algorithm converged after  4  iterations.
[1] 7.515159e-28 4.161741e-42
Algorithm converged after  4  iterations.
[1] 1.281811e-34 1.743803e-52
Algorithm converged after  4  iterations.
[1] 6.838278e-46 9.021796e-70
Algorithm converged after  5  iterations.
[1]  1.998405e-68 2.514952e-104
Algorithm converged after  5  iterations.
[1] 5.274526e-136 6.004443e-208
Algorithm converged after  5  iterations.
[1] 0.1659519
Algorithm converged after  2  iterations.
[1] 0.0043916471 0.0003985579
Algorithm converged after  9  iterations.
[1] 0.0037794336 0.0003220448
Algorithm converged after  8  iterations.
[1] 0.0032357352 0.0002762089
Algorithm converged after  7  iterations.
[1] 0.0027548704 0.0002373964
Algorithm converged after  7  iterations.
[1] 0.0023315162 0.0002035519
Algorithm converged after  8  iterations.
[1] 0.0019606580 0.0001737113
Algorithm converged after  8  iterations.
[1] 0.0016375565 0.0001472897
Algorithm converged after  7  iterations.
[1] 0.0013577262 0.0001238899
Algorithm converged after  7  iterations.
[1] 0.0011169222 0.0001032225
Algorithm converged after  7  iterations.
[1] 9.111334e-04 8.506327e-05
Algorithm converged after  7  iterations.
[1] 0.0007365795 0.0000692277
Algorithm converged after  7  iterations.
[1] 5.897113e-04 5.555316e-05
Algorithm converged after  7  iterations.
[1] 4.672120e-04 4.388598e-05
Algorithm converged after  7  iterations.
[1] 3.659991e-04 3.407234e-05
Algorithm converged after  7  iterations.
[1] 2.83226e-04 2.59524e-05
Algorithm converged after  7  iterations.
[1] 2.162826e-04 1.935783e-05
Algorithm converged after  7  iterations.
[1] 1.627940e-04 1.411227e-05
Algorithm converged after  7  iterations.
[1] 1.206186e-04 1.003454e-05
Algorithm converged after  7  iterations.
[1] 8.784296e-05 6.943554e-06
Algorithm converged after  7  iterations.
[1] 6.277535e-05 4.664216e-06
Algorithm converged after  7  iterations.
[1] 4.393752e-05 3.033173e-06
Algorithm converged after  7  iterations.
[1] 3.005425e-05 1.903703e-06
Algorithm converged after  7  iterations.
[1] 2.004123e-05 1.149123e-06
Algorithm converged after  7  iterations.
[1] 1.299138e-05 6.644501e-07
Algorithm converged after  7  iterations.
[1] 8.159658e-06 3.663394e-07
Algorithm converged after  7  iterations.
[1] 4.946747e-06 1.915604e-07
Algorithm converged after  7  iterations.
[1] 2.881826e-06 9.440869e-08
Algorithm converged after  7  iterations.
[1] 1.604907e-06 4.353190e-08
Algorithm converged after  6  iterations.
[1] 8.491582e-07 1.861700e-08
Algorithm converged after  6  iterations.
[1] 4.237371e-07 7.308136e-09
Algorithm converged after  6  iterations.
[1] 1.976742e-07 2.600614e-09
Algorithm converged after  6  iterations.
[1] 8.529465e-08 8.263144e-10
Algorithm converged after  6  iterations.
[1] 3.360139e-08 2.301299e-10
Algorithm converged after  6  iterations.
[1] 1.189250e-08 5.490571e-11
Algorithm converged after  6  iterations.
[1] 3.706312e-09 1.090545e-11
Algorithm converged after  6  iterations.
[1] 9.915422e-10 1.738971e-12
Algorithm converged after  6  iterations.
[1] 2.203804e-10 2.124699e-13
Algorithm converged after  6  iterations.
[1] 3.898975e-11 1.871326e-14
Algorithm converged after  6  iterations.
[1] 5.186545e-12 1.095214e-15
Algorithm converged after  6  iterations.
[1] 4.799426e-13 3.811884e-17
Algorithm converged after  6  iterations.
[1] 2.770864e-14 6.754309e-19
Algorithm converged after  5  iterations.
[1] 8.528754e-16 4.867874e-21
Algorithm converged after  5  iterations.
[1] 1.105613e-17 1.019050e-23
Algorithm converged after  5  iterations.
[1] 4.167427e-20 3.650811e-27
Algorithm converged after  5  iterations.
[1] 2.463371e-23 9.268491e-32
Algorithm converged after  5  iterations.
[1] 7.515159e-28 3.410774e-38
Algorithm converged after  5  iterations.
[1] 1.281811e-34 7.613564e-48
Algorithm converged after  5  iterations.
[1] 6.838278e-46 6.269525e-64
Algorithm converged after  5  iterations.
[1] 1.998405e-68 4.286823e-96
Algorithm converged after  5  iterations.
[1] 5.274526e-136 1.408728e-192
Algorithm converged after  5  iterations.
[1] 0.1630719
Algorithm converged after  2  iterations.
[1] 0.0043916471 0.0003236486
[1] 0.0067372897 0.0004532751
[1] 0.006763348 0.000446787
[1] 0.0067633062 0.0004451128
[1] 0.0067627353 0.0004447358
[1] 0.0067625836 0.0004446549
[1] 0.0067625501 0.0004446377
Algorithm converged after  65  iterations.
[1] 0.0037794336 0.0002506912
[1] 0.0057688577 0.0003445914
[1] 0.0057062332 0.0003418461
[1] 0.0057019087 0.0003416762
Algorithm converged after  39  iterations.
[1] 0.0032357352 0.0001927429
[1] 0.0047523519 0.0002649695
[1] 0.0047173474 0.0002637242
Algorithm converged after  25  iterations.
[1] 0.0027548704 0.0001470006
[1] 0.0038710571 0.0002027695
Algorithm converged after  17  iterations.
[1] 0.0023315162 0.0001111649
[1] 0.0031687056 0.0001554138
Algorithm converged after  14  iterations.
[1] 1.960658e-03 8.334215e-05
[1] 0.0025941385 0.0001190835
Algorithm converged after  12  iterations.
[1] 1.637557e-03 6.196686e-05
[1] 2.122477e-03 9.124493e-05
Algorithm converged after  11  iterations.
[1] 1.357726e-03 4.574555e-05
Algorithm converged after  10  iterations.
[1] 1.116922e-03 3.361764e-05
Algorithm converged after  9  iterations.
[1] 9.111334e-04 2.472194e-05
Algorithm converged after  9  iterations.
[1] 0.0007365795 0.0000183298
Algorithm converged after  8  iterations.
[1] 5.897113e-04 1.374317e-05
Algorithm converged after  7  iterations.
[1] 4.672120e-04 1.036701e-05
Algorithm converged after  7  iterations.
[1] 3.659991e-04 7.812251e-06
Algorithm converged after  7  iterations.
[1] 2.832260e-04 5.845529e-06
Algorithm converged after  7  iterations.
[1] 2.162826e-04 4.321505e-06
Algorithm converged after  7  iterations.
[1] 1.627940e-04 3.143178e-06
Algorithm converged after  7  iterations.
[1] 1.206186e-04 2.240718e-06
Algorithm converged after  7  iterations.
[1] 8.784296e-05 1.560151e-06
Algorithm converged after  7  iterations.
[1] 6.277535e-05 1.057382e-06
Algorithm converged after  7  iterations.
[1] 4.393752e-05 6.951776e-07
Algorithm converged after  7  iterations.
[1] 3.005425e-05 4.417793e-07
Algorithm converged after  7  iterations.
[1] 2.004123e-05 2.703269e-07
Algorithm converged after  7  iterations.
[1] 1.299138e-05 1.586003e-07
Algorithm converged after  7  iterations.
[1] 8.159658e-06 8.879255e-08
Algorithm converged after  7  iterations.
[1] 4.946747e-06 4.717797e-08
Algorithm converged after  7  iterations.
[1] 2.881826e-06 2.364039e-08
Algorithm converged after  7  iterations.
[1] 1.604907e-06 1.108984e-08
Algorithm converged after  7  iterations.
[1] 8.491582e-07 4.828151e-09
Algorithm converged after  7  iterations.
[1] 4.237371e-07 1.930800e-09
Algorithm converged after  7  iterations.
[1] 1.976742e-07 7.005111e-10
Algorithm converged after  7  iterations.
[1] 8.529465e-08 2.271434e-10
Algorithm converged after  7  iterations.
[1] 3.360139e-08 6.462926e-11
Algorithm converged after  7  iterations.
[1] 1.189250e-08 1.577471e-11
Algorithm converged after  7  iterations.
[1] 3.706312e-09 3.210653e-12
Algorithm converged after  6  iterations.
[1] 9.915422e-10 5.256986e-13
Algorithm converged after  6  iterations.
[1] 2.203804e-10 6.612245e-14
Algorithm converged after  6  iterations.
[1] 3.898975e-11 6.014753e-15
Algorithm converged after  6  iterations.
[1] 5.186545e-12 3.650859e-16
Algorithm converged after  6  iterations.
[1] 4.799426e-13 1.325032e-17
Algorithm converged after  6  iterations.
[1] 2.770864e-14 2.466042e-19
Algorithm converged after  6  iterations.
[1] 8.528754e-16 1.885233e-21
Algorithm converged after  6  iterations.
[1] 1.105613e-17 4.244283e-24
Algorithm converged after  6  iterations.
[1] 4.167427e-20 1.668170e-27
Algorithm converged after  5  iterations.
[1] 2.463371e-23 4.788928e-32
Algorithm converged after  5  iterations.
[1] 7.515159e-28 2.092461e-38
Algorithm converged after  5  iterations.
[1] 1.281811e-34 6.043423e-48
Algorithm converged after  5  iterations.
[1] 6.838278e-46 7.651195e-64
Algorithm converged after  5  iterations.
[1] 1.998405e-68 1.238996e-95
Algorithm converged after  5  iterations.
[1] 5.274526e-136 5.436547e-191
Algorithm converged after  4  iterations.
[1] 0.1624832
Algorithm converged after  2  iterations.
[1] 0.0043916471 0.0007664617
Algorithm converged after  2  iterations.
[1] 0.0037794336 0.0006178801
Algorithm converged after  2  iterations.
[1] 0.0032357352 0.0004972977
Algorithm converged after  2  iterations.
[1] 0.0027548704 0.0004008129
Algorithm converged after  2  iterations.
[1] 0.0023315162 0.0003253382
Algorithm converged after  2  iterations.
[1] 0.001960658 0.000268655
Algorithm converged after  2  iterations.
[1] 0.0016375565 0.0002267704
Algorithm converged after  2  iterations.
[1] 0.0013577262 0.0001936793
Algorithm converged after  2  iterations.
[1] 0.0011169222 0.0001658226
Algorithm converged after  2  iterations.
[1] 0.0009111334 0.0001415358
Algorithm converged after  2  iterations.
[1] 0.0007365795 0.0001199857
Algorithm converged after  2  iterations.
[1] 0.0005897113 0.0001007370
Algorithm converged after  2  iterations.
[1] 4.672120e-04 8.356137e-05
Algorithm converged after  2  iterations.
[1] 3.659991e-04 6.833796e-05
Algorithm converged after  2  iterations.
[1] 2.832260e-04 5.499406e-05
Algorithm converged after  2  iterations.
[1] 2.162826e-04 4.346767e-05
Algorithm converged after  2  iterations.
[1] 1.627940e-04 3.368442e-05
Algorithm converged after  2  iterations.
[1] 1.206186e-04 2.554525e-05
Algorithm converged after  2  iterations.
[1] 8.784296e-05 1.892267e-05
Algorithm converged after  2  iterations.
[1] 6.277535e-05 1.366343e-05
Algorithm converged after  2  iterations.
[1] 4.393752e-05 9.595573e-06
Algorithm converged after  2  iterations.
[1] 3.005425e-05 6.537782e-06
Algorithm converged after  2  iterations.
[1] 2.004123e-05 4.309311e-06
Algorithm converged after  2  iterations.
[1] 1.299138e-05 2.739001e-06
Algorithm converged after  2  iterations.
[1] 8.159658e-06 1.672443e-06
Algorithm converged after  2  iterations.
[1] 4.946747e-06 9.767490e-07
Algorithm converged after  2  iterations.
[1] 2.881826e-06 5.428215e-07
Algorithm converged after  2  iterations.
[1] 1.604907e-06 2.853262e-07
Algorithm converged after  2  iterations.
[1] 8.491582e-07 1.408353e-07
Algorithm converged after  2  iterations.
[1] 4.237371e-07 6.471891e-08
Algorithm converged after  2  iterations.
[1] 1.976742e-07 2.740327e-08
Algorithm converged after  2  iterations.
[1] 8.529465e-08 1.055759e-08
Algorithm converged after  2  iterations.
[1] 3.360139e-08 3.644429e-09
Algorithm converged after  2  iterations.
[1] 1.189250e-08 1.105909e-09
Algorithm converged after  2  iterations.
[1] 3.706312e-09 2.880536e-10
Algorithm converged after  2  iterations.
[1] 9.915422e-10 6.248196e-11
Algorithm converged after  2  iterations.
[1] 2.203804e-10 1.085575e-11
Algorithm converged after  2  iterations.
[1] 3.898975e-11 1.435725e-12
Algorithm converged after  2  iterations.
[1] 5.186545e-12 1.350478e-13
Algorithm converged after  2  iterations.
[1] 4.799426e-13 8.235064e-15
Algorithm converged after  2  iterations.
[1] 2.770864e-14 2.859306e-16
Algorithm converged after  2  iterations.
[1] 8.528754e-16 4.686669e-18
Algorithm converged after  2  iterations.
[1] 1.105613e-17 2.737544e-20
Algorithm converged after  2  iterations.
[1] 4.167427e-20 3.663057e-23
Algorithm converged after  2  iterations.
[1] 2.463371e-23 5.375970e-27
Algorithm converged after  2  iterations.
[1] 7.515159e-28 2.298553e-32
Algorithm converged after  2  iterations.
[1] 1.281811e-34 2.019947e-40
Algorithm converged after  2  iterations.
[1] 6.838278e-46 7.503978e-54
Algorithm converged after  2  iterations.
[1] 1.998405e-68 1.025335e-80
Algorithm converged after  2  iterations.
[1] 5.274526e-136 2.570097e-161
Algorithm converged after  2  iterations.
[1] 0.1489264
Algorithm converged after  2  iterations.
[1] 0.0043916471 0.0003640346 0.0001267444
[1] 0.0045673790 0.0003735527 0.0001459593
Algorithm converged after  13  iterations.
[1] 0.0037794336 0.0002800291 0.0001062970
[1] 0.0039894698 0.0002872502 0.0001150413
Algorithm converged after  12  iterations.
[1] 0.0032357352 0.0002149684 0.0000847306
[1] 3.469778e-03 2.220371e-04 8.807978e-05
Algorithm converged after  12  iterations.
[1] 2.754870e-03 1.641859e-04 6.458315e-05
[1] 2.999585e-03 1.715171e-04 6.572033e-05
Algorithm converged after  12  iterations.
[1] 2.331516e-03 1.244299e-04 4.776458e-05
[1] 2.587704e-03 1.320938e-04 4.804973e-05
Algorithm converged after  12  iterations.
[1] 1.960658e-03 9.338999e-05 3.463899e-05
[1] 2.240659e-03 1.015357e-04 3.457632e-05
Algorithm converged after  13  iterations.
[1] 1.637557e-03 6.932045e-05 2.483691e-05
[1] 1.959550e-03 7.813524e-05 2.459821e-05
Algorithm converged after  14  iterations.
[1] 1.357726e-03 5.083695e-05 1.779602e-05
[1] 1.727381e-03 6.014278e-05 1.742064e-05
Algorithm converged after  14  iterations.
[1] 1.116922e-03 3.681097e-05 1.303903e-05
[1] 1.562453e-03 4.649815e-05 1.477064e-05
Algorithm converged after  18  iterations.
[1] 9.111334e-04 2.631182e-05 1.025762e-05
[1] 1.337915e-03 3.446168e-05 1.414781e-05
Algorithm converged after  12  iterations.
[1] 7.365795e-04 1.857057e-05 8.434482e-06
[1] 1.097931e-03 2.481836e-05 1.204668e-05
Algorithm converged after  11  iterations.
[1] 5.897113e-04 1.295309e-05 6.816638e-06
[1] 8.832126e-04 1.759479e-05 9.295561e-06
Algorithm converged after  11  iterations.
[1] 4.672120e-04 8.937126e-06 5.222761e-06
Algorithm converged after  10  iterations.
[1] 3.659991e-04 6.098913e-06 3.754772e-06
Algorithm converged after  10  iterations.
[1] 2.832260e-04 4.109928e-06 2.554030e-06
Algorithm converged after  10  iterations.
[1] 2.162826e-04 2.727913e-06 1.660647e-06
Algorithm converged after  10  iterations.
[1] 1.627940e-04 1.778186e-06 1.038398e-06
Algorithm converged after  10  iterations.
[1] 1.206186e-04 1.134911e-06 6.259506e-07
Algorithm converged after  9  iterations.
[1] 8.784296e-05 7.070260e-07 3.638094e-07
Algorithm converged after  9  iterations.
[1] 6.277535e-05 4.285404e-07 2.036139e-07
Algorithm converged after  9  iterations.
[1] 4.393752e-05 2.518464e-07 1.094811e-07
Algorithm converged after  9  iterations.
[1] 3.005425e-05 1.429707e-07 5.637742e-08
Algorithm converged after  8  iterations.
[1] 2.004123e-05 7.807978e-08 2.769525e-08
Algorithm converged after  8  iterations.
[1] 1.299138e-05 4.083300e-08 1.291792e-08
Algorithm converged after  8  iterations.
[1] 8.159658e-06 2.034231e-08 5.689072e-09
Algorithm converged after  8  iterations.
[1] 4.946747e-06 9.596463e-09 2.350131e-09
Algorithm converged after  7  iterations.
[1] 2.881826e-06 4.257393e-09 9.035976e-10
Algorithm converged after  7  iterations.
[1] 1.604907e-06 1.761960e-09 3.204128e-10
Algorithm converged after  7  iterations.
[1] 8.491582e-07 6.738220e-10 1.036509e-10
Algorithm converged after  7  iterations.
[1] 4.237371e-07 2.354478e-10 3.019443e-11
Algorithm converged after  6  iterations.
[1] 1.976742e-07 7.416131e-11 7.798150e-12
Algorithm converged after  6  iterations.
[1] 8.529465e-08 2.071558e-11 1.752068e-12
Algorithm converged after  6  iterations.
[1] 3.360139e-08 5.030194e-12 3.346204e-13
Algorithm converged after  6  iterations.
[1] 1.189250e-08 1.035938e-12 5.279229e-14
Algorithm converged after  8  iterations.
[1] 3.706312e-09 1.754538e-13 6.638433e-15
[1] 3.741064e-09 1.765106e-13 6.519123e-15
[1] 4.857170e-09 1.863648e-13 6.656256e-15
[1] 3.970894e-09 1.795619e-13 6.479942e-15
Algorithm converged after  33  iterations.
[1] 9.915422e-10 2.350295e-14 6.358392e-16
[1] 1.035505e-09 2.384011e-14 6.206330e-16
[1] 1.035849e-09 2.383972e-14 6.210458e-16
Algorithm converged after  24  iterations.
[1] 2.203804e-10 2.368211e-15 4.376160e-17
[1] 2.245850e-10 2.386812e-15 4.271648e-17
Algorithm converged after  13  iterations.
[1] 3.898975e-11 1.680976e-16 5.038090e-21
Algorithm converged after  5  iterations.
[1] 5.186545e-12 7.701107e-18 3.857891e-22
[1] 5.449680e-12 7.754048e-18 4.929374e-22
[1] 5.459059e-12 7.755641e-18 4.572888e-22
[1] 5.409115e-12 7.747624e-18 4.972144e-22
[1] 5.481154e-12 7.759285e-18 1.261418e-26
[1] 5.428110e-12 7.750725e-18 4.652635e-22
[1] 5.466129e-12 7.756896e-18 4.843132e-23
[1] 5.420108e-12 7.749507e-18 3.821696e-23
[1] 5.552713e-12 7.771160e-18 4.080512e-22
[1] 5.520025e-12 7.765756e-18 4.551390e-22
[1] 5.547239e-12 7.770270e-18 3.015959e-22
[1] 5.474118e-12 7.758244e-18 5.148517e-22
[1] 5.456071e-12 7.755360e-18 4.994707e-23
[1] 5.534941e-12 7.768232e-18 2.291584e-24
[1] 5.522588e-12 7.766207e-18 2.358387e-23
[1] 5.496452e-12 7.761932e-18 4.189783e-22
[1] 5.433728e-12 7.751834e-18 1.372031e-23
[1] 5.550158e-12 7.770768e-18 1.456784e-25
[1] 5.470136e-12 7.757671e-18 5.250469e-22
[1] 5.525389e-12 7.766700e-18 4.956122e-22
Algorithm did not converge after  200  iterations.
[1] 4.799426e-13 2.021120e-19 7.974143e-22
[1] 4.971371e-13 2.028882e-19 1.183815e-23
[1] 4.457111e-13 2.011782e-19 8.327572e-22
[1] 4.395421e-13 2.008345e-19 8.597140e-22
Algorithm converged after  31  iterations.
[1] 2.770864e-14 2.571348e-21 4.960744e-24
Algorithm converged after  7  iterations.
[1] 8.528754e-16 1.246021e-23 1.658731e-49
[1] 7.675898e-16 1.245811e-23 9.858840e-27
Algorithm converged after  13  iterations.
[1] 1.105613e-17 1.601793e-26 6.659351e-56
[1] 9.680284e-18 1.605275e-26 4.307761e-30
Algorithm converged after  12  iterations.
[1] 4.167427e-20 3.094571e-30 2.084700e-34
[1] 3.543064e-20 3.112200e-30 3.622129e-55
[1] 3.553556e-20 3.112312e-30 2.065974e-34
[1] 3.541620e-20 3.112392e-30 2.101272e-34
Algorithm converged after  31  iterations.
[1] 2.463371e-23 3.485188e-35 3.661196e-40
[1] 2.499538e-23 3.483430e-35 2.371634e-43
Algorithm converged after  17  iterations.
[1] 7.515159e-28 4.161741e-42 6.626826e-51
Algorithm converged after  5  iterations.
[1] 1.281811e-34 1.743803e-52 1.770164e-63
Algorithm converged after  5  iterations.
[1] 6.838278e-46 9.021796e-70 2.122811e-84
Algorithm converged after  5  iterations.
[1]  1.998405e-68 2.514952e-104 1.358238e-120
[1]  1.853982e-68 2.538483e-104 1.337166e-120
[1]  1.853961e-68 2.538650e-104 1.337183e-120
[1]  1.853955e-68 2.538814e-104 1.337192e-120
[1]  1.853949e-68 2.538979e-104 1.337201e-120
[1]  1.853943e-68 2.539143e-104 1.337210e-120
[1]  1.853937e-68 2.539307e-104 1.337220e-120
[1]  1.853931e-68 2.539472e-104 1.337229e-120
[1]  1.853925e-68 2.539636e-104 1.337238e-120
[1]  1.853919e-68 2.539801e-104 1.337247e-120
[1]  1.853913e-68 2.539966e-104 1.337257e-120
[1]  1.853907e-68 2.540130e-104 1.337266e-120
[1]  1.853901e-68 2.540295e-104 1.337275e-120
[1]  1.853895e-68 2.540459e-104 1.337284e-120
[1]  1.853889e-68 2.540624e-104 1.337294e-120
[1]  1.853883e-68 2.540789e-104 1.337303e-120
[1]  1.853878e-68 2.540953e-104 1.337312e-120
[1]  1.853872e-68 2.541118e-104 1.337321e-120
[1]  1.853866e-68 2.541283e-104 1.337331e-120
[1]  1.853860e-68 2.541447e-104 1.337340e-120
Algorithm did not converge after  200  iterations.
[1] 5.274526e-136 6.004443e-208 1.411056e-251
Algorithm converged after  5  iterations.
[1] 0.1641035
Algorithm converged after  2  iterations.
[1] 0.0043916471 0.0003985579 0.0001265245
[1] 0.0053888203 0.0005037414 0.0002812250
Algorithm converged after  15  iterations.
[1] 0.0037794336 0.0003220448 0.0002052755
[1] 0.0045766926 0.0003634720 0.0002133234
Algorithm converged after  14  iterations.
[1] 0.0032357352 0.0002762089 0.0001597070
[1] 0.0040295210 0.0003043921 0.0001628177
Algorithm converged after  16  iterations.
[1] 0.0027548704 0.0002373964 0.0001198573
[1] 0.0035309229 0.0002593968 0.0001229175
Algorithm converged after  17  iterations.
[1] 2.331516e-03 2.035519e-04 8.836818e-05
[1] 3.064418e-03 2.223492e-04 9.160042e-05
Algorithm converged after  18  iterations.
[1] 1.960658e-03 1.737113e-04 6.421107e-05
[1] 2.627594e-03 1.905491e-04 6.729456e-05
Algorithm converged after  18  iterations.
[1] 1.637557e-03 1.472897e-04 4.602003e-05
[1] 2.224330e-03 1.624882e-04 4.869333e-05
Algorithm converged after  17  iterations.
[1] 1.357726e-03 1.238899e-04 3.253086e-05
[1] 1.859414e-03 1.373831e-04 3.468812e-05
Algorithm converged after  16  iterations.
[1] 1.116922e-03 1.032225e-04 2.267145e-05
[1] 1.535069e-03 1.148560e-04 2.432499e-05
Algorithm converged after  14  iterations.
[1] 9.111334e-04 8.506327e-05 1.556777e-05
[1] 1.250219e-03 9.471589e-05 1.679252e-05
Algorithm converged after  18  iterations.
[1] 7.365795e-04 6.922770e-05 1.052473e-05
[1] 1.001225e-03 7.685331e-05 1.141780e-05
Algorithm converged after  20  iterations.
[1] 5.897113e-04 5.555316e-05 7.000063e-06
[1] 7.855077e-04 6.127117e-05 7.654489e-06
Algorithm converged after  19  iterations.
[1] 4.672120e-04 4.388598e-05 4.577813e-06
[1] 6.079783e-04 4.812025e-05 5.061605e-06
Algorithm converged after  16  iterations.
[1] 3.659991e-04 3.407234e-05 2.943956e-06
[1] 4.694574e-04 3.728544e-05 3.297291e-06
Algorithm converged after  13  iterations.
[1] 2.832260e-04 2.595240e-05 1.864108e-06
[1] 3.614677e-04 2.841819e-05 2.111556e-06
Algorithm converged after  11  iterations.
[1] 2.162826e-04 1.935783e-05 1.163601e-06
Algorithm converged after  9  iterations.
[1] 1.627940e-04 1.411227e-05 7.152961e-07
Algorithm converged after  8  iterations.
[1] 1.206186e-04 1.003454e-05 4.318056e-07
Algorithm converged after  8  iterations.
[1] 8.784296e-05 6.943554e-06 2.551057e-07
[1] 1.150783e-04 7.636096e-06 2.939539e-07
Algorithm converged after  20  iterations.
[1] 6.277535e-05 4.664216e-06 1.469622e-07
[1] 8.168730e-05 5.122696e-06 1.638370e-07
[1] 8.164824e-05 5.086478e-06 1.714638e-07
[1] 8.672763e-05 5.366383e-06 1.442287e-07
[1] 8.067283e-05 5.075571e-06 1.095328e-11
[1] 8.279540e-05 5.170234e-06 5.346982e-13
[1] 8.046604e-05 5.065405e-06 1.695229e-07
Algorithm converged after  63  iterations.
[1] 4.393752e-05 3.033173e-06 8.224176e-08
[1] 6.113483e-05 3.329826e-06 8.993468e-08
[1] 5.763532e-05 3.333778e-06 8.968209e-08
[1] 5.893458e-05 3.389177e-06 8.457114e-08
Algorithm converged after  32  iterations.
[1] 3.005425e-05 1.903703e-06 2.859753e-08
[1] 4.205769e-05 2.128035e-06 3.085149e-08
Algorithm converged after  14  iterations.
[1] 2.004123e-05 1.149123e-06 1.369003e-08
Algorithm converged after  10  iterations.
[1] 1.299138e-05 6.644501e-07 6.215555e-09
Algorithm converged after  8  iterations.
[1] 8.159658e-06 3.663394e-07 2.662630e-09
Algorithm converged after  8  iterations.
[1] 4.946747e-06 1.915604e-07 1.069053e-09
Algorithm converged after  8  iterations.
[1] 2.881826e-06 9.440869e-08 3.990956e-10
Algorithm converged after  8  iterations.
[1] 1.604907e-06 4.353190e-08 1.372253e-10
Algorithm converged after  7  iterations.
[1] 8.491582e-07 1.861700e-08 4.297303e-11
Algorithm converged after  7  iterations.
[1] 4.237371e-07 7.308136e-09 1.209342e-11
Algorithm converged after  7  iterations.
[1] 1.976742e-07 2.600614e-09 3.009642e-12
Algorithm converged after  7  iterations.
[1] 8.529465e-08 8.263144e-10 6.495969e-13
Algorithm converged after  7  iterations.
[1] 3.360139e-08 2.301299e-10 1.187441e-13
Algorithm converged after  7  iterations.
[1] 1.189250e-08 5.490571e-11 1.785126e-14
Algorithm converged after  7  iterations.
[1] 3.706312e-09 1.090545e-11 2.127563e-15
Algorithm converged after  7  iterations.
[1] 9.915422e-10 1.738971e-12 1.919018e-16
Algorithm converged after  7  iterations.
[1] 2.203804e-10 2.124699e-13 1.234043e-17
Algorithm converged after  6  iterations.
[1] 3.898975e-11 1.871326e-14 5.232876e-19
Algorithm converged after  6  iterations.
[1] 5.186545e-12 1.095214e-15 1.318649e-20
Algorithm converged after  6  iterations.
[1] 4.799426e-13 3.811884e-17 1.713585e-22
[1] 6.225892e-13 3.939476e-17 1.777336e-22
[1] 6.138600e-13 3.930970e-17 1.764386e-22
[1] 6.443260e-13 3.957571e-17 1.785158e-22
[1] 6.416549e-13 3.955256e-17 3.045497e-23
[1] 6.247194e-13 3.940477e-17 5.959508e-26
[1] 6.136172e-13 3.931248e-17 5.979548e-26
[1] 6.220027e-13 3.939669e-17 1.776042e-22
[1] 6.218045e-13 3.938997e-17 2.326946e-21
[1] 6.222985e-13 3.940207e-17 1.777177e-22
[1] 6.131067e-13 3.931279e-17 3.971545e-41
[1] 6.226123e-13 3.940603e-17 1.777228e-22
[1] 6.223895e-13 3.940555e-17 2.342375e-21
[1] 6.223638e-13 3.940606e-17 5.892500e-26
[1] 6.218710e-13 3.939776e-17 2.326734e-21
[1] 6.366210e-13 3.951468e-17 2.065088e-20
[1] 6.046432e-13 3.923418e-17 3.110483e-23
[1] 6.222883e-13 3.941200e-17 1.777013e-22
[1] 6.375453e-13 3.952778e-17 2.326826e-21
[1] 6.351749e-13 3.951021e-17 2.329158e-21
Algorithm did not converge after  200  iterations.
[1] 2.770864e-14 6.754309e-19 9.415971e-25
Algorithm converged after  6  iterations.
[1] 8.528754e-16 4.867874e-21 6.198395e-45
[1] 1.096196e-15 5.001269e-21 1.811799e-38
[1] 1.049859e-15 4.976856e-21 1.675999e-27
Algorithm converged after  30  iterations.
[1] 1.105613e-17 1.019050e-23 1.557554e-32
Algorithm converged after  8  iterations.
[1] 4.167427e-20 3.650811e-27 3.350507e-37
Algorithm converged after  6  iterations.
[1] 2.463371e-23 9.268491e-32 9.535001e-47
[1] 2.936092e-23 9.403164e-32 2.960170e-41
[1] 2.939063e-23 9.404199e-32 2.475957e-57
[1] 2.939225e-23 9.404305e-32 1.002231e-46
[1] 2.938637e-23 9.404219e-32 1.992191e-43
[1] 2.938292e-23 9.404154e-32 1.993888e-43
[1] 2.939363e-23 9.404527e-32 1.989053e-43
Algorithm converged after  62  iterations.
[1] 7.515159e-28 3.410774e-38 1.886691e-85
Algorithm converged after  6  iterations.
[1] 1.281811e-34 7.613564e-48 1.397668e-71
[1] 1.550132e-34 7.709936e-48 1.317026e-63
[1] 1.548177e-34 7.709181e-48 1.556164e-68
[1] 1.549061e-34 7.709515e-48 1.399325e-71
[1] 1.550314e-34 7.709976e-48 1.226774e-65
[1] 1.550659e-34 7.710113e-48 1.399411e-71
[1] 1.550385e-34 7.710120e-48 1.478270e-84
[1] 1.432854e-34 7.669045e-48 5.958141e-69
[1] 1.551134e-34 7.710335e-48 1.399488e-71
[1] 1.488613e-34 7.688774e-48 1.451585e-68
[1] 1.550125e-34 7.710106e-48 1.223460e-65
[1] 1.550381e-34 7.710219e-48 1.626902e-68
[1] 1.480966e-34 7.686172e-48 1.306235e-63
[1]  1.484577e-34  7.687471e-48 5.138461e-103
[1] 1.609934e-34 7.730568e-48 2.948824e-65
[1] 1.610488e-34 7.730777e-48 1.488337e-65
[1] 1.432773e-34 7.669183e-48 1.559540e-69
[1] 1.587364e-34 7.723006e-48 1.220084e-65
[1] 1.547170e-34 7.709161e-48 7.838678e-62
[1] 1.487396e-34 7.688585e-48 1.548069e-71
Algorithm did not converge after  200  iterations.
[1] 6.838278e-46 6.269525e-64 9.010000e-97
[1] 8.058669e-46 6.329240e-64 2.212313e-82
[1] 8.061351e-46 6.329373e-64 1.332437e-95
[1] 7.889684e-46 6.321250e-64 2.902214e-84
[1] 8.135770e-46 6.332889e-64 2.209837e-95
[1] 8.060482e-46 6.329358e-64 1.332135e-95
[1]  8.349721e-46  6.342786e-64 2.919748e-112
[1] 8.492548e-46 6.349445e-64 2.195816e-95
Algorithm converged after  80  iterations.
[1]  1.998405e-68  4.286823e-96 3.733891e-167
Algorithm converged after  10  iterations.
[1] 5.274526e-136 1.408728e-192  0.000000e+00
[1] 6.138730e-136 1.417593e-192 3.429445e-316
[1] 6.137420e-136 1.417580e-192 2.666183e-310
[1] 6.103471e-136 1.417244e-192 1.462895e-273
[1] 6.137478e-136 1.417581e-192 9.201664e-306
[1] 6.135756e-136 1.417564e-192 7.159878e-292
[1] 6.137692e-136 1.417584e-192 4.046605e-298
[1] 5.922432e-136 1.415434e-192 4.742511e-298
[1] 6.138234e-136 1.417590e-192 4.679757e-290
[1] 6.085818e-136 1.417070e-192 4.516602e-307
[1] 6.090660e-136 1.417118e-192 7.158842e-292
[1] 6.137032e-136 1.417578e-192 3.896870e-281
[1] 6.097321e-136 1.417183e-192 4.687089e-290
[1] 6.096116e-136 1.417171e-192 7.156773e-292
[1] 6.087304e-136 1.417085e-192 3.892862e-281
[1] 6.150002e-136 1.417707e-192 2.868972e-274
[1] 6.097678e-136 1.417187e-192 7.078821e-280
[1] 6.138233e-136 1.417590e-192 4.679759e-290
[1] 6.031968e-136 1.416534e-192 4.727969e-298
[1] 6.042598e-136 1.416641e-192 1.302638e-287
Algorithm did not converge after  200  iterations.
[1] 0.1585608
Algorithm converged after  2  iterations.
[1] 4.391647e-03 3.236486e-04 8.851134e-05
[1] 0.0054524912 0.0003657333 0.0001074308
Algorithm converged after  15  iterations.
[1] 3.779434e-03 2.506912e-04 7.343701e-05
[1] 4.708003e-03 2.830298e-04 8.500363e-05
Algorithm converged after  15  iterations.
[1] 3.235735e-03 1.927429e-04 5.932048e-05
[1] 4.047339e-03 2.178023e-04 6.625637e-05
Algorithm converged after  14  iterations.
[1] 2.754870e-03 1.470006e-04 4.686491e-05
[1] 3.465725e-03 1.665711e-04 5.095906e-05
Algorithm converged after  14  iterations.
[1] 2.331516e-03 1.111649e-04 3.645121e-05
[1] 2.958466e-03 1.265731e-04 3.877181e-05
Algorithm converged after  15  iterations.
[1] 1.960658e-03 8.334215e-05 2.815397e-05
[1] 2.520946e-03 9.561291e-05 2.933731e-05
Algorithm converged after  14  iterations.
[1] 1.637557e-03 6.196686e-05 2.188889e-05
[1] 2.146202e-03 7.194809e-05 2.240598e-05
Algorithm converged after  14  iterations.
[1] 1.357726e-03 4.574555e-05 1.755359e-05
[1] 1.813428e-03 5.405735e-05 1.784812e-05
Algorithm converged after  12  iterations.
[1] 1.116922e-03 3.361764e-05 1.487302e-05
Algorithm converged after  10  iterations.
[1] 9.111334e-04 2.472194e-05 1.292454e-05
[1] 1.216969e-03 3.023496e-05 1.295146e-05
Algorithm converged after  13  iterations.
[1] 0.0007365795 0.0000183298 0.0000106892
[1] 9.830263e-04 2.288543e-05 1.212455e-05
Algorithm converged after  12  iterations.
[1] 5.897113e-04 1.374317e-05 8.097577e-06
Algorithm converged after  10  iterations.
[1] 4.672120e-04 1.036701e-05 5.762027e-06
Algorithm converged after  9  iterations.
[1] 3.659991e-04 7.812251e-06 3.945318e-06
Algorithm converged after  9  iterations.
[1] 2.832260e-04 5.845529e-06 2.626365e-06
Algorithm converged after  8  iterations.
[1] 2.162826e-04 4.321505e-06 1.706110e-06
Algorithm converged after  8  iterations.
[1] 1.627940e-04 3.143178e-06 1.082406e-06
Algorithm converged after  8  iterations.
[1] 1.206186e-04 2.240718e-06 6.702222e-07
Algorithm converged after  8  iterations.
[1] 8.784296e-05 1.560151e-06 4.044117e-07
Algorithm converged after  8  iterations.
[1] 6.277535e-05 1.057382e-06 2.372811e-07
Algorithm converged after  8  iterations.
[1] 4.393752e-05 6.951776e-07 1.350103e-07
Algorithm converged after  8  iterations.
[1] 3.005425e-05 4.417793e-07 7.425844e-08
Algorithm converged after  8  iterations.
[1] 2.004123e-05 2.703269e-07 3.933514e-08
Algorithm converged after  8  iterations.
[1] 1.299138e-05 1.586003e-07 1.998000e-08
[1] 1.728399e-05 2.110412e-07 4.132485e-17
[1] 1.730083e-05 2.104299e-07 2.230225e-08
Algorithm converged after  29  iterations.
[1] 8.159658e-06 8.879255e-08 9.683145e-09
[1] 1.075169e-05 1.135955e-07 1.100544e-08
Algorithm converged after  15  iterations.
[1] 4.946747e-06 4.717797e-08 4.451625e-09
[1] 6.513783e-06 6.032561e-08 2.022496e-18
[1] 5.803397e-06 5.181490e-08 4.839055e-09
[1] 6.561127e-06 6.060812e-08 4.934850e-09
[1] 6.475249e-06 5.989787e-08 2.902761e-18
[1] 5.623001e-06 5.334780e-08 2.465390e-21
[1] 5.946303e-06 5.547657e-08 1.494205e-18
[1] 6.044365e-06 5.639591e-08 4.596794e-09
[1] 6.571253e-06 6.076756e-08 4.922192e-09
Algorithm converged after  84  iterations.
[1] 2.881826e-06 2.364039e-08 4.534534e-21
[1] 3.820672e-06 2.998908e-08 2.126706e-09
Algorithm converged after  11  iterations.
[1] 1.604907e-06 1.108984e-08 7.806623e-10
[1] 2.120877e-06 1.382723e-08 8.626137e-10
Algorithm converged after  14  iterations.
[1] 8.491582e-07 4.828151e-09 1.315744e-19
Algorithm converged after  8  iterations.
[1] 4.237371e-07 1.930800e-09 1.004540e-10
[1] 5.317329e-07 2.247320e-09 2.674353e-23
[1] 4.639128e-07 2.053337e-09 2.454148e-22
[1] 5.470198e-07 2.281559e-09 1.148138e-10
Algorithm converged after  36  iterations.
[1] 1.976742e-07 7.005111e-10 1.477790e-20
[1] 2.455166e-07 7.947512e-10 9.847196e-12
Algorithm converged after  18  iterations.
[1] 8.529465e-08 2.271434e-10 2.885660e-17
[1] 1.115692e-07 2.679501e-10 9.514889e-12
Algorithm converged after  11  iterations.
[1] 3.360139e-08 6.462926e-11 1.210215e-23
Algorithm converged after  8  iterations.
[1] 1.189250e-08 1.577471e-11 4.207666e-13
[1] 1.503589e-08 1.764363e-11 4.624100e-13
Algorithm converged after  16  iterations.
[1] 3.706312e-09 3.210653e-12 1.529422e-14
Algorithm converged after  6  iterations.
[1] 9.915422e-10 5.256986e-13 1.726813e-15
Algorithm converged after  6  iterations.
[1] 2.203804e-10 6.612245e-14 1.431237e-16
Algorithm converged after  6  iterations.
[1] 3.898975e-11 6.014753e-15 8.115688e-18
Algorithm converged after  6  iterations.
[1] 5.186545e-12 3.650859e-16 2.864815e-19
[1] 5.926147e-12 3.843989e-16 3.517613e-28
[1] 5.926470e-12 3.844490e-16 2.722035e-19
[1] 5.926852e-12 3.844899e-16 1.362603e-21
[1] 6.597711e-12 3.997396e-16 2.932560e-19
[1] 5.976369e-12 3.857295e-16 3.071029e-19
[1] 5.926847e-12 3.845799e-16 4.902887e-21
[1] 5.946970e-12 3.850971e-16 9.946752e-21
[1] 5.926988e-12 3.845220e-16 4.442396e-23
