myseed=9958 

Attaching package: ‘pls’

The following object is masked from ‘package:stats’:

    loadings

Loading required package: lattice
Loading required package: ggplot2
Registered S3 methods overwritten by 'ggplot2':
  method         from 
  [.quosures     rlang
  c.quosures     rlang
  print.quosures rlang

Attaching package: ‘caret’

The following object is masked from ‘package:pls’:

    R2

Loading required package: Matrix
Loading required package: foreach
Loaded glmnet 2.0-18

Parsed with column specification:
cols(
  .default = col_double()
)
See spec(...) for full column specifications.
Parsed with column specification:
cols(
  X1 = col_double()
)
Parsed with column specification:
cols(
  X1 = col_double()
)
[1] "Best 2step parameter is:"
     gam    rankJ   rankA1   rankA2   rankA3 
4.769231 1.000000 0.000000 1.000000 1.000000 
[1] 0.005045009
Algorithm converged after  2  iterations.
[1] 0.004336248
Algorithm converged after  2  iterations.
[1] 0.003707863
Algorithm converged after  2  iterations.
[1] 0.003153103
Algorithm converged after  2  iterations.
[1] 0.002665622
Algorithm converged after  2  iterations.
[1] 0.002239429
Algorithm converged after  2  iterations.
[1] 0.001868859
Algorithm converged after  2  iterations.
[1] 0.001548548
Algorithm converged after  2  iterations.
[1] 0.001273427
Algorithm converged after  2  iterations.
[1] 0.001038718
Algorithm converged after  2  iterations.
[1] 0.000839934
Algorithm converged after  2  iterations.
[1] 0.0006728808
Algorithm converged after  2  iterations.
[1] 0.0005336621
Algorithm converged after  2  iterations.
[1] 0.0004186799
Algorithm converged after  2  iterations.
[1] 0.0003246346
Algorithm converged after  2  iterations.
[1] 0.0002485221
Algorithm converged after  2  iterations.
[1] 0.0001876282
Algorithm converged after  2  iterations.
[1] 0.0001395196
Algorithm converged after  2  iterations.
[1] 0.0001020341
Algorithm converged after  2  iterations.
[1] 7.326792e-05
Algorithm converged after  2  iterations.
[1] 5.156195e-05
Algorithm converged after  2  iterations.
[1] 3.548684e-05
Algorithm converged after  2  iterations.
[1] 2.38271e-05
Algorithm converged after  2  iterations.
[1] 1.556423e-05
Algorithm converged after  2  iterations.
[1] 9.859105e-06
Algorithm converged after  2  iterations.
[1] 6.033621e-06
Algorithm converged after  2  iterations.
[1] 3.551875e-06
Algorithm converged after  2  iterations.
[1] 2.001045e-06
Algorithm converged after  2  iterations.
[1] 1.072393e-06
Algorithm converged after  2  iterations.
[1] 5.427875e-07
Algorithm converged after  2  iterations.
[1] 2.572428e-07
Algorithm converged after  2  iterations.
[1] 1.129711e-07
Algorithm converged after  2  iterations.
[1] 4.539116e-08
Algorithm converged after  2  iterations.
[1] 1.642575e-08
Algorithm converged after  2  iterations.
[1] 5.249217e-09
Algorithm converged after  2  iterations.
[1] 1.445011e-09
Algorithm converged after  2  iterations.
[1] 3.318654e-10
Algorithm converged after  2  iterations.
[1] 6.098215e-11
Algorithm converged after  2  iterations.
[1] 8.479653e-12
Algorithm converged after  2  iterations.
[1] 8.269355e-13
Algorithm converged after  2  iterations.
[1] 5.084703e-14
Algorithm converged after  2  iterations.
[1] 1.690469e-15
Algorithm converged after  2  iterations.
[1] 2.413101e-17
Algorithm converged after  2  iterations.
[1] 1.02955e-19
Algorithm converged after  2  iterations.
[1] 7.17847e-23
Algorithm converged after  2  iterations.
[1] 2.759325e-27
Algorithm converged after  2  iterations.
[1] 6.654836e-34
Algorithm converged after  2  iterations.
[1] 6.321585e-45
Algorithm converged after  2  iterations.
[1] 5.852283e-67
Algorithm converged after  2  iterations.
[1] 4.899263e-133
Algorithm converged after  2  iterations.
[1] 0.1704304
Algorithm converged after  2  iterations.
[1] 0.0050450088 0.0005402723
[1] 0.0083697952 0.0007498378
Algorithm converged after  12  iterations.
[1] 0.0043362485 0.0004251502
Algorithm converged after  10  iterations.
[1] 0.0037078633 0.0003323523
[1] 0.0060451392 0.0004567113
Algorithm converged after  11  iterations.
[1] 0.0031531028 0.0002577327
[1] 0.0050805968 0.0003531166
Algorithm converged after  11  iterations.
[1] 0.0026656215 0.0001980996
Algorithm converged after  10  iterations.
[1] 0.0022394293 0.0001508512
Algorithm converged after  9  iterations.
[1] 0.0018688591 0.0001137921
Algorithm converged after  9  iterations.
[1] 1.548548e-03 8.503833e-05
Algorithm converged after  8  iterations.
[1] 1.273427e-03 6.296451e-05
Algorithm converged after  7  iterations.
[1] 1.038718e-03 4.617648e-05
Algorithm converged after  7  iterations.
[1] 8.399340e-04 3.350692e-05
Algorithm converged after  7  iterations.
[1] 0.0006728808 0.0000240146
Algorithm converged after  6  iterations.
[1] 5.336621e-04 1.696328e-05
Algorithm converged after  7  iterations.
[1] 4.186799e-04 1.178276e-05
Algorithm converged after  7  iterations.
[1] 3.246346e-04 8.029463e-06
Algorithm converged after  8  iterations.
[1] 2.485221e-04 5.355790e-06
Algorithm converged after  8  iterations.
[1] 1.876282e-04 3.488443e-06
Algorithm converged after  8  iterations.
[1] 1.395196e-04 2.213294e-06
Algorithm converged after  8  iterations.
[1] 1.020341e-04 1.364279e-06
Algorithm converged after  7  iterations.
[1] 7.326792e-05 8.146689e-07
Algorithm converged after  7  iterations.
[1] 5.156195e-05 4.697887e-07
Algorithm converged after  7  iterations.
[1] 3.548684e-05 2.606974e-07
Algorithm converged after  7  iterations.
[1] 2.382710e-05 1.386618e-07
Algorithm converged after  7  iterations.
[1] 1.556423e-05 7.037194e-08
Algorithm converged after  7  iterations.
[1] 9.859105e-06 3.390109e-08
Algorithm converged after  7  iterations.
[1] 6.033621e-06 1.540993e-08
Algorithm converged after  7  iterations.
[1] 3.551875e-06 6.563548e-09
Algorithm converged after  6  iterations.
[1] 2.001045e-06 2.598291e-09
Algorithm converged after  6  iterations.
[1] 1.072393e-06 9.468263e-10
Algorithm converged after  6  iterations.
[1] 5.427875e-07 3.139897e-10
Algorithm converged after  6  iterations.
[1] 2.572428e-07 9.346719e-11
Algorithm converged after  6  iterations.
[1] 1.129711e-07 2.456297e-11
Algorithm converged after  6  iterations.
[1] 4.539116e-08 5.584081e-12
Algorithm converged after  5  iterations.
[1] 1.642575e-08 1.070926e-12
Algorithm converged after  5  iterations.
[1] 5.249217e-09 1.679021e-13
Algorithm converged after  5  iterations.
[1] 1.445011e-09 2.067977e-14
Algorithm converged after  5  iterations.
[1] 3.318654e-10 1.900986e-15
Algorithm converged after  5  iterations.
[1] 6.098215e-11 1.219690e-16
Algorithm converged after  4  iterations.
[1] 8.479653e-12 4.995019e-18
Algorithm converged after  4  iterations.
[1] 8.269355e-13 1.155832e-19
Algorithm converged after  4  iterations.
[1] 5.084703e-14 1.274047e-21
Algorithm converged after  4  iterations.
[1] 1.690469e-15 5.227794e-24
Algorithm converged after  4  iterations.
[1] 2.413101e-17 5.516419e-27
Algorithm converged after  4  iterations.
[1] 1.029550e-19 8.371112e-31
Algorithm converged after  4  iterations.
[1] 7.178470e-23 6.934683e-36
Algorithm converged after  5  iterations.
[1] 2.759325e-27 5.485806e-43
Algorithm converged after  5  iterations.
[1] 6.654836e-34 1.268367e-53
Algorithm converged after  5  iterations.
[1] 6.321585e-45 2.512955e-71
Algorithm converged after  5  iterations.
[1]  5.852283e-67 1.076480e-106
Algorithm converged after  5  iterations.
[1] 4.899263e-133 1.023160e-212
Algorithm converged after  5  iterations.
[1] 0.1659936
Algorithm converged after  2  iterations.
[1] 0.0050450088 0.0003894944
Algorithm converged after  9  iterations.
[1] 0.0043362485 0.0003146845
Algorithm converged after  8  iterations.
[1] 0.0037078633 0.0002715456
Algorithm converged after  9  iterations.
[1] 0.0031531028 0.0002356207
Algorithm converged after  9  iterations.
[1] 0.002665622 0.000204146
Algorithm converged after  9  iterations.
[1] 0.0022394293 0.0001760528
Algorithm converged after  9  iterations.
[1] 0.0018688591 0.0001507722
Algorithm converged after  9  iterations.
[1] 0.0015485480 0.0001279703
Algorithm converged after  8  iterations.
[1] 0.0012734272 0.0001074456
Algorithm converged after  8  iterations.
[1] 1.038718e-03 8.907572e-05
Algorithm converged after  8  iterations.
[1] 8.399340e-04 7.278286e-05
Algorithm converged after  7  iterations.
[1] 6.728808e-04 5.850803e-05
Algorithm converged after  7  iterations.
[1] 5.336621e-04 4.618987e-05
Algorithm converged after  7  iterations.
[1] 4.186799e-04 3.574868e-05
Algorithm converged after  7  iterations.
[1] 3.246346e-04 2.707661e-05
Algorithm converged after  7  iterations.
[1] 2.485221e-04 2.003442e-05
Algorithm converged after  7  iterations.
[1] 1.876282e-04 1.445457e-05
Algorithm converged after  7  iterations.
[1] 1.395196e-04 1.014904e-05
Algorithm converged after  7  iterations.
[1] 1.020341e-04 6.919987e-06
Algorithm converged after  7  iterations.
[1] 7.326792e-05 4.571023e-06
Algorithm converged after  7  iterations.
[1] 5.156195e-05 2.917332e-06
Algorithm converged after  7  iterations.
[1] 3.548684e-05 1.793489e-06
Algorithm converged after  7  iterations.
[1] 2.382710e-05 1.058358e-06
Algorithm converged after  7  iterations.
[1] 1.556423e-05 5.970820e-07
Algorithm converged after  7  iterations.
[1] 9.859105e-06 3.205291e-07
Algorithm converged after  7  iterations.
[1] 6.033621e-06 1.628394e-07
Algorithm converged after  7  iterations.
[1] 3.551875e-06 7.779054e-08
Algorithm converged after  7  iterations.
[1] 2.001045e-06 3.468085e-08
Algorithm converged after  6  iterations.
[1] 1.072393e-06 1.430075e-08
Algorithm converged after  6  iterations.
[1] 5.427875e-07 5.396244e-09
Algorithm converged after  6  iterations.
[1] 2.572428e-07 1.839525e-09
Algorithm converged after  6  iterations.
[1] 1.129711e-07 5.577406e-10
Algorithm converged after  6  iterations.
[1] 4.539116e-08 1.475669e-10
Algorithm converged after  6  iterations.
[1] 1.642575e-08 3.327627e-11
Algorithm converged after  6  iterations.
[1] 5.249217e-09 6.209549e-12
Algorithm converged after  6  iterations.
[1] 1.445011e-09 9.237049e-13
Algorithm converged after  6  iterations.
[1] 3.318654e-10 1.043944e-13
Algorithm converged after  6  iterations.
[1] 6.098215e-11 8.417564e-15
Algorithm converged after  5  iterations.
[1] 8.479653e-12 4.452973e-16
Algorithm converged after  5  iterations.
[1] 8.269355e-13 1.378526e-17
Algorithm converged after  5  iterations.
[1] 5.084703e-14 2.127978e-19
Algorithm converged after  5  iterations.
[1] 1.690469e-15 1.299873e-21
Algorithm converged after  5  iterations.
[1] 2.413101e-17 2.221352e-24
Algorithm converged after  5  iterations.
[1] 1.029550e-19 6.158519e-28
Algorithm converged after  5  iterations.
[1] 7.178470e-23 1.117135e-32
Algorithm converged after  5  iterations.
[1] 2.759325e-27 2.586325e-39
Algorithm converged after  4  iterations.
[1] 6.654836e-34 2.908363e-49
Algorithm converged after  4  iterations.
[1] 6.321585e-45 7.741948e-66
Algorithm converged after  4  iterations.
[1] 5.852283e-67 5.651472e-99
Algorithm converged after  4  iterations.
[1] 4.899263e-133 2.365332e-198
Algorithm converged after  3  iterations.
[1] 0.1637241
Algorithm converged after  2  iterations.
[1] 0.0050450088 0.0003364625
[1] 0.0066238252 0.0004653412
Algorithm converged after  19  iterations.
[1] 0.0043362485 0.0002585823
[1] 0.0055355169 0.0003672742
Algorithm converged after  16  iterations.
[1] 0.0037078633 0.0001971016
[1] 0.0046457011 0.0002901807
Algorithm converged after  13  iterations.
[1] 0.0031531028 0.0001490504
[1] 0.0039007804 0.0002319906
Algorithm converged after  11  iterations.
[1] 0.0026656215 0.0001119045
Algorithm converged after  10  iterations.
[1] 2.239429e-03 8.353953e-05
Algorithm converged after  10  iterations.
[1] 1.868859e-03 6.220281e-05
Algorithm converged after  10  iterations.
[1] 1.548548e-03 4.652988e-05
Algorithm converged after  10  iterations.
[1] 1.273427e-03 3.572275e-05
Algorithm converged after  10  iterations.
[1] 1.038718e-03 2.877647e-05
Algorithm converged after  9  iterations.
[1] 8.399340e-04 2.369217e-05
Algorithm converged after  8  iterations.
[1] 6.728808e-04 1.954834e-05
Algorithm converged after  9  iterations.
[1] 5.336621e-04 1.600267e-05
Algorithm converged after  9  iterations.
[1] 4.186799e-04 1.291589e-05
Algorithm converged after  9  iterations.
[1] 3.246346e-04 1.023314e-05
Algorithm converged after  9  iterations.
[1] 2.485221e-04 7.932863e-06
Algorithm converged after  9  iterations.
[1] 1.876282e-04 6.001375e-06
Algorithm converged after  9  iterations.
[1] 1.395196e-04 4.420574e-06
Algorithm converged after  9  iterations.
[1] 1.020341e-04 3.163508e-06
Algorithm converged after  9  iterations.
[1] 7.326792e-05 2.194577e-06
Algorithm converged after  9  iterations.
[1] 5.156195e-05 1.472210e-06
Algorithm converged after  8  iterations.
[1] 3.548684e-05 9.524429e-07
Algorithm converged after  8  iterations.
[1] 2.382710e-05 5.923699e-07
Algorithm converged after  8  iterations.
[1] 1.556423e-05 3.528941e-07
Algorithm converged after  8  iterations.
[1] 9.859105e-06 2.005096e-07
Algorithm converged after  8  iterations.
[1] 6.033621e-06 1.081135e-07
Algorithm converged after  8  iterations.
[1] 3.551875e-06 5.499204e-08
Algorithm converged after  8  iterations.
[1] 2.001045e-06 2.620225e-08
Algorithm converged after  8  iterations.
[1] 1.072393e-06 1.159731e-08
Algorithm converged after  8  iterations.
[1] 5.427875e-07 4.720626e-09
Algorithm converged after  8  iterations.
[1] 2.572428e-07 1.745881e-09
Algorithm converged after  8  iterations.
[1] 1.129711e-07 5.781324e-10
Algorithm converged after  8  iterations.
[1] 4.539116e-08 1.683556e-10
Algorithm converged after  8  iterations.
[1] 1.642575e-08 4.216514e-11
Algorithm converged after  7  iterations.
[1] 5.249217e-09 8.833118e-12
Algorithm converged after  7  iterations.
[1] 1.445011e-09 1.494118e-12
Algorithm converged after  7  iterations.
[1] 3.318654e-10 1.950085e-13
Algorithm converged after  7  iterations.
[1] 6.098215e-11 1.850704e-14
Algorithm converged after  7  iterations.
[1] 8.479653e-12 1.179926e-15
Algorithm converged after  7  iterations.
[1] 8.269355e-13 4.536531e-17
Algorithm converged after  7  iterations.
[1] 5.084703e-14 9.042950e-19
Algorithm converged after  7  iterations.
[1] 1.690469e-15 7.513024e-21
Algorithm converged after  7  iterations.
[1] 2.413101e-17 1.875212e-23
Algorithm converged after  6  iterations.
[1] 1.029550e-19 8.406111e-27
Algorithm converged after  6  iterations.
[1] 7.178470e-23 2.871468e-31
Algorithm converged after  6  iterations.
[1] 2.759325e-27 1.597315e-37
Algorithm converged after  6  iterations.
[1] 6.654836e-34 6.609000e-47
Algorithm converged after  6  iterations.
[1] 6.321585e-45 1.517104e-62
Algorithm converged after  6  iterations.
[1] 5.852283e-67 8.020818e-94
Algorithm converged after  5  iterations.
[1] 4.899263e-133 1.205367e-187
Algorithm converged after  5  iterations.
[1] 0.1609262
Algorithm converged after  2  iterations.
[1] 0.0050450088 0.0008617371
Algorithm converged after  2  iterations.
[1] 0.004336248 0.000696985
Algorithm converged after  2  iterations.
[1] 0.0037078633 0.0005640922
Algorithm converged after  2  iterations.
[1] 0.0031531028 0.0004598026
Algorithm converged after  2  iterations.
[1] 0.0026656215 0.0003839357
Algorithm converged after  2  iterations.
[1] 0.002239429 0.000332349
Algorithm converged after  2  iterations.
[1] 0.0018688591 0.0002918922
Algorithm converged after  2  iterations.
[1] 0.0015485480 0.0002567632
Algorithm converged after  2  iterations.
[1] 0.0012734272 0.0002248177
Algorithm converged after  2  iterations.
[1] 0.001038718 0.000195157
Algorithm converged after  2  iterations.
[1] 0.0008399340 0.0001674568
Algorithm converged after  2  iterations.
[1] 0.0006728808 0.0001416938
Algorithm converged after  2  iterations.
[1] 0.0005336621 0.0001179953
Algorithm converged after  2  iterations.
[1] 0.0004186799 0.0000965390
Algorithm converged after  2  iterations.
[1] 3.246346e-04 7.748299e-05
Algorithm converged after  2  iterations.
[1] 2.485221e-04 6.092036e-05
Algorithm converged after  2  iterations.
[1] 1.876282e-04 4.685648e-05
Algorithm converged after  2  iterations.
[1] 1.395196e-04 3.520501e-05
Algorithm converged after  2  iterations.
[1] 1.020341e-04 2.579828e-05
Algorithm converged after  2  iterations.
[1] 7.326792e-05 1.840645e-05
Algorithm converged after  2  iterations.
[1] 5.156195e-05 1.276069e-05
Algorithm converged after  2  iterations.
[1] 3.548684e-05 8.576238e-06
Algorithm converged after  2  iterations.
[1] 2.382710e-05 5.572683e-06
Algorithm converged after  2  iterations.
[1] 1.556423e-05 3.489818e-06
Algorithm converged after  2  iterations.
[1] 9.859105e-06 2.098453e-06
Algorithm converged after  2  iterations.
[1] 6.033621e-06 1.206302e-06
Algorithm converged after  2  iterations.
[1] 3.551875e-06 6.595272e-07
Algorithm converged after  2  iterations.
[1] 2.001045e-06 3.408590e-07
Algorithm converged after  2  iterations.
[1] 1.072393e-06 1.653188e-07
Algorithm converged after  2  iterations.
[1] 5.427875e-07 7.459194e-08
Algorithm converged after  2  iterations.
[1] 2.572428e-07 3.098307e-08
Algorithm converged after  2  iterations.
[1] 1.129711e-07 1.169722e-08
Algorithm converged after  2  iterations.
[1] 4.539116e-08 3.951681e-09
Algorithm converged after  2  iterations.
[1] 1.642575e-08 1.171728e-09
Algorithm converged after  2  iterations.
[1] 5.249217e-09 2.976514e-10
Algorithm converged after  2  iterations.
[1] 1.445011e-09 6.282045e-11
Algorithm converged after  2  iterations.
[1] 3.318654e-10 1.058918e-11
Algorithm converged after  2  iterations.
[1] 6.098215e-11 1.353823e-12
Algorithm converged after  2  iterations.
[1] 8.479653e-12 1.225412e-13
Algorithm converged after  2  iterations.
[1] 8.269355e-13 7.148527e-15
Algorithm converged after  2  iterations.
[1] 5.084703e-14 2.356274e-16
Algorithm converged after  2  iterations.
[1] 1.690469e-15 3.628834e-18
Algorithm converged after  2  iterations.
[1] 2.413101e-17 1.963437e-20
Algorithm converged after  2  iterations.
[1] 1.029550e-19 2.384448e-23
Algorithm converged after  2  iterations.
[1] 7.178470e-23 3.080067e-27
Algorithm converged after  2  iterations.
[1] 2.759325e-27 1.103449e-32
Algorithm converged after  2  iterations.
[1] 6.654836e-34 7.454145e-41
Algorithm converged after  2  iterations.
[1] 6.321585e-45 1.791333e-54
Algorithm converged after  2  iterations.
[1] 5.852283e-67 1.028352e-81
Algorithm converged after  2  iterations.
[1] 4.899263e-133 1.925887e-163
Algorithm converged after  2  iterations.
[1] 0.1497704
Algorithm converged after  2  iterations.
[1] 0.0050450088 0.0005402723 0.0001786739
[1] 0.0057570704 0.0005746541 0.0001982798
Algorithm converged after  13  iterations.
[1] 0.0043362485 0.0004251502 0.0001430181
[1] 0.0050696316 0.0004577003 0.0001537143
Algorithm converged after  13  iterations.
[1] 0.0037078633 0.0003323523 0.0001114747
[1] 0.0044749339 0.0003640031 0.0001177875
Algorithm converged after  14  iterations.
[1] 0.0031531028 0.0002577327 0.0000857979
[1] 3.983981e-03 2.895475e-04 9.045644e-05
Algorithm converged after  14  iterations.
[1] 2.665622e-03 1.980996e-04 6.597608e-05
[1] 3.573440e-03 2.304790e-04 7.142273e-05
Algorithm converged after  14  iterations.
[1] 2.239429e-03 1.508512e-04 5.133672e-05
[1] 0.0031471443 0.0001813729 0.0000596565
Algorithm converged after  13  iterations.
[1] 1.868859e-03 1.137921e-04 4.090581e-05
[1] 2.683285e-03 1.397732e-04 5.091127e-05
Algorithm converged after  12  iterations.
[1] 1.548548e-03 8.503833e-05 3.324252e-05
[1] 2.246840e-03 1.064086e-04 4.273858e-05
Algorithm converged after  11  iterations.
[1] 1.273427e-03 6.296451e-05 2.686646e-05
[1] 1.856843e-03 8.009592e-05 3.442372e-05
Algorithm converged after  11  iterations.
[1] 1.038718e-03 4.617648e-05 2.110323e-05
[1] 1.516783e-03 5.949025e-05 2.633679e-05
Algorithm converged after  11  iterations.
[1] 8.399340e-04 3.350692e-05 1.595120e-05
Algorithm converged after  10  iterations.
[1] 6.728808e-04 2.401460e-05 1.160324e-05
Algorithm converged after  10  iterations.
[1] 5.336621e-04 1.696328e-05 8.152648e-06
Algorithm converged after  10  iterations.
[1] 4.186799e-04 1.178276e-05 5.551203e-06
Algorithm converged after  10  iterations.
[1] 3.246346e-04 8.029463e-06 3.670038e-06
Algorithm converged after  10  iterations.
[1] 2.485221e-04 5.355790e-06 2.357254e-06
Algorithm converged after  9  iterations.
[1] 1.876282e-04 3.488443e-06 1.470316e-06
Algorithm converged after  9  iterations.
[1] 1.395196e-04 2.213294e-06 8.895244e-07
Algorithm converged after  9  iterations.
[1] 1.020341e-04 1.364279e-06 5.210022e-07
Algorithm converged after  9  iterations.
[1] 7.326792e-05 8.146689e-07 2.947105e-07
Algorithm converged after  9  iterations.
[1] 5.156195e-05 4.697887e-07 1.605170e-07
Algorithm converged after  8  iterations.
[1] 3.548684e-05 2.606974e-07 8.387998e-08
Algorithm converged after  8  iterations.
[1] 2.382710e-05 1.386618e-07 4.187691e-08
Algorithm converged after  8  iterations.
[1] 1.556423e-05 7.037194e-08 1.987595e-08
Algorithm converged after  8  iterations.
[1] 9.859105e-06 3.390109e-08 8.917009e-09
Algorithm converged after  7  iterations.
[1] 6.033621e-06 1.540993e-08 3.756030e-09
Algorithm converged after  7  iterations.
[1] 3.551875e-06 6.563548e-09 1.473796e-09
Algorithm converged after  7  iterations.
[1] 2.001045e-06 2.598291e-09 5.337262e-10
Algorithm converged after  7  iterations.
[1] 1.072393e-06 9.468263e-10 1.764449e-10
Algorithm converged after  7  iterations.
[1] 5.427875e-07 3.139897e-10 5.255738e-11
Algorithm converged after  6  iterations.
[1] 2.572428e-07 9.346719e-11 1.388612e-11
Algorithm converged after  6  iterations.
[1] 1.129711e-07 2.456297e-11 3.193045e-12
Algorithm converged after  6  iterations.
[1] 4.539116e-08 5.584081e-12 6.243541e-13
Algorithm converged after  6  iterations.
[1] 1.642575e-08 1.070926e-12 1.008827e-13
Algorithm converged after  6  iterations.
[1] 5.249217e-09 1.679021e-13 1.299605e-14
Algorithm converged after  5  iterations.
[1] 1.445011e-09 2.067977e-14 1.275637e-15
Algorithm converged after  5  iterations.
[1] 3.318654e-10 1.900986e-15 9.000261e-17
Algorithm converged after  5  iterations.
[1] 6.098215e-11 1.219690e-16 4.229670e-18
Algorithm converged after  5  iterations.
[1] 8.479653e-12 4.995019e-18 1.196106e-19
Algorithm converged after  4  iterations.
[1] 8.269355e-13 1.155832e-19 1.772155e-21
Algorithm converged after  4  iterations.
[1] 5.084703e-14 1.274047e-21 1.133207e-23
Algorithm converged after  4  iterations.
[1] 1.690469e-15 5.227794e-24 2.363690e-26
Algorithm converged after  4  iterations.
[1] 2.413101e-17 5.516419e-27 1.056702e-29
Algorithm converged after  4  iterations.
[1] 1.029550e-19 8.371112e-31 5.233482e-34
Algorithm converged after  5  iterations.
[1] 7.178470e-23 6.934683e-36 1.877403e-43
[1] 6.345625e-23 7.012833e-36 9.487046e-40
Algorithm converged after  11  iterations.
[1] 2.759325e-27 5.485806e-43 1.975559e-69
[1] 2.181612e-27 5.620150e-43 1.982948e-60
[1] 2.519425e-27 5.539913e-43 1.661944e-69
[1] 2.456577e-27 5.554517e-43 5.786425e-78
[1] 2.481861e-27 5.548642e-43 2.714229e-70
[1] 2.553334e-27 5.532620e-43 3.027393e-72
[1] 2.477875e-27 5.549966e-43 1.143571e-72
[1] 2.509408e-27 5.543041e-43 1.699386e-63
[1] 2.179575e-27 5.621914e-43 2.234255e-60
[1] 2.430070e-27 5.561938e-43 1.727187e-63
[1] 2.344034e-27 5.582258e-43 5.601889e-73
[1] 2.428754e-27 5.562389e-43 4.280528e-52
[1] 2.177523e-27 5.623166e-43 8.883806e-48
[1] 2.505983e-27 5.544868e-43 1.707433e-63
[1] 2.418967e-27 5.565228e-43 1.281962e-70
[1] 2.509329e-27 5.544389e-43 2.816715e-72
[1] 2.390958e-27 5.572039e-43 2.765628e-72
[1] 2.430910e-27 5.562836e-43 2.828491e-72
[1] 2.470561e-27 5.553826e-43 3.368815e-64
[1] 2.507937e-27 5.545265e-43 1.124452e-82
Algorithm did not converge after  200  iterations.
[1] 6.654836e-34 1.268367e-53 5.403620e-65
Algorithm converged after  5  iterations.
[1] 6.321585e-45 2.512955e-71 6.875991e-80
Algorithm converged after  5  iterations.
[1]  5.852283e-67 1.076480e-106 2.220599e-139
Algorithm converged after  6  iterations.
[1] 4.899263e-133 1.023160e-212 2.150026e-280
[1] 3.970022e-133 1.057567e-212 7.504260e-267
[1] 3.704897e-133 1.068235e-212 2.191592e-240
[1] 3.707646e-133 1.068128e-212 1.027310e-256
Algorithm converged after  36  iterations.
[1] 0.1641239
Algorithm converged after  2  iterations.
[1] 0.0050450088 0.0003894944 0.0001295373
[1] 0.0052005009 0.0004592655 0.0002610084
Algorithm converged after  14  iterations.
[1] 0.0043362485 0.0003146845 0.0001915989
[1] 0.0044110371 0.0003327162 0.0002022028
Algorithm converged after  14  iterations.
[1] 0.0037078633 0.0002715456 0.0001534085
[1] 0.0039216100 0.0002786626 0.0001535395
Algorithm converged after  13  iterations.
[1] 0.0031531028 0.0002356207 0.0001157987
[1] 0.0034796808 0.0002426100 0.0001157887
Algorithm converged after  14  iterations.
[1] 0.0026656215 0.0002041460 0.0000856835
[1] 0.0030590620 0.0002131815 0.0000864045
Algorithm converged after  15  iterations.
[1] 2.239429e-03 1.760528e-04 6.246057e-05
[1] 2.659509e-03 1.870953e-04 6.366717e-05
Algorithm converged after  16  iterations.
[1] 1.868859e-03 1.507722e-04 4.491188e-05
[1] 2.285102e-03 1.629514e-04 4.626182e-05
Algorithm converged after  16  iterations.
[1] 1.548548e-03 1.279703e-04 3.185661e-05
[1] 1.940881e-03 1.402961e-04 3.312208e-05
Algorithm converged after  16  iterations.
[1] 1.273427e-03 1.074456e-04 2.228121e-05
[1] 1.630132e-03 1.191045e-04 2.335742e-05
Algorithm converged after  16  iterations.
[1] 1.038718e-03 8.907572e-05 1.535587e-05
[1] 1.353439e-03 9.950161e-05 1.622176e-05
Algorithm converged after  16  iterations.
[1] 8.399340e-04 7.278286e-05 1.041911e-05
[1] 1.108849e-03 8.163622e-05 1.109755e-05
Algorithm converged after  18  iterations.
[1] 6.728808e-04 5.850803e-05 6.953470e-06
[1] 8.940750e-04 6.567050e-05 7.479574e-06
Algorithm converged after  18  iterations.
[1] 5.336621e-04 4.618987e-05 4.560540e-06
[1] 7.102378e-04 5.178607e-05 4.963156e-06
Algorithm converged after  16  iterations.
[1] 4.186799e-04 3.574868e-05 2.938023e-06
[1] 5.580283e-04 4.002991e-05 3.238635e-06
Algorithm converged after  13  iterations.
[1] 3.246346e-04 2.707661e-05 1.859587e-06
[1] 4.341158e-04 3.028833e-05 2.075003e-06
Algorithm converged after  11  iterations.
[1] 2.485221e-04 2.003442e-05 1.157278e-06
Algorithm converged after  10  iterations.
[1] 1.876282e-04 1.445457e-05 7.080369e-07
Algorithm converged after  9  iterations.
[1] 1.395196e-04 1.014904e-05 4.250623e-07
Algorithm converged after  8  iterations.
[1] 1.020341e-04 6.919987e-06 2.496551e-07
Algorithm converged after  8  iterations.
[1] 7.326792e-05 4.571023e-06 1.429636e-07
Algorithm converged after  7  iterations.
[1] 5.156195e-05 2.917332e-06 7.952073e-08
[1] 7.269498e-05 3.261626e-06 6.335345e-14
[1] 7.240084e-05 3.252912e-06 4.289222e-13
Algorithm converged after  28  iterations.
[1] 3.548684e-05 1.793489e-06 4.278942e-08
Algorithm converged after  8  iterations.
[1] 2.382710e-05 1.058358e-06 2.217410e-08
[1] 3.322680e-05 1.162072e-06 2.239562e-14
[1] 3.279273e-05 1.153146e-06 2.529465e-08
Algorithm converged after  24  iterations.
[1] 1.556423e-05 5.970820e-07 1.101120e-08
[1] 2.200273e-05 6.569107e-07 1.090404e-08
Algorithm converged after  12  iterations.
[1] 9.859105e-06 3.205291e-07 2.669818e-09
[1] 1.384372e-05 3.494460e-07 2.799149e-09
Algorithm converged after  13  iterations.
[1] 6.033621e-06 1.628394e-07 1.074728e-09
Algorithm converged after  10  iterations.
[1] 3.551875e-06 7.779054e-08 4.017972e-10
Algorithm converged after  9  iterations.
[1] 2.001045e-06 3.468085e-08 1.382770e-10
Algorithm converged after  9  iterations.
[1] 1.072393e-06 1.430075e-08 4.332502e-11
Algorithm converged after  8  iterations.
[1] 5.427875e-07 5.396244e-09 1.219562e-11
Algorithm converged after  8  iterations.
[1] 2.572428e-07 1.839525e-09 3.035240e-12
Algorithm converged after  8  iterations.
[1] 1.129711e-07 5.577406e-10 6.550555e-13
Algorithm converged after  8  iterations.
[1] 4.539116e-08 1.475669e-10 1.197169e-13
Algorithm converged after  10  iterations.
[1] 1.642575e-08 3.327627e-11 1.709691e-28
Algorithm converged after  8  iterations.
[1] 5.249217e-09 6.209549e-12 1.989907e-21
[1] 6.644847e-09 6.388186e-12 3.421723e-15
[1] 6.855814e-09 6.422087e-12 1.872404e-24
[1] 6.973707e-09 6.427906e-12 2.174131e-15
Algorithm converged after  38  iterations.
[1] 1.445011e-09 9.237049e-13 3.447190e-16
Algorithm converged after  9  iterations.
[1] 3.318654e-10 1.043944e-13 2.494101e-16
Algorithm converged after  7  iterations.
[1] 6.098215e-11 8.417564e-15 1.534059e-17
[1] 7.805641e-11 8.613749e-15 1.546606e-17
Algorithm converged after  11  iterations.
[1] 8.479653e-12 4.452973e-16 3.854260e-20
[1] 1.063033e-11 4.538187e-16 3.924973e-20
Algorithm converged after  12  iterations.
[1] 8.269355e-13 1.378526e-17 6.371896e-22
Algorithm converged after  6  iterations.
[1] 5.084703e-14 2.127978e-19 4.733512e-24
Algorithm converged after  5  iterations.
[1] 1.690469e-15 1.299873e-21 1.212691e-26
Algorithm converged after  5  iterations.
[1] 2.413101e-17 2.221352e-24 7.207805e-30
Algorithm converged after  5  iterations.
[1] 1.029550e-19 6.158519e-28 5.335297e-34
Algorithm converged after  5  iterations.
[1] 7.178470e-23 1.117135e-32 1.746230e-39
Algorithm converged after  5  iterations.
[1] 2.759325e-27 2.586325e-39 3.928194e-47
Algorithm converged after  5  iterations.
[1] 6.654836e-34 2.908363e-49 1.474503e-58
Algorithm converged after  4  iterations.
[1] 6.321585e-45 7.741948e-66 1.594205e-77
Algorithm converged after  4  iterations.
[1]  5.852283e-67  5.651472e-99 2.644534e-115
Algorithm converged after  4  iterations.
[1] 4.899263e-133 2.365332e-198 3.489206e-228
Algorithm converged after  3  iterations.
[1] 0.1600891
Algorithm converged after  2  iterations.
[1] 5.045009e-03 3.364625e-04 9.006399e-05
[1] 6.634842e-03 4.034755e-04 9.977699e-05
Algorithm converged after  15  iterations.
[1] 4.336248e-03 2.585823e-04 6.883741e-05
[1] 5.702143e-03 3.081492e-04 7.577581e-05
Algorithm converged after  15  iterations.
[1] 3.707863e-03 1.971016e-04 5.238891e-05
[1] 4.898439e-03 2.346896e-04 5.762374e-05
Algorithm converged after  15  iterations.
[1] 0.0031531028 0.0001490504 0.0000399733
[1] 4.199898e-03 1.778875e-04 4.392092e-05
Algorithm converged after  14  iterations.
[1] 2.665622e-03 1.119045e-04 3.094771e-05
[1] 3.582276e-03 1.337761e-04 3.349161e-05
Algorithm converged after  13  iterations.
[1] 2.239429e-03 8.353953e-05 2.487803e-05
[1] 3.033257e-03 9.964045e-05 2.542949e-05
Algorithm converged after  13  iterations.
[1] 1.868859e-03 6.220281e-05 2.174196e-05
[1] 2.550235e-03 7.372776e-05 1.914930e-05
Algorithm converged after  13  iterations.
[1] 1.548548e-03 4.652988e-05 2.132798e-05
[1] 2.095060e-03 5.499932e-05 2.474829e-05
Algorithm converged after  17  iterations.
[1] 1.273427e-03 3.572275e-05 2.142927e-05
[1] 1.718027e-03 4.406149e-05 2.684428e-05
Algorithm converged after  14  iterations.
[1] 1.038718e-03 2.877647e-05 1.708697e-05
[1] 1.387829e-03 3.757255e-05 2.020897e-05
Algorithm converged after  15  iterations.
[1] 8.399340e-04 2.369217e-05 1.225067e-05
[1] 1.108672e-03 3.180867e-05 1.407121e-05
Algorithm converged after  17  iterations.
[1] 6.728808e-04 1.954834e-05 8.476632e-06
[1] 8.781947e-04 2.651965e-05 9.548894e-06
Algorithm converged after  19  iterations.
[1] 5.336621e-04 1.600267e-05 5.729952e-06
[1] 6.903764e-04 2.173465e-05 6.360778e-06
[1] 6.905770e-04 2.173793e-05 6.361340e-06
Algorithm converged after  22  iterations.
[1] 4.186799e-04 1.291589e-05 3.794560e-06
[1] 5.390391e-04 1.749328e-05 4.165637e-06
[1] 5.395027e-04 1.750144e-05 4.166940e-06
Algorithm converged after  26  iterations.
[1] 3.246346e-04 1.023314e-05 2.462180e-06
[1] 4.184037e-04 1.382371e-05 2.684260e-06
[1] 4.192004e-04 1.383945e-05 2.686940e-06
Algorithm converged after  28  iterations.
[1] 2.485221e-04 7.932863e-06 1.563887e-06
[1] 3.224347e-04 1.071774e-05 1.703438e-06
[1] 3.229330e-04 1.072907e-05 1.705526e-06
Algorithm converged after  23  iterations.
[1] 1.876282e-04 6.001375e-06 9.708343e-07
[1] 2.418023e-04 8.025512e-06 1.048143e-06
[1] 2.455216e-04 8.124384e-06 1.061841e-06
Algorithm converged after  22  iterations.
[1] 1.395196e-04 4.420574e-06 5.880227e-07
[1] 1.643723e-04 5.620016e-06 6.308571e-07
Algorithm converged after  16  iterations.
[1] 1.020341e-04 3.163508e-06 3.470904e-07
[1] 1.205917e-04 4.008231e-06 3.727976e-07
Algorithm converged after  12  iterations.
[1] 7.326792e-05 2.194577e-06 1.994600e-07
Algorithm converged after  9  iterations.
[1] 5.156195e-05 1.472210e-06 1.083424e-07
Algorithm converged after  10  iterations.
[1] 3.548684e-05 9.524429e-07 5.754824e-08
[1] 4.481960e-05 1.220743e-06 5.825446e-08
[1] 4.514988e-05 1.228333e-06 5.810119e-08
[1] 4.521567e-05 1.229412e-06 5.808588e-08
[1] 4.523053e-05 1.229614e-06 5.808372e-08
[1] 4.523418e-05 1.229661e-06 5.808329e-08
[1] 4.523510e-05 1.229672e-06 5.808318e-08
[1] 4.523533e-05 1.229675e-06 5.808316e-08
[1] 4.523539e-05 1.229676e-06 5.808315e-08
Algorithm converged after  81  iterations.
[1] 2.382710e-05 5.923699e-07 2.929367e-08
[1] 2.997267e-05 7.421998e-07 2.993741e-08
[1] 2.997703e-05 7.422477e-07 2.993700e-08
Algorithm converged after  26  iterations.
[1] 1.556423e-05 3.528941e-07 1.422248e-08
[1] 1.963619e-05 4.389305e-07 1.447990e-08
Algorithm converged after  16  iterations.
[1] 9.859105e-06 2.005096e-07 6.549546e-09
[1] 1.248104e-05 2.477911e-07 6.640083e-09
Algorithm converged after  12  iterations.
[1] 6.033621e-06 1.081135e-07 2.842245e-09
Algorithm converged after  10  iterations.
[1] 3.551875e-06 5.499204e-08 1.153565e-09
Algorithm converged after  9  iterations.
[1] 2.001045e-06 2.620225e-08 5.975197e-10
Algorithm converged after  9  iterations.
[1] 1.072393e-06 1.159731e-08 1.449494e-19
[1] 1.448826e-06 1.471471e-08 1.938985e-19
[1] 1.407608e-06 1.430929e-08 3.003692e-20
[1] 1.416539e-06 1.440926e-08 1.408064e-10
[1] 1.500926e-06 1.505840e-08 1.622846e-10
[1] 1.413856e-06 1.439284e-08 1.413170e-10
Algorithm converged after  56  iterations.
[1] 5.427875e-07 4.720626e-09 7.709382e-13
[1] 7.139778e-07 5.769418e-09 3.820544e-21
[1] 7.329534e-07 5.924019e-09 4.248684e-11
Algorithm converged after  27  iterations.
[1] 2.572428e-07 1.745881e-09 4.040773e-22
[1] 3.330457e-07 2.083456e-09 9.423823e-21
[1] 3.586206e-07 2.192491e-09 2.819527e-11
[1] 3.37378e-07 2.11010e-09 1.07452e-20
[1] 3.586853e-07 2.190144e-09 1.240066e-11
[1] 3.423953e-07 2.125683e-09 1.236068e-11
[1] 3.215666e-07 2.027845e-09 2.956255e-18
[1] 3.368983e-07 2.113054e-09 1.246949e-11
[1] 3.385285e-07 2.121570e-09 1.251147e-11
[1] 3.383109e-07 2.108710e-09 1.254347e-11
[1] 3.214609e-07 2.033707e-09 6.512014e-19
[1] 3.399294e-07 2.117890e-09 1.250222e-11
[1] 3.413660e-07 2.143580e-09 1.132144e-21
[1] 3.373284e-07 2.124653e-09 1.241373e-11
[1] 3.286754e-07 2.096647e-09 5.664611e-21
[1] 3.378103e-07 2.129091e-09 1.754290e-11
[1] 3.658497e-07 2.238614e-09 1.239632e-11
[1] 3.428341e-07 2.143174e-09 1.236676e-11
[1] 3.363449e-07 2.122754e-09 1.276447e-11
[1] 3.596648e-07 2.207393e-09 9.327265e-23
Algorithm did not converge after  200  iterations.
[1] 1.129711e-07 5.781324e-10 1.186492e-25
[1] 1.447988e-07 6.791707e-10 4.730589e-23
[1] 1.450168e-07 6.845222e-10 2.988030e-12
[1] 1.494109e-07 6.971211e-10 1.606783e-23
[1] 1.567365e-07 7.162657e-10 2.974902e-12
[1] 1.466812e-07 6.887746e-10 1.296248e-24
[1] 1.583472e-07 7.218269e-10 7.381147e-20
[1] 1.477079e-07 6.927333e-10 3.061039e-12
Algorithm converged after  78  iterations.
[1] 4.539116e-08 1.683556e-10 6.718665e-13
[1] 5.718643e-08 1.939916e-10 7.058501e-13
Algorithm converged after  14  iterations.
[1] 1.642575e-08 4.216514e-11 2.396118e-17
[1] 2.295405e-08 5.157565e-11 1.084423e-13
Algorithm converged after  17  iterations.
[1] 5.249217e-09 8.833118e-12 3.655636e-14
[1] 6.198316e-09 9.667343e-12 5.770766e-24
Algorithm converged after  19  iterations.
[1] 1.445011e-09 1.494118e-12 1.819020e-15
[1] 1.890803e-09 1.723861e-12 1.700962e-15
Algorithm converged after  11  iterations.
[1] 3.318654e-10 1.950085e-13 8.951633e-18
Algorithm converged after  8  iterations.
[1] 6.098215e-11 1.850704e-14 7.912128e-18
Algorithm converged after  7  iterations.
[1] 8.479653e-12 1.179926e-15 2.661314e-19
Algorithm converged after  7  iterations.
[1] 8.269355e-13 4.536531e-17 4.854021e-21
Algorithm converged after  7  iterations.
[1] 5.084703e-14 9.042950e-19 3.995980e-23
Algorithm converged after  7  iterations.
[1] 1.690469e-15 7.513024e-21 1.139133e-25
Algorithm converged after  7  iterations.
[1] 2.413101e-17 1.875212e-23 7.556904e-29
[1] 3.041307e-17 2.023638e-23 7.266466e-29
[1] 3.079030e-17 2.031322e-23 1.970489e-46
[1] 3.006493e-17 2.015723e-23 7.394417e-29
[1] 3.077957e-17 2.032235e-23 7.218651e-29
[1] 3.031306e-17 2.021808e-23 9.965975e-28
[1] 3.244423e-17 2.070179e-23 2.174957e-31
[1] 3.060213e-17 2.027773e-23 7.282064e-29
[1] 3.030508e-17 2.022021e-23 1.909246e-51
[1] 3.051064e-17 2.028171e-23 2.193480e-31
[1] 3.038022e-17 2.025323e-23 2.155250e-31
[1] 3.039834e-17 2.025869e-23 1.627829e-50
[1] 3.035389e-17 2.024948e-23 2.189766e-31
[1] 3.014371e-17 2.021061e-23 2.240784e-31
[1] 3.232807e-17 2.070679e-23 2.208297e-31
[1] 3.231496e-17 2.070445e-23 7.204475e-29
[1] 3.322463e-17 2.090286e-23 1.683389e-42
[1] 3.192078e-17 2.061413e-23 7.249692e-29
[1] 3.233736e-17 2.071644e-23 7.207497e-29
[1] 3.080792e-17 2.036564e-23 1.490287e-26
Algorithm did not converge after  200  iterations.
[1] 1.029550e-19 8.406111e-27 5.038693e-35
[1] 1.286253e-19 8.991074e-27 4.859864e-35
[1] 1.286252e-19 8.991093e-27 4.859858e-35
[1] 1.286252e-19 8.991113e-27 4.859858e-35
[1] 1.286253e-19 8.991133e-27 4.859858e-35
[1] 1.286253e-19 8.991153e-27 4.859859e-35
[1] 1.286253e-19 8.991172e-27 4.859859e-35
[1] 1.286253e-19 8.991192e-27 4.859860e-35
[1] 1.286253e-19 8.991212e-27 4.859860e-35
[1] 1.286253e-19 8.991232e-27 4.859860e-35
[1] 1.286254e-19 8.991252e-27 4.859861e-35
[1] 1.286254e-19 8.991272e-27 4.859861e-35
[1] 1.286254e-19 8.991292e-27 4.859861e-35
[1] 1.286254e-19 8.991312e-27 4.859862e-35
[1] 1.286254e-19 8.991332e-27 4.859862e-35
[1] 1.286254e-19 8.991351e-27 4.859863e-35
[1] 1.286255e-19 8.991371e-27 4.859863e-35
[1] 1.286255e-19 8.991391e-27 4.859863e-35
[1] 1.286255e-19 8.991411e-27 4.859864e-35
[1] 1.286255e-19 8.991431e-27 4.859864e-35
Algorithm did not converge after  200  iterations.
[1] 7.178470e-23 2.871468e-31 9.570757e-41
[1] 9.478318e-23 3.103211e-31 1.152472e-36
[1] 8.881031e-23 3.044984e-31 5.584886e-35
[1] 9.478691e-23 3.103293e-31 1.151931e-36
[1] 8.994671e-23 3.056129e-31 2.190507e-38
[1] 8.881051e-23 3.045023e-31 5.584883e-35
[1] 9.478695e-23 3.103331e-31 1.151937e-36
[1] 8.994677e-23 3.056166e-31 2.190507e-38
[1] 8.881058e-23 3.045060e-31 5.584871e-35
[1] 9.478700e-23 3.103369e-31 1.151943e-36
[1] 8.994683e-23 3.056204e-31 2.190508e-38
[1] 8.881064e-23 3.045097e-31 5.584858e-35
[1] 9.478704e-23 3.103407e-31 1.151948e-36
[1] 8.994689e-23 3.056241e-31 2.190508e-38
[1] 8.881070e-23 3.045134e-31 5.584846e-35
[1] 9.478708e-23 3.103445e-31 1.151954e-36
[1] 8.994695e-23 3.056278e-31 2.190508e-38
[1] 8.881077e-23 3.045171e-31 5.584834e-35
[1] 9.478713e-23 3.103483e-31 1.151961e-36
[1] 8.994701e-23 3.056316e-31 2.190508e-38
Algorithm did not converge after  200  iterations.
[1] 2.759325e-27 1.597315e-37 6.593511e-49
Algorithm converged after  6  iterations.
[1] 6.654836e-34 6.609000e-47 3.240259e-54
Algorithm converged after  6  iterations.
[1] 6.321585e-45 1.517104e-62 8.032795e-72
Algorithm converged after  6  iterations.
[1]  5.852283e-67  8.020818e-94 6.600484e-107
Algorithm converged after  6  iterations.
[1] 4.899263e-133 1.205367e-187 9.522064e-212
[1] 5.685968e-133 1.232099e-187 6.882151e-204
[1] 5.685969e-133 1.232101e-187 6.882151e-204
[1] 5.685969e-133 1.232103e-187 6.882151e-204
[1] 5.685969e-133 1.232105e-187 6.882150e-204
