myseed=5219 

Attaching package: ‘pls’

The following object is masked from ‘package:stats’:

    loadings

Loading required package: lattice
Loading required package: ggplot2
Registered S3 methods overwritten by 'ggplot2':
  method         from 
  [.quosures     rlang
  c.quosures     rlang
  print.quosures rlang

Attaching package: ‘caret’

The following object is masked from ‘package:pls’:

    R2

Loading required package: Matrix
Loading required package: foreach
Loaded glmnet 2.0-18

Parsed with column specification:
cols(
  .default = col_double()
)
See spec(...) for full column specifications.
Parsed with column specification:
cols(
  X1 = col_double()
)
Parsed with column specification:
cols(
  X1 = col_double()
)
[1] "Best 2step parameter is:"
   gam  rankJ rankA1 rankA2 rankA3 
  5.25   2.00   1.00   0.00   0.00 
[1] 0.004266345
Algorithm converged after  2  iterations.
[1] 0.003661285
Algorithm converged after  2  iterations.
[1] 0.003126294
Algorithm converged after  2  iterations.
[1] 0.002655147
Algorithm converged after  2  iterations.
[1] 0.002242065
Algorithm converged after  2  iterations.
[1] 0.001881652
Algorithm converged after  2  iterations.
[1] 0.001568857
Algorithm converged after  2  iterations.
[1] 0.001298937
Algorithm converged after  2  iterations.
[1] 0.001067446
Algorithm converged after  2  iterations.
[1] 0.0008702195
Algorithm converged after  2  iterations.
[1] 0.000703373
Algorithm converged after  2  iterations.
[1] 0.0005632967
Algorithm converged after  2  iterations.
[1] 0.0004466543
Algorithm converged after  2  iterations.
[1] 0.0003503798
Algorithm converged after  2  iterations.
[1] 0.0002716735
Algorithm converged after  2  iterations.
[1] 0.0002079959
Algorithm converged after  2  iterations.
[1] 0.0001570597
Algorithm converged after  2  iterations.
[1] 0.0001168199
Algorithm converged after  2  iterations.
[1] 8.546312e-05
Algorithm converged after  2  iterations.
[1] 6.139525e-05
Algorithm converged after  2  iterations.
[1] 4.322879e-05
Algorithm converged after  2  iterations.
[1] 2.976934e-05
Algorithm converged after  2  iterations.
[1] 2.000171e-05
Algorithm converged after  2  iterations.
[1] 1.307539e-05
Algorithm converged after  2  iterations.
[1] 8.289609e-06
Algorithm converged after  2  iterations.
[1] 5.077914e-06
Algorithm converged after  2  iterations.
[1] 2.992401e-06
Algorithm converged after  2  iterations.
[1] 1.687803e-06
Algorithm converged after  2  iterations.
[1] 9.056802e-07
Algorithm converged after  2  iterations.
[1] 4.590559e-07
Algorithm converged after  2  iterations.
[1] 2.179015e-07
Algorithm converged after  2  iterations.
[1] 9.586082e-08
Algorithm converged after  2  iterations.
[1] 3.859125e-08
Algorithm converged after  2  iterations.
[1] 1.399548e-08
Algorithm converged after  2  iterations.
[1] 4.483539e-09
Algorithm converged after  2  iterations.
[1] 1.237665e-09
Algorithm converged after  2  iterations.
[1] 2.851479e-10
Algorithm converged after  2  iterations.
[1] 5.258919e-11
Algorithm converged after  2  iterations.
[1] 7.343744e-12
Algorithm converged after  2  iterations.
[1] 7.197582e-13
Algorithm converged after  2  iterations.
[1] 4.45229e-14
Algorithm converged after  2  iterations.
[1] 1.491063e-15
Algorithm converged after  2  iterations.
[1] 2.147901e-17
Algorithm converged after  2  iterations.
[1] 9.271433e-20
Algorithm converged after  2  iterations.
[1] 6.565297e-23
Algorithm converged after  2  iterations.
[1] 2.578721e-27
Algorithm converged after  2  iterations.
[1] 6.423318e-34
Algorithm converged after  2  iterations.
[1] 6.437865e-45
Algorithm converged after  2  iterations.
[1] 6.63285e-67
Algorithm converged after  2  iterations.
[1] 7.648575e-133
Algorithm converged after  2  iterations.
[1] 0.1682306
Algorithm converged after  2  iterations.
[1] 0.0042663447 0.0006149906
[1] 0.0066253766 0.0007607916
Algorithm converged after  18  iterations.
[1] 0.0036612845 0.0004819061
[1] 0.0057540490 0.0005900669
Algorithm converged after  18  iterations.
[1] 0.0031262945 0.0003746168
[1] 0.0049586504 0.0004545265
Algorithm converged after  17  iterations.
[1] 0.0026551472 0.0002885271
[1] 0.0042400545 0.0003472794
Algorithm converged after  16  iterations.
[1] 0.0022420645 0.0002199287
[1] 0.0035970315 0.0002628958
Algorithm converged after  14  iterations.
[1] 0.0018816524 0.0001657482
[1] 0.0030268299 0.0001970012
Algorithm converged after  13  iterations.
[1] 0.001568857 0.000123395
[1] 0.002525664 0.000146006
Algorithm converged after  11  iterations.
[1] 1.298937e-03 9.066807e-05
[1] 0.0020890643 0.0001069386
Algorithm converged after  11  iterations.
[1] 1.067446e-03 6.569787e-05
[1] 1.712140e-03 7.733791e-05
Algorithm converged after  11  iterations.
[1] 8.702195e-04 4.690464e-05
Algorithm converged after  10  iterations.
[1] 7.033730e-04 3.296613e-05
Algorithm converged after  9  iterations.
[1] 5.632967e-04 2.278881e-05
Algorithm converged after  9  iterations.
[1] 4.466543e-04 1.548078e-05
Algorithm converged after  8  iterations.
[1] 3.503798e-04 1.032549e-05
Algorithm converged after  8  iterations.
[1] 2.716735e-04 6.756184e-06
Algorithm converged after  7  iterations.
[1] 2.079959e-04 4.332196e-06
Algorithm converged after  7  iterations.
[1] 1.570597e-04 2.718118e-06
Algorithm converged after  7  iterations.
[1] 1.168199e-04 1.665181e-06
Algorithm converged after  6  iterations.
[1] 8.546312e-05 9.934521e-07
Algorithm converged after  7  iterations.
[1] 6.139525e-05 5.754613e-07
Algorithm converged after  7  iterations.
[1] 4.322879e-05 3.914927e-12
Algorithm converged after  8  iterations.
[1] 2.976934e-05 1.743092e-07
Algorithm converged after  7  iterations.
[1] 2.000171e-05 9.043617e-08
Algorithm converged after  7  iterations.
[1] 1.307539e-05 4.483890e-08
Algorithm converged after  7  iterations.
[1] 8.289609e-06 2.113310e-08
Algorithm converged after  7  iterations.
[1] 5.077914e-06 9.411034e-09
Algorithm converged after  6  iterations.
[1] 2.992401e-06 2.387868e-09
Algorithm converged after  8  iterations.
[1] 1.687803e-06 8.785490e-10
Algorithm converged after  7  iterations.
[1] 9.056802e-07 2.964656e-10
Algorithm converged after  6  iterations.
[1] 4.590559e-07 9.058485e-11
Algorithm converged after  6  iterations.
[1] 2.179015e-07 2.468660e-11
Algorithm converged after  5  iterations.
[1] 9.586082e-08 5.893274e-12
Algorithm converged after  5  iterations.
[1] 3.859125e-08 3.069322e-12
Algorithm converged after  5  iterations.
[1] 1.399548e-08 2.057945e-13
Algorithm converged after  8  iterations.
[1] 4.483539e-09 9.088923e-14
Algorithm converged after  5  iterations.
[1] 1.237665e-09 1.114679e-14
Algorithm converged after  5  iterations.
[1] 2.851479e-10 1.023039e-15
Algorithm converged after  5  iterations.
[1] 5.258919e-11 6.573830e-17
Algorithm converged after  4  iterations.
[1] 7.343744e-12 2.706112e-18
Algorithm converged after  4  iterations.
[1] 7.197582e-13 6.321789e-20
Algorithm converged after  4  iterations.
[1] 4.45229e-14 7.07279e-22
Algorithm converged after  4  iterations.
[1] 1.491063e-15 2.965549e-24
Algorithm converged after  4  iterations.
[1] 2.147901e-17 3.225697e-27
Algorithm converged after  4  iterations.
[1] 9.271433e-20 5.105978e-31
Algorithm converged after  4  iterations.
[1] 6.565297e-23 4.487650e-36
Algorithm converged after  5  iterations.
[1] 2.578721e-27 3.865791e-43
Algorithm converged after  5  iterations.
[1] 6.423318e-34 1.017110e-53
Algorithm converged after  5  iterations.
[1] 6.437865e-45 2.498374e-71
Algorithm converged after  5  iterations.
[1]  6.63285e-67 1.63739e-106
Algorithm converged after  5  iterations.
[1] 7.648575e-133 5.470582e-212
Algorithm converged after  6  iterations.
[1] 0.1635805
Algorithm converged after  2  iterations.
[1] 0.0042663447 0.0004213625
Algorithm converged after  8  iterations.
[1] 0.0036612845 0.0003256923
Algorithm converged after  8  iterations.
[1] 0.0031262945 0.0002525194
Algorithm converged after  8  iterations.
[1] 0.0026551472 0.0002050513
Algorithm converged after  8  iterations.
[1] 0.0022420645 0.0001733257
Algorithm converged after  8  iterations.
[1] 0.0018816524 0.0001468293
Algorithm converged after  8  iterations.
[1] 0.0015688571 0.0001239537
Algorithm converged after  8  iterations.
[1] 0.0012989374 0.0001039316
Algorithm converged after  8  iterations.
[1] 1.067446e-03 8.632229e-05
Algorithm converged after  7  iterations.
[1] 0.0008702195 0.0000708543
Algorithm converged after  7  iterations.
[1] 7.033730e-04 5.735006e-05
Algorithm converged after  7  iterations.
[1] 0.0005632967 0.0000456813
Algorithm converged after  7  iterations.
[1] 4.466543e-04 3.573853e-05
Algorithm converged after  7  iterations.
[1] 3.503798e-04 2.741062e-05
Algorithm converged after  7  iterations.
[1] 2.716735e-04 2.057276e-05
Algorithm converged after  7  iterations.
[1] 2.079959e-04 1.508214e-05
Algorithm converged after  7  iterations.
[1] 1.570597e-04 1.077976e-05
Algorithm converged after  7  iterations.
[1] 1.168199e-04 7.496489e-06
Algorithm converged after  7  iterations.
[1] 8.546312e-05 5.061236e-06
Algorithm converged after  7  iterations.
[1] 6.139525e-05 3.309377e-06
Algorithm converged after  7  iterations.
[1] 4.322879e-05 2.089930e-06
Algorithm converged after  7  iterations.
[1] 2.976934e-05 1.270725e-06
Algorithm converged after  7  iterations.
[1] 2.000171e-05 7.412123e-07
Algorithm converged after  7  iterations.
[1] 1.307539e-05 4.130474e-07
Algorithm converged after  7  iterations.
[1] 8.289609e-06 2.188415e-07
Algorithm converged after  7  iterations.
[1] 5.077914e-06 1.096202e-07
Algorithm converged after  7  iterations.
[1] 2.992401e-06 5.157301e-08
Algorithm converged after  7  iterations.
[1] 1.687803e-06 2.261290e-08
Algorithm converged after  7  iterations.
[1] 9.056802e-07 9.155866e-09
Algorithm converged after  7  iterations.
[1] 4.590559e-07 3.386015e-09
Algorithm converged after  7  iterations.
[1] 2.179015e-07 1.128757e-09
Algorithm converged after  6  iterations.
[1] 9.586082e-08 3.338080e-10
Algorithm converged after  6  iterations.
[1] 3.859125e-08 8.588021e-11
Algorithm converged after  6  iterations.
[1] 1.399548e-08 1.876300e-11
Algorithm converged after  6  iterations.
[1] 4.483539e-09 3.377627e-12
Algorithm converged after  6  iterations.
[1] 1.237665e-09 4.821811e-13
Algorithm converged after  6  iterations.
[1] 2.851479e-10 5.196830e-14
Algorithm converged after  6  iterations.
[1] 5.258919e-11 3.965216e-15
Algorithm converged after  6  iterations.
[1] 7.343744e-12 1.965887e-16
Algorithm converged after  6  iterations.
[1] 7.197582e-13 5.634325e-18
Algorithm converged after  6  iterations.
[1] 4.452290e-14 7.925852e-20
Algorithm converged after  5  iterations.
[1] 1.491063e-15 4.320418e-22
Algorithm converged after  5  iterations.
[1] 2.147901e-17 6.402267e-25
Algorithm converged after  5  iterations.
[1] 9.271433e-20 1.477681e-28
Algorithm converged after  5  iterations.
[1] 6.565297e-23 2.099714e-33
Algorithm converged after  5  iterations.
[1] 2.578721e-27 3.455753e-40
Algorithm converged after  5  iterations.
[1] 6.423318e-34 2.332237e-50
Algorithm converged after  5  iterations.
[1] 6.437865e-45 2.657431e-67
Algorithm converged after  4  iterations.
[1]  6.632850e-67 3.571084e-101
Algorithm converged after  4  iterations.
[1] 7.648575e-133 9.434346e-203
Algorithm converged after  4  iterations.
[1] 0.1623064
Algorithm converged after  2  iterations.
[1] 0.0042663447 0.0004453939
[1] 0.0057264904 0.0007949548
Algorithm converged after  12  iterations.
[1] 0.0036612845 0.0003516978
[1] 0.0048931304 0.0006552404
Algorithm converged after  11  iterations.
[1] 0.0031262945 0.0002760652
[1] 0.0041681542 0.0005405588
Algorithm converged after  11  iterations.
[1] 0.0026551472 0.0002156065
[1] 0.0035445961 0.0004316157
Algorithm converged after  11  iterations.
[1] 0.0022420645 0.0001678943
Algorithm converged after  10  iterations.
[1] 0.0018816524 0.0001310025
Algorithm converged after  10  iterations.
[1] 0.0015688571 0.0001038252
Algorithm converged after  10  iterations.
[1] 1.298937e-03 8.499792e-05
Algorithm converged after  9  iterations.
[1] 1.067446e-03 7.077817e-05
Algorithm converged after  9  iterations.
[1] 8.702195e-04 5.906338e-05
Algorithm converged after  9  iterations.
[1] 7.033730e-04 4.901164e-05
Algorithm converged after  9  iterations.
[1] 5.632967e-04 4.023977e-05
Algorithm converged after  9  iterations.
[1] 4.466543e-04 3.256682e-05
Algorithm converged after  9  iterations.
[1] 3.503798e-04 2.590527e-05
Algorithm converged after  9  iterations.
[1] 2.716735e-04 2.020409e-05
Algorithm converged after  9  iterations.
[1] 2.079959e-04 1.541727e-05
Algorithm converged after  9  iterations.
[1] 1.570597e-04 1.148784e-05
Algorithm converged after  9  iterations.
[1] 1.168199e-04 8.342387e-06
Algorithm converged after  9  iterations.
[1] 8.546312e-05 5.892342e-06
Algorithm converged after  9  iterations.
[1] 6.139525e-05 4.039072e-06
Algorithm converged after  9  iterations.
[1] 4.322879e-05 2.680470e-06
Algorithm converged after  9  iterations.
[1] 2.976934e-05 1.717390e-06
Algorithm converged after  9  iterations.
[1] 2.000171e-05 1.058929e-06
Algorithm converged after  8  iterations.
[1] 1.307539e-05 6.260299e-07
Algorithm converged after  8  iterations.
[1] 8.289609e-06 3.533274e-07
Algorithm converged after  8  iterations.
[1] 5.077914e-06 1.894167e-07
Algorithm converged after  8  iterations.
[1] 2.992401e-06 9.588207e-08
Algorithm converged after  8  iterations.
[1] 1.687803e-06 4.550793e-08
Algorithm converged after  8  iterations.
[1] 9.056802e-07 2.008392e-08
Algorithm converged after  8  iterations.
[1] 4.590559e-07 8.160151e-09
Algorithm converged after  8  iterations.
[1] 2.179015e-07 3.016018e-09
Algorithm converged after  8  iterations.
[1] 9.586082e-08 9.994154e-10
Algorithm converged after  8  iterations.
[1] 3.859125e-08 2.916836e-10
Algorithm converged after  7  iterations.
[1] 1.399548e-08 7.334712e-11
Algorithm converged after  7  iterations.
[1] 4.483539e-09 1.546019e-11
Algorithm converged after  7  iterations.
[1] 1.237665e-09 2.637989e-12
Algorithm converged after  7  iterations.
[1] 2.851479e-10 3.484108e-13
Algorithm converged after  7  iterations.
[1] 5.258919e-11 3.359021e-14
Algorithm converged after  7  iterations.
[1] 7.343744e-12 2.186198e-15
Algorithm converged after  7  iterations.
[1] 7.197582e-13 8.634342e-17
Algorithm converged after  6  iterations.
[1] 4.45229e-14 1.78247e-18
Algorithm converged after  6  iterations.
[1] 1.491063e-15 1.550442e-20
Algorithm converged after  6  iterations.
[1] 2.147901e-17 4.112570e-23
Algorithm converged after  6  iterations.
[1] 9.271433e-20 2.001462e-26
Algorithm converged after  6  iterations.
[1] 6.565297e-23 7.663396e-31
Algorithm converged after  6  iterations.
[1] 2.578721e-27 5.028341e-37
Algorithm converged after  6  iterations.
[1] 6.423318e-34 2.682663e-46
Algorithm converged after  5  iterations.
[1] 6.437865e-45 9.485308e-62
Algorithm converged after  5  iterations.
[1] 6.632850e-67 1.203971e-92
Algorithm converged after  5  iterations.
[1] 7.648575e-133 2.560321e-185
Algorithm converged after  5  iterations.
[1] 0.157863
Algorithm converged after  2  iterations.
[1] 0.0042663447 0.0008624491
Algorithm converged after  2  iterations.
[1] 0.0036612845 0.0006921827
Algorithm converged after  2  iterations.
[1] 0.0031262945 0.0005547796
Algorithm converged after  2  iterations.
[1] 0.0026551472 0.0004463776
Algorithm converged after  2  iterations.
[1] 0.0022420645 0.0003653914
Algorithm converged after  2  iterations.
[1] 0.0018816524 0.0003102752
Algorithm converged after  2  iterations.
[1] 0.0015688571 0.0002691342
Algorithm converged after  2  iterations.
[1] 0.0012989374 0.0002344827
Algorithm converged after  2  iterations.
[1] 0.0010674460 0.0002036276
Algorithm converged after  2  iterations.
[1] 0.0008702195 0.0001754514
Algorithm converged after  2  iterations.
[1] 0.0007033730 0.0001495063
Algorithm converged after  2  iterations.
[1] 0.0005632967 0.0001256757
Algorithm converged after  2  iterations.
[1] 0.0004466543 0.0001040027
Algorithm converged after  2  iterations.
[1] 3.503798e-04 8.458471e-05
Algorithm converged after  2  iterations.
[1] 2.716735e-04 6.750496e-05
Algorithm converged after  2  iterations.
[1] 2.079959e-04 5.279197e-05
Algorithm converged after  2  iterations.
[1] 1.570597e-04 4.040086e-05
Algorithm converged after  2  iterations.
[1] 1.168199e-04 3.021217e-05
Algorithm converged after  2  iterations.
[1] 8.546312e-05 2.204267e-05
Algorithm converged after  2  iterations.
[1] 6.139525e-05 1.566302e-05
Algorithm converged after  2  iterations.
[1] 4.322879e-05 1.081788e-05
Algorithm converged after  2  iterations.
[1] 2.976934e-05 7.245212e-06
Algorithm converged after  2  iterations.
[1] 2.000171e-05 4.692693e-06
Algorithm converged after  2  iterations.
[1] 1.307539e-05 2.930046e-06
Algorithm converged after  2  iterations.
[1] 8.289609e-06 1.757069e-06
Algorithm converged after  2  iterations.
[1] 5.077914e-06 1.007538e-06
Algorithm converged after  2  iterations.
[1] 2.992401e-06 5.496009e-07
Algorithm converged after  2  iterations.
[1] 1.687803e-06 2.834577e-07
Algorithm converged after  2  iterations.
[1] 9.056802e-07 1.372211e-07
Algorithm converged after  2  iterations.
[1] 4.590559e-07 6.181027e-08
Algorithm converged after  2  iterations.
[1] 2.179015e-07 2.563585e-08
Algorithm converged after  2  iterations.
[1] 9.586082e-08 9.665982e-09
Algorithm converged after  2  iterations.
[1] 3.859125e-08 3.261924e-09
Algorithm converged after  2  iterations.
[1] 1.399548e-08 9.663625e-10
Algorithm converged after  2  iterations.
[1] 4.483539e-09 2.453255e-10
Algorithm converged after  2  iterations.
[1] 1.237665e-09 5.175680e-11
Algorithm converged after  2  iterations.
[1] 2.851479e-10 8.723372e-12
Algorithm converged after  2  iterations.
[1] 5.258919e-11 1.115534e-12
Algorithm converged after  2  iterations.
[1] 7.343744e-12 1.010351e-13
Algorithm converged after  2  iterations.
[1] 7.197582e-13 5.900414e-15
Algorithm converged after  2  iterations.
[1] 4.452290e-14 1.948174e-16
Algorithm converged after  2  iterations.
[1] 1.491063e-15 3.007749e-18
Algorithm converged after  2  iterations.
[1] 2.147901e-17 1.633115e-20
Algorithm converged after  2  iterations.
[1] 9.271433e-20 1.993190e-23
Algorithm converged after  2  iterations.
[1] 6.565297e-23 2.593120e-27
Algorithm converged after  2  iterations.
[1] 2.578721e-27 9.388721e-33
Algorithm converged after  2  iterations.
[1] 6.423318e-34 6.448099e-41
Algorithm converged after  2  iterations.
[1] 6.437865e-45 1.594188e-54
Algorithm converged after  2  iterations.
[1] 6.632850e-67 9.697599e-82
Algorithm converged after  2  iterations.
[1] 7.648575e-133 2.165378e-163
Algorithm converged after  2  iterations.
[1] 0.1471562
Algorithm converged after  2  iterations.
[1] 0.0042663447 0.0006149906 0.0001914801
Algorithm converged after  9  iterations.
[1] 0.0036612845 0.0004819061 0.0001505909
Algorithm converged after  10  iterations.
[1] 0.0031262945 0.0003746168 0.0001154844
[1] 0.0032604444 0.0003791652 0.0001159050
Algorithm converged after  11  iterations.
[1] 2.655147e-03 2.885271e-04 8.678879e-05
[1] 2.823645e-03 2.939270e-04 8.663778e-05
Algorithm converged after  11  iterations.
[1] 2.242065e-03 2.199287e-04 6.414135e-05
[1] 2.435920e-03 2.261563e-04 6.395347e-05
Algorithm converged after  12  iterations.
[1] 1.881652e-03 1.657482e-04 4.672994e-05
[1] 2.086612e-03 1.723708e-04 4.661531e-05
Algorithm converged after  12  iterations.
[1] 1.568857e-03 1.233950e-04 3.362505e-05
[1] 1.769588e-03 1.299047e-04 3.352013e-05
Algorithm converged after  13  iterations.
[1] 1.298937e-03 9.066807e-05 2.394873e-05
[1] 1.482269e-03 9.666772e-05 2.373616e-05
Algorithm converged after  14  iterations.
[1] 1.067446e-03 6.569787e-05 1.695291e-05
[1] 1.226050e-03 7.101252e-05 1.647524e-05
[1] 1.225879e-03 7.101488e-05 1.647140e-05
Algorithm converged after  24  iterations.
[1] 8.702195e-04 4.690464e-05 1.207121e-05
[1] 1.002784e-03 5.156755e-05 1.106161e-05
[1] 1.002508e-03 5.156874e-05 1.105545e-05
[1] 1.002498e-03 5.156878e-05 1.105523e-05
Algorithm converged after  33  iterations.
[1] 7.033730e-04 3.296613e-05 9.018138e-06
[1] 8.759344e-04 3.679955e-05 1.103677e-05
Algorithm converged after  16  iterations.
[1] 5.632967e-04 2.278881e-05 7.128718e-06
[1] 7.238655e-04 2.566491e-05 9.977060e-06
Algorithm converged after  13  iterations.
[1] 4.466543e-04 1.548078e-05 5.744414e-06
[1] 5.806436e-04 1.749750e-05 8.157873e-06
Algorithm converged after  12  iterations.
[1] 3.503798e-04 1.032549e-05 4.599629e-06
[1] 4.574611e-04 1.169655e-05 6.196244e-06
Algorithm converged after  11  iterations.
[1] 2.716735e-04 6.756184e-06 3.563495e-06
[1] 3.548153e-04 7.664088e-06 4.429065e-06
Algorithm converged after  11  iterations.
[1] 2.079959e-04 4.332196e-06 2.612608e-06
Algorithm converged after  10  iterations.
[1] 1.570597e-04 2.718118e-06 1.798847e-06
Algorithm converged after  10  iterations.
[1] 1.168199e-04 1.665181e-06 1.168001e-06
Algorithm converged after  10  iterations.
[1] 8.546312e-05 9.934521e-07 7.198753e-07
Algorithm converged after  9  iterations.
[1] 6.139525e-05 5.754613e-07 4.229227e-07
Algorithm converged after  9  iterations.
[1] 4.322879e-05 3.914927e-12 7.186676e-10
[1] 4.256951e-05 3.171951e-07 2.693309e-07
Algorithm converged after  16  iterations.
[1] 2.976934e-05 1.743092e-07 1.268236e-07
Algorithm converged after  9  iterations.
[1] 2.000171e-05 9.043617e-08 6.451490e-08
[1] 2.185675e-05 9.199313e-08 6.899827e-08
Algorithm converged after  17  iterations.
[1] 1.307539e-05 4.483890e-08 3.109889e-08
[1] 1.141413e-05 3.512560e-08 5.488851e-09
Algorithm converged after  16  iterations.
[1] 8.289609e-06 2.113310e-08 1.413415e-08
Algorithm converged after  8  iterations.
[1] 5.077914e-06 9.411034e-09 6.019112e-09
Algorithm converged after  10  iterations.
[1] 2.992401e-06 2.387868e-09 3.882373e-09
Algorithm converged after  10  iterations.
[1] 1.687803e-06 8.785490e-10 1.451363e-09
Algorithm converged after  7  iterations.
[1] 9.056802e-07 2.964656e-10 4.935481e-10
Algorithm converged after  7  iterations.
[1] 4.590559e-07 9.058485e-11 1.511886e-10
Algorithm converged after  7  iterations.
[1] 2.179015e-07 2.468660e-11 4.112420e-11
Algorithm converged after  6  iterations.
[1] 9.586082e-08 5.893274e-12 9.752817e-12
Algorithm converged after  6  iterations.
[1] 3.859125e-08 3.069322e-12 1.045414e-12
Algorithm converged after  6  iterations.
[1] 1.399548e-08 2.057945e-13 3.302475e-13
Algorithm converged after  5  iterations.
[1] 4.483539e-09 9.088923e-14 2.195213e-14
Algorithm converged after  5  iterations.
[1] 1.237665e-09 1.114679e-14 2.165520e-15
Algorithm converged after  5  iterations.
[1] 2.851479e-10 1.023039e-15 1.536831e-16
Algorithm converged after  5  iterations.
[1] 5.258919e-11 6.573830e-17 7.273629e-18
Algorithm converged after  5  iterations.
[1] 7.343744e-12 2.706112e-18 2.075071e-19
Algorithm converged after  5  iterations.
[1] 7.197582e-13 6.321789e-20 3.108748e-21
Algorithm converged after  5  iterations.
[1] 4.452290e-14 7.072790e-22 2.016281e-23
Algorithm converged after  5  iterations.
[1] 1.491063e-15 2.965549e-24 4.283339e-26
Algorithm converged after  5  iterations.
[1] 2.147901e-17 3.225697e-27 1.961265e-29
Algorithm converged after  5  iterations.
[1] 9.271433e-20 5.105978e-31 1.002756e-33
Algorithm converged after  5  iterations.
[1] 6.565297e-23 4.487650e-36 1.912942e-39
Algorithm converged after  5  iterations.
[1] 2.578721e-27 3.865791e-43 1.892889e-47
Algorithm converged after  6  iterations.
[1] 6.423318e-34 1.017110e-53 1.877445e-59
Algorithm converged after  6  iterations.
[1] 6.437865e-45 2.498374e-71 1.870181e-79
Algorithm converged after  6  iterations.
[1]  6.632850e-67 1.637390e-106 1.881767e-119
Algorithm converged after  6  iterations.
[1] 7.648575e-133 5.470582e-212 1.967508e-239
Algorithm converged after  6  iterations.
[1] 0.1616375
Algorithm converged after  2  iterations.
[1] 0.0042663447 0.0004213625 0.0001096287
[1] 0.0043020420 0.0004551242 0.0001518229
Algorithm converged after  16  iterations.
[1] 3.661285e-03 3.256923e-04 9.769596e-05
[1] 0.0038086513 0.0003718237 0.0002165775
[1] 0.0038198896 0.0003690228 0.0002074407
[1] 0.0038198736 0.0003689332 0.0002071577
[1] 0.0038198733 0.0003689319 0.0002071535
Algorithm converged after  41  iterations.
[1] 3.126294e-03 2.525194e-04 9.739113e-05
[1] 0.0032353558 0.0002757674 0.0001668532
Algorithm converged after  15  iterations.
[1] 0.0026551472 0.0002050513 0.0001270263
[1] 0.0027327332 0.0002067978 0.0001274375
Algorithm converged after  11  iterations.
[1] 2.242065e-03 1.733257e-04 9.646789e-05
[1] 2.336947e-03 1.727248e-04 9.634787e-05
Algorithm converged after  12  iterations.
[1] 1.881652e-03 1.468293e-04 7.063409e-05
[1] 1.982931e-03 1.469252e-04 7.094368e-05
Algorithm converged after  12  iterations.
[1] 1.568857e-03 1.239537e-04 5.069099e-05
[1] 1.673167e-03 1.253674e-04 5.116194e-05
Algorithm converged after  12  iterations.
[1] 1.298937e-03 1.039316e-04 3.576521e-05
[1] 0.0014054883 0.0001064672 0.0000362201
Algorithm converged after  13  iterations.
[1] 1.067446e-03 8.632229e-05 2.482282e-05
[1] 1.175998e-03 8.958793e-05 2.519575e-05
Algorithm converged after  16  iterations.
[1] 8.702195e-04 7.085430e-05 1.694209e-05
[1] 9.809845e-04 7.449479e-05 1.723177e-05
Algorithm converged after  20  iterations.
[1] 7.033730e-04 5.735006e-05 1.136292e-05
[1] 8.174477e-04 6.114360e-05 1.160643e-05
[1] 8.179187e-04 6.115307e-05 1.160758e-05
Algorithm converged after  25  iterations.
[1] 5.632967e-04 4.568130e-05 7.481781e-06
[1] 6.783132e-04 4.949458e-05 7.731000e-06
Algorithm converged after  20  iterations.
[1] 4.466543e-04 3.573853e-05 4.831480e-06
[1] 5.530673e-04 3.928075e-05 5.081648e-06
Algorithm converged after  14  iterations.
[1] 3.503798e-04 2.741062e-05 3.058055e-06
Algorithm converged after  10  iterations.
[1] 2.716735e-04 2.057276e-05 1.898859e-06
Algorithm converged after  9  iterations.
[1] 2.079959e-04 1.508214e-05 1.160362e-06
Algorithm converged after  8  iterations.
[1] 1.570597e-04 1.077976e-05 6.986740e-07
Algorithm converged after  7  iterations.
[1] 1.168199e-04 7.496489e-06 4.135187e-07
Algorithm converged after  7  iterations.
[1] 8.546312e-05 5.061236e-06 5.037597e-11
[1] 1.202015e-04 5.842632e-06 8.703925e-12
[1] 1.210591e-04 5.876930e-06 7.462584e-12
[1] 1.200055e-04 5.838084e-06 2.453515e-07
Algorithm converged after  32  iterations.
[1] 6.139525e-05 3.309377e-06 1.054397e-07
[1] 8.264508e-05 3.727645e-06 9.997526e-08
[1] 8.283760e-05 3.736718e-06 9.956734e-08
[1] 8.277733e-05 3.736629e-06 9.956854e-08
[1] 8.276206e-05 3.736540e-06 9.957178e-08
[1] 8.275900e-05 3.736520e-06 9.957252e-08
[1] 8.275840e-05 3.736516e-06 9.957266e-08
Algorithm converged after  69  iterations.
[1] 4.322879e-05 2.089930e-06 5.355549e-08
[1] 5.584836e-05 2.302374e-06 5.353181e-08
[1] 5.584235e-05 2.302417e-06 5.353438e-08
Algorithm converged after  27  iterations.
[1] 2.976934e-05 1.270725e-06 2.599175e-08
[1] 3.879737e-05 1.397872e-06 2.609671e-08
Algorithm converged after  16  iterations.
[1] 2.000171e-05 7.412123e-07 1.200332e-08
[1] 2.638410e-05 8.150850e-07 1.208071e-08
Algorithm converged after  14  iterations.
[1] 1.307539e-05 4.130474e-07 5.249600e-09
[1] 1.745760e-05 4.539266e-07 5.298686e-09
Algorithm converged after  13  iterations.
[1] 8.289609e-06 2.188415e-07 2.153561e-09
[1] 1.061465e-05 2.358211e-07 2.165827e-09
Algorithm converged after  13  iterations.
[1] 5.077914e-06 1.096202e-07 8.270589e-10
[1] 6.728380e-06 1.189516e-07 8.043090e-10
[1] 7.169002e-06 1.215351e-07 8.057749e-10
[1] 7.666406e-06 1.245736e-07 7.435437e-10
Algorithm converged after  31  iterations.
[1] 2.992401e-06 5.157301e-08 2.941088e-10
[1] 3.870587e-06 5.532554e-08 2.925373e-10
[1] 3.870970e-06 5.532721e-08 2.925343e-10
[1] 3.871006e-06 5.532737e-08 2.925340e-10
Algorithm converged after  35  iterations.
[1] 1.687803e-06 2.261290e-08 9.591607e-11
[1] 2.184476e-06 2.417299e-08 9.527536e-11
Algorithm converged after  14  iterations.
[1] 9.056802e-07 9.155866e-09 2.835685e-11
Algorithm converged after  10  iterations.
[1] 4.590559e-07 3.386015e-09 7.495436e-12
[1] 6.074238e-07 3.615949e-09 8.949931e-18
Algorithm converged after  20  iterations.
[1] 2.179015e-07 1.128757e-09 9.201567e-16
Algorithm converged after  9  iterations.
[1] 9.586082e-08 3.338080e-10 2.563898e-21
[1] 1.265320e-07 3.537001e-10 6.998966e-22
[1] 1.270350e-07 3.535319e-10 7.823243e-13
[1] 1.282586e-07 3.545238e-10 4.709314e-22
[1] 1.367997e-07 3.596345e-10 7.719992e-13
[1] 1.265552e-07 3.546877e-10 3.273556e-13
[1] 1.367325e-07 3.603781e-10 3.502524e-12
Algorithm converged after  62  iterations.
[1] 3.859125e-08 8.588021e-11 5.875720e-14
[1] 5.221663e-08 9.124259e-11 1.438766e-13
Algorithm converged after  13  iterations.
[1] 1.399548e-08 1.876300e-11 8.068754e-15
Algorithm converged after  10  iterations.
[1] 4.483539e-09 3.377627e-12 2.315418e-14
Algorithm converged after  6  iterations.
[1] 1.237665e-09 4.821811e-13 3.354191e-16
Algorithm converged after  6  iterations.
[1] 2.851479e-10 5.196830e-14 2.396587e-17
Algorithm converged after  6  iterations.
[1] 5.258919e-11 3.965216e-15 1.149859e-18
Algorithm converged after  6  iterations.
[1] 7.343744e-12 1.965887e-16 3.355159e-20
Algorithm converged after  6  iterations.
[1] 7.197582e-13 5.634325e-18 5.202721e-22
Algorithm converged after  6  iterations.
[1] 4.452290e-14 7.925852e-20 3.550998e-24
Algorithm converged after  6  iterations.
[1] 1.491063e-15 4.320418e-22 1.013409e-28
[1] 1.854036e-15 4.407368e-22 1.004893e-28
[1] 1.875959e-15 4.413374e-22 1.001425e-28
Algorithm converged after  23  iterations.
[1] 2.147901e-17 6.402267e-25 6.933630e-28
Algorithm converged after  5  iterations.
[1] 9.271433e-20 1.477681e-28 9.372934e-32
Algorithm converged after  5  iterations.
[1] 6.565297e-23 2.099714e-33 6.423878e-37
Algorithm converged after  5  iterations.
[1] 2.578721e-27 3.455753e-40 3.719323e-44
Algorithm converged after  5  iterations.
[1] 6.423318e-34 2.332237e-50 5.053295e-55
Algorithm converged after  5  iterations.
[1] 6.437865e-45 2.657431e-67 3.768506e-73
Algorithm converged after  5  iterations.
[1]  6.632850e-67 3.571084e-101 1.977712e-109
Algorithm converged after  5  iterations.
[1] 7.648575e-133 9.434346e-203 2.541794e-218
Algorithm converged after  4  iterations.
[1] 0.1584208
Algorithm converged after  2  iterations.
[1] 0.0042663447 0.0004453939 0.0001224334
[1] 0.0056308622 0.0005183477 0.0001356587
Algorithm converged after  17  iterations.
[1] 3.661285e-03 3.516978e-04 9.867844e-05
[1] 0.0050114194 0.0004173006 0.0001073401
Algorithm converged after  16  iterations.
[1] 3.126294e-03 2.760652e-04 7.968863e-05
[1] 0.0044290157 0.0003326477 0.0000844029
Algorithm converged after  15  iterations.
[1] 2.655147e-03 2.156065e-04 6.536754e-05
[1] 3.875004e-03 2.616756e-04 6.571972e-05
Algorithm converged after  15  iterations.
[1] 0.0022420645 0.0001678943 0.0000559602
[1] 3.354987e-03 2.031456e-04 5.076032e-05
Algorithm converged after  14  iterations.
[1] 1.881652e-03 1.310025e-04 5.277431e-05
[1] 2.902165e-03 1.648916e-04 6.773596e-05
Algorithm converged after  15  iterations.
[1] 1.568857e-03 1.038252e-04 5.424941e-05
[1] 2.434221e-03 1.334610e-04 7.038105e-05
Algorithm converged after  14  iterations.
[1] 1.298937e-03 8.499792e-05 4.687320e-05
[1] 0.0020202176 0.0001125882 0.0000580491
Algorithm converged after  16  iterations.
[1] 1.067446e-03 7.077817e-05 3.560164e-05
[1] 1.660598e-03 9.623569e-05 4.313056e-05
Algorithm converged after  17  iterations.
[1] 8.702195e-04 5.906338e-05 2.588386e-05
[1] 1.354506e-03 8.172513e-05 3.088018e-05
Algorithm converged after  18  iterations.
[1] 7.033730e-04 4.901164e-05 1.832502e-05
[1] 1.096919e-03 6.854629e-05 2.161995e-05
Algorithm converged after  18  iterations.
[1] 5.632967e-04 4.023977e-05 1.269086e-05
[1] 8.816842e-04 5.662200e-05 1.486433e-05
Algorithm converged after  18  iterations.
[1] 4.466543e-04 3.256682e-05 8.607086e-06
[1] 7.025281e-04 4.596503e-05 1.004872e-05
Algorithm converged after  17  iterations.
[1] 3.503798e-04 2.590527e-05 5.715244e-06
[1] 5.537842e-04 3.659242e-05 6.678158e-06
Algorithm converged after  15  iterations.
[1] 2.716735e-04 2.020409e-05 3.712008e-06
[1] 4.311191e-04 2.851178e-05 4.357850e-06
Algorithm converged after  13  iterations.
[1] 2.079959e-04 1.541727e-05 2.354793e-06
[1] 3.312144e-04 2.170825e-05 2.788336e-06
Algorithm converged after  12  iterations.
[1] 1.570597e-04 1.148784e-05 1.456423e-06
[1] 2.509611e-04 1.612385e-05 1.746904e-06
Algorithm converged after  11  iterations.
[1] 1.168199e-04 8.342387e-06 8.766953e-07
Algorithm converged after  10  iterations.
[1] 8.546312e-05 5.892342e-06 5.146873e-07
Algorithm converged after  8  iterations.
[1] 6.139525e-05 4.039072e-06 2.886108e-07
[1] 1.047577e-04 6.072335e-06 3.656076e-07
Algorithm converged after  15  iterations.
[1] 4.322879e-05 2.680470e-06 1.571578e-07
[1] 5.963755e-05 3.365164e-06 1.784665e-07
[1] 7.189899e-05 3.818007e-06 2.083105e-07
Algorithm converged after  22  iterations.
[1] 2.976934e-05 1.717390e-06 8.219391e-08
[1] 4.216391e-05 2.184967e-06 8.544358e-08
[1] 4.228366e-05 2.187264e-06 8.542324e-08
[1] 4.229743e-05 2.187508e-06 8.542111e-08
[1] 4.229909e-05 2.187537e-06 8.542085e-08
[1] 4.229929e-05 2.187541e-06 8.542082e-08
Algorithm converged after  53  iterations.
[1] 2.000171e-05 1.058929e-06 4.110959e-08
[1] 2.843260e-05 1.332816e-06 4.264973e-08
Algorithm converged after  20  iterations.
[1] 1.307539e-05 6.260299e-07 1.956465e-08
[1] 1.863458e-05 7.810728e-07 2.022253e-08
Algorithm converged after  14  iterations.
[1] 8.289609e-06 3.533274e-07 8.808791e-09
[1] 1.183597e-05 4.370131e-07 9.070847e-09
Algorithm converged after  11  iterations.
[1] 5.077914e-06 1.894167e-07 3.727075e-09
Algorithm converged after  10  iterations.
[1] 2.992401e-06 9.588207e-08 1.470418e-09
Algorithm converged after  9  iterations.
[1] 1.687803e-06 4.550793e-08 5.360033e-10
Algorithm converged after  9  iterations.
[1] 9.056802e-07 2.008392e-08 1.785969e-10
[1] 1.339909e-06 2.452204e-08 1.776643e-10
Algorithm converged after  11  iterations.
[1] 4.590559e-07 8.160151e-09 5.370537e-11
Algorithm converged after  10  iterations.
[1] 2.179015e-07 3.016018e-09 1.435450e-11
Algorithm converged after  9  iterations.
[1] 9.586082e-08 9.994154e-10 3.348498e-12
Algorithm converged after  8  iterations.
[1] 3.859125e-08 2.916836e-10 6.667979e-13
Algorithm converged after  8  iterations.
[1] 1.399548e-08 7.334712e-11 1.103100e-13
Algorithm converged after  8  iterations.
[1] 4.483539e-09 1.546019e-11 1.465348e-14
Algorithm converged after  7  iterations.
[1] 1.237665e-09 2.637989e-12 1.496901e-15
[1] 1.732193e-09 2.962442e-12 3.479973e-15
[1] 1.763288e-09 2.985820e-12 1.470146e-15
Algorithm converged after  25  iterations.
[1] 2.851479e-10 3.484108e-13 1.025856e-16
Algorithm converged after  7  iterations.
[1] 5.258919e-11 3.359021e-14 5.586616e-18
Algorithm converged after  7  iterations.
[1] 7.343744e-12 2.186198e-15 1.472527e-19
Algorithm converged after  7  iterations.
[1] 7.197582e-13 8.634342e-17 2.297143e-21
[1] 9.746708e-13 9.353340e-17 2.264499e-21
Algorithm converged after  11  iterations.
[1] 4.452290e-14 1.782470e-18 1.565716e-23
[1] 6.067104e-14 1.921515e-18 5.939945e-27
[1] 6.048786e-14 1.921951e-18 1.537881e-23
Algorithm converged after  29  iterations.
[1] 1.491063e-15 1.550442e-20 5.803592e-30
[1] 2.005271e-15 1.657140e-20 8.219994e-40
[1] 1.894050e-15 1.634702e-20 1.315301e-38
[1] 2.175903e-15 1.688806e-20 9.498153e-24
[1] 2.028769e-15 1.662067e-20 5.752921e-30
[1] 1.608024e-15 1.575584e-20 1.363454e-38
[1] 1.974299e-15 1.653659e-20 1.506348e-31
[1] 2.000559e-15 1.659279e-20 3.349333e-32
[1] 2.015428e-15 1.662464e-20 1.184316e-41
[1] 2.007363e-15 1.661196e-20 3.490862e-26
[1] 1.915058e-15 1.644442e-20 2.251204e-38
[1] 1.975865e-15 1.656565e-20 1.083794e-34
[1] 2.029485e-15 1.666235e-20 3.439641e-32
[1] 2.014805e-15 1.663118e-20 1.497664e-31
[1] 2.010841e-15 1.662778e-20 2.136372e-42
[1] 2.203107e-15 1.700728e-20 3.472270e-26
[1] 2.000404e-15 1.660809e-20 2.160186e-43
[1] 2.010701e-15 1.662976e-20 1.303011e-38
[1] 1.996858e-15 1.660157e-20 2.402781e-38
[1] 2.150224e-15 1.688095e-20 2.856941e-31
Algorithm did not converge after  200  iterations.
[1] 2.147901e-17 4.112570e-23 2.740870e-43
Algorithm converged after  7  iterations.
[1] 9.271433e-20 2.001462e-26 1.403515e-43
Algorithm converged after  7  iterations.
[1] 6.565297e-23 7.663396e-31 6.957973e-58
[1] 9.294227e-23 8.148210e-31 2.786200e-37
[1] 9.294390e-23 8.148374e-31 2.787621e-37
[1] 9.294402e-23 8.148455e-31 2.787694e-37
[1] 9.294407e-23 8.148533e-31 2.787709e-37
[1] 9.294413e-23 8.148610e-31 2.787723e-37
[1] 9.294418e-23 8.148688e-31 2.787736e-37
[1] 9.294423e-23 8.148766e-31 2.787749e-37
[1] 9.294428e-23 8.148843e-31 2.787763e-37
[1] 9.294434e-23 8.148921e-31 2.787776e-37
[1] 9.294439e-23 8.148999e-31 2.787789e-37
[1] 9.294444e-23 8.149076e-31 2.787803e-37
[1] 9.294449e-23 8.149154e-31 2.787816e-37
[1] 9.294454e-23 8.149231e-31 2.787829e-37
[1] 9.294460e-23 8.149309e-31 2.787843e-37
[1] 9.294465e-23 8.149387e-31 2.787856e-37
[1] 9.294470e-23 8.149464e-31 2.787869e-37
[1] 9.294475e-23 8.149542e-31 2.787882e-37
[1] 9.294480e-23 8.149620e-31 2.787896e-37
[1] 9.294486e-23 8.149697e-31 2.787909e-37
Algorithm did not converge after  200  iterations.
[1] 2.578721e-27 5.028341e-37 3.257804e-42
Algorithm converged after  7  iterations.
[1] 6.423318e-34 2.682663e-46 3.064883e-55
Algorithm converged after  6  iterations.
[1] 6.437865e-45 9.485308e-62 2.960555e-73
Algorithm converged after  5  iterations.
[1]  6.632850e-67  1.203971e-92 3.820639e-109
Algorithm converged after  5  iterations.
[1] 7.648575e-133 2.560321e-185 2.289664e-216
Algorithm converged after  5  iterations.
[1] 0.152379
Algorithm converged after  2  iterations.
[1] 0.0042663447 0.0006149906 0.0004213625
[1] 0.0091752612 0.0008400452 0.0010344871
Algorithm converged after  17  iterations.
[1] 0.0036612845 0.0004819061 0.0003256923
[1] 0.0079187168 0.0006581958 0.0008668426
Algorithm converged after  17  iterations.
[1] 0.0031262945 0.0003746168 0.0002525194
[1] 0.0067884926 0.0005120679 0.0007188031
Algorithm converged after  16  iterations.
[1] 0.0026551472 0.0002885271 0.0002050513
[1] 0.0058102549 0.0004151118 0.0005177375
Algorithm converged after  16  iterations.
[1] 0.0022420645 0.0002199287 0.0001733257
[1] 0.0048642380 0.0003199583 0.0004078050
Algorithm converged after  15  iterations.
[1] 0.0018816524 0.0001657482 0.0001468293
[1] 0.0040451853 0.0002423969 0.0003244401
Algorithm converged after  15  iterations.
[1] 0.0015688571 0.0001233950 0.0001239537
[1] 0.0033407425 0.0001809432 0.0002579501
Algorithm converged after  14  iterations.
[1] 1.298937e-03 9.066807e-05 1.039316e-04
[1] 0.0027388947 0.0001331147 0.0002042556
Algorithm converged after  13  iterations.
[1] 1.067446e-03 6.569787e-05 8.632229e-05
[1] 2.228334e-03 9.649224e-05 1.607442e-04
Algorithm converged after  12  iterations.
[1] 8.702195e-04 4.690464e-05 7.085430e-05
[1] 1.798466e-03 6.889446e-05 1.254984e-04
Algorithm converged after  12  iterations.
[1] 7.033730e-04 3.296613e-05 5.735006e-05
[1] 1.439370e-03 4.842540e-05 9.702889e-05
Algorithm converged after  11  iterations.
[1] 5.632967e-04 2.278881e-05 4.568130e-05
[1] 1.141783e-03 3.348355e-05 7.414652e-05
Algorithm converged after  11  iterations.
[1] 4.466543e-04 1.548078e-05 3.573853e-05
[1] 8.971456e-04 2.275165e-05 5.588675e-05
Algorithm converged after  11  iterations.
[1] 3.503798e-04 1.032549e-05 2.741062e-05
Algorithm converged after  10  iterations.
[1] 2.716735e-04 6.756184e-06 2.057276e-05
Algorithm converged after  10  iterations.
[1] 2.079959e-04 4.332196e-06 1.508214e-05
Algorithm converged after  10  iterations.
[1] 1.570597e-04 2.718118e-06 1.077976e-05
Algorithm converged after  10  iterations.
[1] 1.168199e-04 1.665181e-06 7.496489e-06
