myseed=1 

Attaching package: ‘pls’

The following object is masked from ‘package:stats’:

    loadings

Loading required package: lattice
Loading required package: ggplot2
Registered S3 methods overwritten by 'ggplot2':
  method         from 
  [.quosures     rlang
  c.quosures     rlang
  print.quosures rlang

Attaching package: ‘caret’

The following object is masked from ‘package:pls’:

    R2

Loading required package: Matrix
Loading required package: foreach
Loaded glmnet 2.0-18

Parsed with column specification:
cols(
  .default = col_double()
)
See spec(...) for full column specifications.
Parsed with column specification:
cols(
  X1 = col_double()
)
Parsed with column specification:
cols(
  X1 = col_double()
)
numeric(0)
Algorithm converged after  1  iterations.
[1] 3.847436e-08
Algorithm converged after  2  iterations.
[1] 4.82916e-08
Algorithm converged after  2  iterations.
[1] 4.911454e-07
Algorithm converged after  2  iterations.
[1] 3.847436e-08 9.998178e-09
Algorithm converged after  2  iterations.
[1] 4.829160e-08 1.512518e-08
Algorithm converged after  2  iterations.
[1] 4.911454e-07 8.601119e-08
Algorithm converged after  2  iterations.
[1] 3.847436e-08 4.829160e-08
Algorithm converged after  2  iterations.
[1] 3.847436e-08 4.911454e-07
Algorithm converged after  2  iterations.
[1] 4.829160e-08 4.911454e-07
Algorithm converged after  2  iterations.
[1] 3.847436e-08 9.998178e-09 4.829160e-08
Algorithm converged after  2  iterations.
[1] 3.847436e-08 9.998178e-09 4.911454e-07
Algorithm converged after  2  iterations.
[1] 3.847436e-08 4.829160e-08 1.512518e-08
Algorithm converged after  2  iterations.
[1] 3.847436e-08 4.911454e-07 8.601119e-08
Algorithm converged after  2  iterations.
[1] 4.829160e-08 1.512518e-08 4.911454e-07
Algorithm converged after  2  iterations.
[1] 4.829160e-08 4.911454e-07 8.601119e-08
Algorithm converged after  2  iterations.
[1] 3.847436e-08 4.829160e-08 4.911454e-07
Algorithm converged after  2  iterations.
[1] 3.847436e-08 9.998178e-09 4.829160e-08 1.512518e-08
Algorithm converged after  2  iterations.
[1] 3.847436e-08 9.998178e-09 4.911454e-07 8.601119e-08
Algorithm converged after  2  iterations.
[1] 4.829160e-08 1.512518e-08 4.911454e-07 8.601119e-08
Algorithm converged after  2  iterations.
[1] 3.847436e-08 9.998178e-09 4.829160e-08 4.911454e-07
Algorithm converged after  2  iterations.
[1] 3.847436e-08 4.829160e-08 1.512518e-08 4.911454e-07
Algorithm converged after  2  iterations.
[1] 3.847436e-08 4.829160e-08 4.911454e-07 8.601119e-08
Algorithm converged after  2  iterations.
[1] 1.865415e-06
Algorithm converged after  2  iterations.
[1] 1.865415e-06 1.386524e-08
Algorithm converged after  6  iterations.
[1] 1.865415e-06 1.273636e-08
Algorithm converged after  6  iterations.
[1] 1.865415e-06 1.034949e-07
Algorithm converged after  6  iterations.
[1] 1.865415e-06 1.386524e-08 3.476456e-10
Algorithm converged after  7  iterations.
[1] 1.865415e-06 1.273636e-08 8.559768e-11
Algorithm converged after  7  iterations.
[1] 1.865415e-06 1.034949e-07 6.919374e-10
[1] 1.907604e-06 1.146956e-07 7.030098e-10
Algorithm converged after  12  iterations.
[1] 1.865415e-06 1.386524e-08 1.273636e-08
Algorithm converged after  7  iterations.
[1] 1.865415e-06 1.386524e-08 1.034949e-07
Algorithm converged after  6  iterations.
[1] 1.865415e-06 1.273636e-08 1.034949e-07
Algorithm converged after  6  iterations.
[1] 1.865415e-06 1.386524e-08 3.476456e-10 1.273636e-08
Algorithm converged after  8  iterations.
[1] 1.865415e-06 1.386524e-08 3.476456e-10 1.034949e-07
Algorithm converged after  7  iterations.
[1] 1.865415e-06 1.386524e-08 1.273636e-08 8.559768e-11
Algorithm converged after  8  iterations.
[1] 1.865415e-06 1.386524e-08 1.034949e-07 6.919374e-10
[1] 2.145625e-06 1.611988e-08 1.156540e-07 7.143599e-10
Algorithm converged after  13  iterations.
[1] 1.865415e-06 1.273636e-08 8.559768e-11 1.034949e-07
[1] 2.051840e-06 1.385534e-08 8.333153e-11 1.197671e-07
Algorithm converged after  20  iterations.
[1] 1.865415e-06 1.273636e-08 1.034949e-07 6.919374e-10
[1] 2.079420e-06 1.380097e-08 1.104342e-07 7.072399e-10
Algorithm converged after  12  iterations.
[1] 1.865415e-06 1.386524e-08 1.273636e-08 1.034949e-07
Algorithm converged after  7  iterations.
[1] 1.865415e-06 1.199135e-06
Algorithm converged after  2  iterations.
[1] 1.865415e-06 1.199135e-06 3.612987e-10
[1] 3.062024e-06 3.046795e-08 2.758015e-08
Algorithm converged after  15  iterations.
[1] 1.865415e-06 1.199135e-06 9.720833e-11
[1] 2.051131e-06 4.980068e-09 1.530986e-08
Algorithm converged after  13  iterations.
[1] 1.865415e-06 1.199135e-06 3.794840e-09
[1] 8.315562e-06 1.926024e-06 1.122030e-08
[1] 8.313954e-06 1.926006e-06 1.121834e-08
Algorithm converged after  22  iterations.
[1] 1.865415e-06 1.199135e-06 3.612987e-10 8.108654e-11
[1] 5.933590e-13 7.815245e-13 1.155646e-08 3.139765e-09
[1] 1.059237e-07 3.653756e-09 1.762400e-08 5.585773e-09
[1] 1.277777e-07 3.460250e-09 1.531749e-08 5.048429e-09
[1] 1.277832e-07 3.460233e-09 1.531424e-08 5.047695e-09
Algorithm converged after  42  iterations.
[1] 1.865415e-06 1.199135e-06 9.720833e-11 4.414730e-11
[1] 1.990356e-06 5.790170e-09 1.458357e-08 1.434676e-10
Algorithm converged after  17  iterations.
[1] 1.865415e-06 1.199135e-06 3.794840e-09 6.938181e-10
[1] 1.076543e-05 1.910403e-06 1.408129e-08 1.695374e-09
[1] 1.077585e-05 1.910809e-06 1.409311e-08 1.696479e-09
Algorithm converged after  23  iterations.
[1] 1.865415e-06 1.199135e-06 3.612987e-10 9.720833e-11
[1] 1.715119e-06 2.869048e-06 3.752874e-10 1.249845e-10
Algorithm converged after  11  iterations.
[1] 1.865415e-06 1.199135e-06 3.612987e-10 3.794840e-09
[1] 9.511306e-06 1.836640e-06 4.775872e-10 1.284758e-08
Algorithm converged after  20  iterations.
[1] 1.865415e-06 1.199135e-06 9.720833e-11 3.794840e-09
[1] 7.906377e-06 1.935972e-06 9.593439e-11 1.081799e-08
[1] 8.284601e-06 2.042348e-06 9.608943e-11 1.130043e-08
[1] 7.662780e-06 1.905105e-06 1.011182e-10 1.059797e-08
[1] 7.663428e-06 1.905086e-06 1.011179e-10 1.059881e-08
Algorithm converged after  42  iterations.
numeric(0)
Algorithm converged after  1  iterations.
[1] 4.36089e-08
Algorithm converged after  2  iterations.
[1] 4.883122e-08
Algorithm converged after  2  iterations.
[1] 7.466743e-07
Algorithm converged after  2  iterations.
[1] 4.360890e-08 9.399712e-09
Algorithm converged after  2  iterations.
[1] 4.883122e-08 1.961740e-08
Algorithm converged after  2  iterations.
[1] 7.466743e-07 7.420101e-08
Algorithm converged after  2  iterations.
[1] 4.360890e-08 4.883122e-08
Algorithm converged after  2  iterations.
[1] 4.360890e-08 7.466743e-07
Algorithm converged after  2  iterations.
[1] 4.883122e-08 7.466743e-07
Algorithm converged after  2  iterations.
[1] 4.360890e-08 9.399712e-09 4.883122e-08
Algorithm converged after  2  iterations.
[1] 4.360890e-08 9.399712e-09 7.466743e-07
Algorithm converged after  2  iterations.
[1] 4.360890e-08 4.883122e-08 1.961740e-08
Algorithm converged after  2  iterations.
[1] 4.360890e-08 7.466743e-07 7.420101e-08
Algorithm converged after  2  iterations.
[1] 4.883122e-08 1.961740e-08 7.466743e-07
Algorithm converged after  2  iterations.
[1] 4.883122e-08 7.466743e-07 7.420101e-08
Algorithm converged after  2  iterations.
[1] 4.360890e-08 4.883122e-08 7.466743e-07
Algorithm converged after  2  iterations.
[1] 4.360890e-08 9.399712e-09 4.883122e-08 1.961740e-08
Algorithm converged after  2  iterations.
[1] 4.360890e-08 9.399712e-09 7.466743e-07 7.420101e-08
Algorithm converged after  2  iterations.
[1] 4.883122e-08 1.961740e-08 7.466743e-07 7.420101e-08
Algorithm converged after  2  iterations.
[1] 4.360890e-08 9.399712e-09 4.883122e-08 7.466743e-07
Algorithm converged after  2  iterations.
[1] 4.360890e-08 4.883122e-08 1.961740e-08 7.466743e-07
Algorithm converged after  2  iterations.
[1] 4.360890e-08 4.883122e-08 7.466743e-07 7.420101e-08
Algorithm converged after  2  iterations.
[1] 1.816498e-06
Algorithm converged after  2  iterations.
[1] 1.816498e-06 1.291999e-08
Algorithm converged after  7  iterations.
[1] 1.816498e-06 2.639765e-08
Algorithm converged after  6  iterations.
[1] 1.816498e-06 1.268913e-06
Algorithm converged after  6  iterations.
[1] 1.816498e-06 1.291999e-08 4.508134e-10
Algorithm converged after  7  iterations.
[1] 1.816498e-06 2.639765e-08 6.254351e-11
Algorithm converged after  10  iterations.
[1] 1.816498e-06 1.268913e-06 8.987716e-10
Algorithm converged after  7  iterations.
[1] 1.816498e-06 1.291999e-08 2.639765e-08
Algorithm converged after  8  iterations.
[1] 1.816498e-06 1.291999e-08 1.268913e-06
Algorithm converged after  7  iterations.
[1] 1.816498e-06 2.639765e-08 1.268913e-06
Algorithm converged after  7  iterations.
[1] 1.816498e-06 1.291999e-08 4.508134e-10 2.639765e-08
Algorithm converged after  8  iterations.
[1] 1.816498e-06 1.291999e-08 4.508134e-10 1.268913e-06
Algorithm converged after  8  iterations.
[1] 1.816498e-06 1.291999e-08 2.639765e-08 6.254351e-11
Algorithm converged after  10  iterations.
[1] 1.816498e-06 1.291999e-08 1.268913e-06 8.987716e-10
[1] 2.607690e-06 1.656215e-08 1.468377e-06 1.037710e-09
[1] 2.635217e-06 1.670912e-08 1.479667e-06 1.045241e-09
Algorithm converged after  23  iterations.
[1] 1.816498e-06 2.639765e-08 6.254351e-11 1.268913e-06
Algorithm converged after  8  iterations.
[1] 1.816498e-06 2.639765e-08 1.268913e-06 8.987716e-10
Algorithm converged after  8  iterations.
[1] 1.816498e-06 1.291999e-08 2.639765e-08 1.268913e-06
Algorithm converged after  8  iterations.
[1] 1.816498e-06 3.497899e-06
Algorithm converged after  2  iterations.
[1] 1.816498e-06 3.497899e-06 4.872269e-10
Algorithm converged after  5  iterations.
[1] 1.816498e-06 3.497899e-06 4.820155e-10
Algorithm converged after  6  iterations.
[1] 1.816498e-06 3.497899e-06 1.551746e-09
Algorithm converged after  10  iterations.
[1] 1.816498e-06 3.497899e-06 4.872269e-10 1.044866e-10
Algorithm converged after  7  iterations.
[1] 1.816498e-06 3.497899e-06 4.820155e-10 9.265137e-11
[1] 1.902332e-06 1.329560e-06 6.025691e-10 1.083662e-10
[1] 1.921093e-06 1.124570e-06 6.733382e-10 1.166731e-10
Algorithm converged after  21  iterations.
[1] 1.816498e-06 3.497899e-06 1.551746e-09 7.434390e-10
[1] 7.059754e-06 1.889988e-06 2.434640e-09 9.328109e-10
Algorithm converged after  13  iterations.
[1] 1.816498e-06 3.497899e-06 4.872269e-10 4.820155e-10
Algorithm converged after  5  iterations.
[1] 1.816498e-06 3.497899e-06 4.872269e-10 1.551746e-09
Algorithm converged after  10  iterations.
[1] 1.816498e-06 3.497899e-06 4.820155e-10 1.551746e-09
Algorithm converged after  10  iterations.
numeric(0)
Algorithm converged after  1  iterations.
[1] 2.557796e-08
Algorithm converged after  2  iterations.
[1] 4.158401e-08
Algorithm converged after  2  iterations.
[1] 5.736249e-07
Algorithm converged after  2  iterations.
[1] 2.557796e-08 3.114987e-09
Algorithm converged after  2  iterations.
[1] 4.158401e-08 1.612496e-08
Algorithm converged after  2  iterations.
[1] 5.736249e-07 7.768171e-08
Algorithm converged after  2  iterations.
[1] 2.557796e-08 4.158401e-08
Algorithm converged after  2  iterations.
[1] 2.557796e-08 5.736249e-07
Algorithm converged after  2  iterations.
[1] 4.158401e-08 5.736249e-07
Algorithm converged after  2  iterations.
[1] 2.557796e-08 3.114987e-09 4.158401e-08
Algorithm converged after  2  iterations.
[1] 2.557796e-08 3.114987e-09 5.736249e-07
Algorithm converged after  2  iterations.
[1] 2.557796e-08 4.158401e-08 1.612496e-08
Algorithm converged after  2  iterations.
[1] 2.557796e-08 5.736249e-07 7.768171e-08
Algorithm converged after  2  iterations.
[1] 4.158401e-08 1.612496e-08 5.736249e-07
Algorithm converged after  2  iterations.
[1] 4.158401e-08 5.736249e-07 7.768171e-08
Algorithm converged after  2  iterations.
[1] 2.557796e-08 4.158401e-08 5.736249e-07
Algorithm converged after  2  iterations.
[1] 2.557796e-08 3.114987e-09 4.158401e-08 1.612496e-08
Algorithm converged after  2  iterations.
[1] 2.557796e-08 3.114987e-09 5.736249e-07 7.768171e-08
Algorithm converged after  2  iterations.
[1] 4.158401e-08 1.612496e-08 5.736249e-07 7.768171e-08
Algorithm converged after  2  iterations.
[1] 2.557796e-08 3.114987e-09 4.158401e-08 5.736249e-07
Algorithm converged after  2  iterations.
[1] 2.557796e-08 4.158401e-08 1.612496e-08 5.736249e-07
Algorithm converged after  2  iterations.
[1] 2.557796e-08 4.158401e-08 5.736249e-07 7.768171e-08
Algorithm converged after  2  iterations.
[1] 1.355119e-06
Algorithm converged after  2  iterations.
[1] 1.355119e-06 6.355956e-09
Algorithm converged after  6  iterations.
[1] 1.355119e-06 1.019463e-08
Algorithm converged after  6  iterations.
[1] 1.355119e-06 8.470713e-08
Algorithm converged after  6  iterations.
[1] 1.355119e-06 6.355956e-09 3.318977e-10
Algorithm converged after  7  iterations.
[1] 1.355119e-06 1.019463e-08 6.043891e-10
Algorithm converged after  6  iterations.
[1] 1.355119e-06 8.470713e-08 7.005531e-10
Algorithm converged after  10  iterations.
[1] 1.355119e-06 6.355956e-09 1.019463e-08
Algorithm converged after  7  iterations.
[1] 1.355119e-06 6.355956e-09 8.470713e-08
Algorithm converged after  7  iterations.
[1] 1.355119e-06 1.019463e-08 8.470713e-08
Algorithm converged after  6  iterations.
[1] 1.355119e-06 6.355956e-09 3.318977e-10 1.019463e-08
Algorithm converged after  8  iterations.
[1] 1.355119e-06 6.355956e-09 3.318977e-10 8.470713e-08
Algorithm converged after  8  iterations.
[1] 1.355119e-06 6.355956e-09 1.019463e-08 6.043891e-10
Algorithm converged after  7  iterations.
[1] 1.355119e-06 6.355956e-09 8.470713e-08 7.005531e-10
Algorithm converged after  9  iterations.
[1] 1.355119e-06 1.019463e-08 6.043891e-10 8.470713e-08
Algorithm converged after  6  iterations.
[1] 1.355119e-06 1.019463e-08 8.470713e-08 7.005531e-10
Algorithm converged after  10  iterations.
[1] 1.355119e-06 6.355956e-09 1.019463e-08 8.470713e-08
Algorithm converged after  7  iterations.
[1] 1.355119e-06 2.647028e-14
Algorithm converged after  2  iterations.
[1] 1.355119e-06 2.647028e-14 5.513032e-09
Algorithm converged after  9  iterations.
[1] 1.355119e-06 2.647028e-14 7.694598e-09
[1] 1.457901e-06 6.681258e-16 1.587063e-08
[1] 1.464264e-06 4.955801e-09 9.172251e-09
[1] 1.469254e-06 1.629909e-09 9.978674e-09
Algorithm converged after  31  iterations.
[1] 1.355119e-06 2.647028e-14 4.459461e-08
[1] 1.280107e-06 2.396569e-08 8.580147e-07
Algorithm converged after  17  iterations.
[1] 1.355119e-06 2.647028e-14 5.513032e-09 2.680194e-10
Algorithm converged after  9  iterations.
[1] 1.355119e-06 2.647028e-14 7.694598e-09 4.718982e-10
Algorithm converged after  8  iterations.
[1] 1.355119e-06 2.647028e-14 4.459461e-08 4.000507e-10
[1] 1.457792e-06 1.158807e-08 7.820856e-08 5.451260e-10
[1] 1.538652e-06 1.156964e-07 5.911208e-07 6.942092e-10
[1] 1.450010e-06 1.811490e-07 1.221544e-06 1.512050e-09
[1] 1.460547e-06 1.871860e-07 1.269112e-06 1.530818e-09
Algorithm converged after  49  iterations.
[1] 1.355119e-06 2.647028e-14 5.513032e-09 7.694598e-09
[1] 1.713433e-06 1.594274e-08 1.434664e-08 1.516610e-08
Algorithm converged after  11  iterations.
[1] 1.355119e-06 2.647028e-14 5.513032e-09 4.459461e-08
[1] 1.545339e-06 3.413696e-08 2.184674e-08 1.341804e-06
[1] 1.544836e-06 3.405076e-08 2.181281e-08 1.341143e-06
Algorithm converged after  24  iterations.
[1] 1.355119e-06 2.647028e-14 7.694598e-09 4.459461e-08
[1] 1.421824e-06 2.257003e-08 1.457563e-08 1.142028e-06
Algorithm converged after  18  iterations.
numeric(0)
Algorithm converged after  1  iterations.
[1] 4.380132e-08
Algorithm converged after  2  iterations.
[1] 3.194136e-08
Algorithm converged after  2  iterations.
[1] 9.832358e-07
Algorithm converged after  2  iterations.
[1] 4.380132e-08 7.062445e-09
Algorithm converged after  2  iterations.
[1] 3.194136e-08 1.740089e-08
Algorithm converged after  2  iterations.
[1] 9.832358e-07 6.664808e-08
Algorithm converged after  2  iterations.
[1] 4.380132e-08 3.194136e-08
Algorithm converged after  2  iterations.
[1] 4.380132e-08 9.832358e-07
Algorithm converged after  2  iterations.
[1] 3.194136e-08 9.832358e-07
Algorithm converged after  2  iterations.
[1] 4.380132e-08 7.062445e-09 3.194136e-08
Algorithm converged after  2  iterations.
[1] 4.380132e-08 7.062445e-09 9.832358e-07
Algorithm converged after  2  iterations.
[1] 4.380132e-08 3.194136e-08 1.740089e-08
Algorithm converged after  2  iterations.
[1] 4.380132e-08 9.832358e-07 6.664808e-08
Algorithm converged after  2  iterations.
[1] 3.194136e-08 1.740089e-08 9.832358e-07
Algorithm converged after  2  iterations.
[1] 3.194136e-08 9.832358e-07 6.664808e-08
Algorithm converged after  2  iterations.
[1] 4.380132e-08 3.194136e-08 9.832358e-07
Algorithm converged after  2  iterations.
[1] 4.380132e-08 7.062445e-09 3.194136e-08 1.740089e-08
Algorithm converged after  2  iterations.
[1] 4.380132e-08 7.062445e-09 9.832358e-07 6.664808e-08
Algorithm converged after  2  iterations.
[1] 3.194136e-08 1.740089e-08 9.832358e-07 6.664808e-08
Algorithm converged after  2  iterations.
[1] 4.380132e-08 7.062445e-09 3.194136e-08 9.832358e-07
Algorithm converged after  2  iterations.
[1] 4.380132e-08 3.194136e-08 1.740089e-08 9.832358e-07
Algorithm converged after  2  iterations.
[1] 4.380132e-08 3.194136e-08 9.832358e-07 6.664808e-08
Algorithm converged after  2  iterations.
[1] 3.574139e-06
Algorithm converged after  2  iterations.
[1] 3.574139e-06 5.736047e-08
Algorithm converged after  5  iterations.
[1] 3.574139e-06 2.818384e-08
Algorithm converged after  5  iterations.
[1] 3.574139e-06 3.257188e-07
[1] 1.018055e-05 7.470240e-07
Algorithm converged after  15  iterations.
[1] 3.574139e-06 5.736047e-08 2.703969e-15
[1] 4.467964e-06 5.958053e-08 3.518247e-21
Algorithm converged after  16  iterations.
[1] 3.574139e-06 2.818384e-08 7.140949e-10
Algorithm converged after  6  iterations.
[1] 3.574139e-06 3.257188e-07 7.121870e-10
[1] 1.278660e-05 9.074180e-07 9.774348e-10
Algorithm converged after  20  iterations.
[1] 3.574139e-06 5.736047e-08 2.818384e-08
Algorithm converged after  6  iterations.
[1] 3.574139e-06 5.736047e-08 3.257188e-07
[1] 1.188849e-05 7.103337e-08 8.615430e-07
Algorithm converged after  16  iterations.
[1] 3.574139e-06 2.818384e-08 3.257188e-07
[1] 1.122007e-05 3.403286e-08 8.169889e-07
Algorithm converged after  15  iterations.
[1] 3.574139e-06 5.736047e-08 2.703969e-15 2.818384e-08
Algorithm converged after  8  iterations.
[1] 3.574139e-06 5.736047e-08 2.703969e-15 3.257188e-07
[1] 1.214411e-05 7.103357e-08 3.160389e-10 8.743578e-07
[1] 1.268249e-05 7.220661e-08 3.183750e-10 9.132425e-07
Algorithm converged after  30  iterations.
[1] 3.574139e-06 5.736047e-08 2.818384e-08 7.140949e-10
Algorithm converged after  5  iterations.
[1] 3.574139e-06 5.736047e-08 3.257188e-07 7.121870e-10
[1] 1.521369e-05 7.514310e-08 1.065830e-06 1.094492e-09
Algorithm converged after  19  iterations.
[1] 3.574139e-06 2.818384e-08 7.140949e-10 3.257188e-07
[1] 1.096553e-05 3.391838e-08 6.552193e-10 8.016423e-07
Algorithm converged after  15  iterations.
[1] 3.574139e-06 2.818384e-08 3.257188e-07 7.121870e-10
[1] 1.424487e-05 3.581335e-08 1.003274e-06 1.037023e-09
[1] 1.426443e-05 3.582479e-08 1.004469e-06 1.037964e-09
Algorithm converged after  21  iterations.
[1] 3.574139e-06 5.736047e-08 2.818384e-08 3.257188e-07
[1] 1.308875e-05 7.252577e-08 3.524179e-08 9.392089e-07
Algorithm converged after  16  iterations.
[1] 3.574139e-06 1.456055e-06
Algorithm converged after  2  iterations.
[1] 3.574139e-06 1.456055e-06 3.410854e-10
Algorithm converged after  5  iterations.
[1] 3.574139e-06 1.456055e-06 7.607466e-10
Algorithm converged after  5  iterations.
[1] 3.574139e-06 1.456055e-06 1.064043e-09
Algorithm converged after  10  iterations.
[1] 3.574139e-06 1.456055e-06 3.410854e-10 9.653026e-11
Algorithm converged after  6  iterations.
[1] 3.574139e-06 1.456055e-06 7.607466e-10 2.425567e-20
[1] 1.582827e-06 2.701825e-06 7.925212e-10 8.271593e-11
[1] 3.394541e-06 1.485766e-06 8.180042e-10 1.907658e-18
Algorithm converged after  28  iterations.
[1] 3.574139e-06 1.456055e-06 1.064043e-09 4.263613e-10
[1] 5.861898e-06 1.547230e-06 1.361906e-09 5.949832e-10
Algorithm converged after  12  iterations.
[1] 3.574139e-06 1.456055e-06 3.410854e-10 7.607466e-10
Algorithm converged after  6  iterations.
[1] 3.574139e-06 1.456055e-06 3.410854e-10 1.064043e-09
[1] 6.138227e-06 1.667484e-06 3.565007e-10 1.414086e-09
Algorithm converged after  11  iterations.
[1] 3.574139e-06 1.456055e-06 7.607466e-10 1.064043e-09
Algorithm converged after  10  iterations.
numeric(0)
Algorithm converged after  1  iterations.
[1] 3.20104e-08
Algorithm converged after  2  iterations.
[1] 3.544539e-08
Algorithm converged after  2  iterations.
[1] 5.825437e-07
Algorithm converged after  2  iterations.
[1] 3.201040e-08 7.213348e-09
Algorithm converged after  2  iterations.
[1] 3.544539e-08 1.875614e-08
Algorithm converged after  2  iterations.
[1] 5.825437e-07 6.404997e-08
Algorithm converged after  2  iterations.
[1] 3.201040e-08 3.544539e-08
Algorithm converged after  2  iterations.
[1] 3.201040e-08 5.825437e-07
Algorithm converged after  2  iterations.
[1] 3.544539e-08 5.825437e-07
Algorithm converged after  2  iterations.
[1] 3.201040e-08 7.213348e-09 3.544539e-08
Algorithm converged after  2  iterations.
[1] 3.201040e-08 7.213348e-09 5.825437e-07
Algorithm converged after  2  iterations.
[1] 3.201040e-08 3.544539e-08 1.875614e-08
Algorithm converged after  2  iterations.
[1] 3.201040e-08 5.825437e-07 6.404997e-08
Algorithm converged after  2  iterations.
[1] 3.544539e-08 1.875614e-08 5.825437e-07
Algorithm converged after  2  iterations.
[1] 3.544539e-08 5.825437e-07 6.404997e-08
Algorithm converged after  2  iterations.
[1] 3.201040e-08 3.544539e-08 5.825437e-07
Algorithm converged after  2  iterations.
[1] 3.201040e-08 7.213348e-09 3.544539e-08 1.875614e-08
Algorithm converged after  2  iterations.
[1] 3.201040e-08 7.213348e-09 5.825437e-07 6.404997e-08
Algorithm converged after  2  iterations.
[1] 3.544539e-08 1.875614e-08 5.825437e-07 6.404997e-08
Algorithm converged after  2  iterations.
[1] 3.201040e-08 7.213348e-09 3.544539e-08 5.825437e-07
Algorithm converged after  2  iterations.
[1] 3.201040e-08 3.544539e-08 1.875614e-08 5.825437e-07
Algorithm converged after  2  iterations.
[1] 3.201040e-08 3.544539e-08 5.825437e-07 6.404997e-08
Algorithm converged after  2  iterations.
[1] 1.436322e-06
Algorithm converged after  2  iterations.
[1] 1.436322e-06 1.085507e-08
Algorithm converged after  7  iterations.
[1] 1.436322e-06 2.733404e-08
Algorithm converged after  6  iterations.
[1] 1.436322e-06 1.817148e-06
Algorithm converged after  8  iterations.
[1] 1.436322e-06 1.085507e-08 3.125376e-10
Algorithm converged after  7  iterations.
[1] 1.436322e-06 2.733404e-08 7.896883e-11
Algorithm converged after  9  iterations.
[1] 1.436322e-06 1.817148e-06 4.954631e-10
Algorithm converged after  9  iterations.
[1] 1.436322e-06 1.085507e-08 2.733404e-08
Algorithm converged after  8  iterations.
[1] 1.436322e-06 1.085507e-08 1.817148e-06
Algorithm converged after  10  iterations.
[1] 1.436322e-06 2.733404e-08 1.817148e-06
Algorithm converged after  9  iterations.
[1] 1.436322e-06 1.085507e-08 3.125376e-10 2.733404e-08
Algorithm converged after  9  iterations.
[1] 1.436322e-06 1.085507e-08 3.125376e-10 1.817148e-06
[1] 3.177766e-06 1.617769e-08 3.531851e-10 2.733939e-06
Algorithm converged after  11  iterations.
[1] 1.436322e-06 1.085507e-08 2.733404e-08 7.896883e-11
[1] 2.170428e-06 1.331626e-08 3.072258e-08 5.675468e-11
Algorithm converged after  14  iterations.
[1] 1.436322e-06 1.085507e-08 1.817148e-06 4.954631e-10
Algorithm converged after  10  iterations.
[1] 1.436322e-06 2.733404e-08 7.896883e-11 1.817148e-06
Algorithm converged after  10  iterations.
[1] 1.436322e-06 2.733404e-08 1.817148e-06 4.954631e-10
Algorithm converged after  10  iterations.
[1] 1.436322e-06 1.085507e-08 2.733404e-08 1.817148e-06
[1] 3.525746e-06 1.717897e-08 3.608126e-08 2.897523e-06
Algorithm converged after  11  iterations.
[1] 1.436322e-06 2.608910e-06
Algorithm converged after  2  iterations.
[1] 1.436322e-06 2.608910e-06 3.736686e-10
Algorithm converged after  7  iterations.
[1] 1.436322e-06 2.608910e-06 6.965969e-10
Algorithm converged after  5  iterations.
[1] 1.436322e-06 2.608910e-06 6.333274e-10
[1] 6.195930e-06 1.573726e-06 2.988015e-09
Algorithm converged after  17  iterations.
[1] 1.436322e-06 2.608910e-06 3.736686e-10 1.209583e-10
Algorithm converged after  9  iterations.
[1] 1.436322e-06 2.608910e-06 6.965969e-10 7.563000e-11
[1] 1.542982e-06 2.257487e-09 1.900950e-08 7.904347e-10
Algorithm converged after  11  iterations.
[1] 1.436322e-06 2.608910e-06 6.333274e-10 3.908173e-10
Algorithm converged after  10  iterations.
[1] 1.436322e-06 2.608910e-06 3.736686e-10 6.965969e-10
Algorithm converged after  8  iterations.
[1] 1.436322e-06 2.608910e-06 3.736686e-10 6.333274e-10
Algorithm converged after  10  iterations.
[1] 1.436322e-06 2.608910e-06 6.965969e-10 6.333274e-10
Algorithm converged after  8  iterations.
numeric(0)
Algorithm converged after  1  iterations.
[1] 3.70982e-08
Algorithm converged after  2  iterations.
[1] 4.265371e-08
Algorithm converged after  2  iterations.
[1] 8.214734e-07
Algorithm converged after  2  iterations.
[1] 3.709820e-08 9.219408e-09
Algorithm converged after  2  iterations.
[1] 4.265371e-08 2.442646e-08
Algorithm converged after  2  iterations.
[1] 8.214734e-07 7.920831e-08
Algorithm converged after  2  iterations.
[1] 3.709820e-08 4.265371e-08
Algorithm converged after  2  iterations.
[1] 3.709820e-08 8.214734e-07
Algorithm converged after  2  iterations.
[1] 4.265371e-08 8.214734e-07
Algorithm converged after  2  iterations.
[1] 3.709820e-08 9.219408e-09 4.265371e-08
Algorithm converged after  2  iterations.
[1] 3.709820e-08 9.219408e-09 8.214734e-07
Algorithm converged after  2  iterations.
[1] 3.709820e-08 4.265371e-08 2.442646e-08
Algorithm converged after  2  iterations.
[1] 3.709820e-08 8.214734e-07 7.920831e-08
Algorithm converged after  2  iterations.
[1] 4.265371e-08 2.442646e-08 8.214734e-07
Algorithm converged after  2  iterations.
[1] 4.265371e-08 8.214734e-07 7.920831e-08
Algorithm converged after  2  iterations.
[1] 3.709820e-08 4.265371e-08 8.214734e-07
Algorithm converged after  2  iterations.
[1] 3.709820e-08 9.219408e-09 4.265371e-08 2.442646e-08
Algorithm converged after  2  iterations.
[1] 3.709820e-08 9.219408e-09 8.214734e-07 7.920831e-08
Algorithm converged after  2  iterations.
[1] 4.265371e-08 2.442646e-08 8.214734e-07 7.920831e-08
Algorithm converged after  2  iterations.
[1] 3.709820e-08 9.219408e-09 4.265371e-08 8.214734e-07
Algorithm converged after  2  iterations.
[1] 3.709820e-08 4.265371e-08 2.442646e-08 8.214734e-07
Algorithm converged after  2  iterations.
[1] 3.709820e-08 4.265371e-08 8.214734e-07 7.920831e-08
Algorithm converged after  2  iterations.
[1] 1.627982e-06
Algorithm converged after  2  iterations.
[1] 1.627982e-06 1.544146e-08
Algorithm converged after  6  iterations.
[1] 1.627982e-06 3.364276e-08
Algorithm converged after  6  iterations.
[1] 1.627982e-06 7.551320e-07
Algorithm converged after  5  iterations.
[1] 1.627982e-06 1.544146e-08 2.845428e-10
[1] 1.909807e-06 1.819342e-08 2.824226e-10
[1] 1.916976e-06 1.830840e-08 2.815973e-10
Algorithm converged after  24  iterations.
[1] 1.627982e-06 3.364276e-08 5.850224e-11
Algorithm converged after  8  iterations.
[1] 1.627982e-06 7.551320e-07 1.008792e-09
Algorithm converged after  6  iterations.
[1] 1.627982e-06 1.544146e-08 3.364276e-08
Algorithm converged after  8  iterations.
[1] 1.627982e-06 1.544146e-08 7.551320e-07
Algorithm converged after  7  iterations.
[1] 1.627982e-06 3.364276e-08 7.551320e-07
Algorithm converged after  6  iterations.
[1] 1.627982e-06 1.544146e-08 2.845428e-10 3.364276e-08
Algorithm converged after  8  iterations.
[1] 1.627982e-06 1.544146e-08 2.845428e-10 7.551320e-07
Algorithm converged after  7  iterations.
[1] 1.627982e-06 1.544146e-08 3.364276e-08 5.850224e-11
[1] 2.202881e-06 2.061050e-08 3.933154e-08 5.444416e-11
Algorithm converged after  13  iterations.
[1] 1.627982e-06 1.544146e-08 7.551320e-07 1.008792e-09
[1] 2.077596e-06 1.909215e-08 8.241615e-07 1.120423e-09
Algorithm converged after  12  iterations.
[1] 1.627982e-06 3.364276e-08 5.850224e-11 7.551320e-07
Algorithm converged after  8  iterations.
[1] 1.627982e-06 3.364276e-08 7.551320e-07 1.008792e-09
Algorithm converged after  7  iterations.
[1] 1.627982e-06 1.544146e-08 3.364276e-08 7.551320e-07
Algorithm converged after  8  iterations.
[1] 1.627982e-06 3.330426e-06
Algorithm converged after  2  iterations.
[1] 1.627982e-06 3.330426e-06 2.981081e-10
Algorithm converged after  6  iterations.
[1] 1.627982e-06 3.330426e-06 3.967210e-10
Algorithm converged after  6  iterations.
[1] 1.627982e-06 3.330426e-06 2.086977e-09
[1] 7.094095e-06 1.743084e-06 3.340996e-09
Algorithm converged after  11  iterations.
[1] 1.627982e-06 3.330426e-06 2.981081e-10 1.026171e-10
Algorithm converged after  6  iterations.
[1] 1.627982e-06 3.330426e-06 3.967210e-10 7.984440e-11
[1] 1.838119e-06 5.128182e-09 3.115500e-08 6.606472e-10
[1] 1.839023e-06 5.019658e-09 3.075712e-08 6.200786e-10
[1] 1.838697e-06 4.957882e-09 3.057726e-08 6.040695e-10
[1] 1.838598e-06 4.941813e-09 3.053238e-08 6.000191e-10
[1] 1.838576e-06 4.938478e-09 3.052316e-08 5.991846e-10
[1] 1.838572e-06 4.937821e-09 3.052135e-08 5.990205e-10
[1] 1.838571e-06 4.937693e-09 3.052099e-08 5.989885e-10
Algorithm converged after  77  iterations.
[1] 1.627982e-06 3.330426e-06 2.086977e-09 8.661390e-10
[1] 8.913026e-06 1.685015e-06 3.868207e-09 1.289007e-09
Algorithm converged after  15  iterations.
[1] 1.627982e-06 3.330426e-06 2.981081e-10 3.967210e-10
Algorithm converged after  6  iterations.
[1] 1.627982e-06 3.330426e-06 2.981081e-10 2.086977e-09
[1] 8.047388e-06 1.703425e-06 3.281379e-10 3.692625e-09
Algorithm converged after  12  iterations.
[1] 1.627982e-06 3.330426e-06 3.967210e-10 2.086977e-09
[1] 6.850647e-06 1.731980e-06 3.890008e-10 3.278632e-09
Algorithm converged after  12  iterations.
numeric(0)
Algorithm converged after  1  iterations.
[1] 2.615442e-08
Algorithm converged after  2  iterations.
[1] 4.357934e-08
Algorithm converged after  2  iterations.
[1] 4.613421e-07
Algorithm converged after  2  iterations.
[1] 2.615442e-08 7.889783e-09
Algorithm converged after  2  iterations.
[1] 4.357934e-08 5.983757e-09
Algorithm converged after  2  iterations.
[1] 4.613421e-07 3.233925e-08
Algorithm converged after  2  iterations.
[1] 2.615442e-08 4.357934e-08
Algorithm converged after  2  iterations.
[1] 2.615442e-08 4.613421e-07
Algorithm converged after  2  iterations.
[1] 4.357934e-08 4.613421e-07
Algorithm converged after  2  iterations.
[1] 2.615442e-08 7.889783e-09 4.357934e-08
Algorithm converged after  2  iterations.
[1] 2.615442e-08 7.889783e-09 4.613421e-07
Algorithm converged after  2  iterations.
[1] 2.615442e-08 4.357934e-08 5.983757e-09
Algorithm converged after  2  iterations.
[1] 2.615442e-08 4.613421e-07 3.233925e-08
Algorithm converged after  2  iterations.
[1] 4.357934e-08 5.983757e-09 4.613421e-07
Algorithm converged after  2  iterations.
[1] 4.357934e-08 4.613421e-07 3.233925e-08
Algorithm converged after  2  iterations.
[1] 2.615442e-08 4.357934e-08 4.613421e-07
Algorithm converged after  2  iterations.
[1] 2.615442e-08 7.889783e-09 4.357934e-08 5.983757e-09
Algorithm converged after  2  iterations.
[1] 2.615442e-08 7.889783e-09 4.613421e-07 3.233925e-08
Algorithm converged after  2  iterations.
[1] 4.357934e-08 5.983757e-09 4.613421e-07 3.233925e-08
Algorithm converged after  2  iterations.
[1] 2.615442e-08 7.889783e-09 4.357934e-08 4.613421e-07
Algorithm converged after  2  iterations.
[1] 2.615442e-08 4.357934e-08 5.983757e-09 4.613421e-07
Algorithm converged after  2  iterations.
[1] 2.615442e-08 4.357934e-08 4.613421e-07 3.233925e-08
Algorithm converged after  2  iterations.
[1] 9.695222e-07
Algorithm converged after  2  iterations.
[1] 9.695222e-07 1.148136e-08
Algorithm converged after  6  iterations.
[1] 9.695222e-07 3.336535e-09
Algorithm converged after  6  iterations.
[1] 9.695222e-07 1.059531e-07
Algorithm converged after  7  iterations.
[1] 9.695222e-07 1.148136e-08 4.628363e-10
Algorithm converged after  7  iterations.
[1] 9.695222e-07 3.336535e-09 3.095093e-15
[1] 1.006829e-06 3.379641e-09 4.509801e-10
[1] 1.081577e-06 4.003486e-09 4.310466e-19
[1] 1.126446e-06 4.197920e-09 3.988267e-10
[1] 1.062045e-06 3.767481e-09 1.479517e-18
[1] 1.085560e-06 4.124041e-09 4.114318e-10
[1] 1.075536e-06 4.015607e-09 2.297990e-15
[1] 1.078454e-06 4.010944e-09 4.280184e-17
[1] 1.091008e-06 4.196935e-09 4.044628e-10
Algorithm converged after  82  iterations.
[1] 9.695222e-07 1.059531e-07 1.178864e-09
Algorithm converged after  6  iterations.
[1] 9.695222e-07 1.148136e-08 3.336535e-09
Algorithm converged after  7  iterations.
[1] 9.695222e-07 1.148136e-08 1.059531e-07
Algorithm converged after  7  iterations.
[1] 9.695222e-07 3.336535e-09 1.059531e-07
Algorithm converged after  6  iterations.
[1] 9.695222e-07 1.148136e-08 4.628363e-10 3.336535e-09
Algorithm converged after  8  iterations.
[1] 9.695222e-07 1.148136e-08 4.628363e-10 1.059531e-07
Algorithm converged after  7  iterations.
[1] 9.695222e-07 1.148136e-08 3.336535e-09 3.095093e-15
[1] 1.236237e-06 1.447276e-08 4.494638e-09 3.529682e-21
Algorithm converged after  18  iterations.
[1] 9.695222e-07 1.148136e-08 1.059531e-07 1.178864e-09
Algorithm converged after  7  iterations.
[1] 9.695222e-07 3.336535e-09 3.095093e-15 1.059531e-07
[1] 9.888578e-07 3.500427e-09 1.171619e-14 1.299104e-07
[1] 1.055299e-06 3.877839e-09 4.259796e-10 1.396064e-07
[1] 1.051642e-06 3.815517e-09 4.379755e-10 1.367090e-07
[1] 1.053874e-06 3.860678e-09 1.192726e-17 1.401165e-07
[1] 1.035643e-06 3.652711e-09 4.847404e-10 1.255801e-07
Algorithm converged after  52  iterations.
[1] 9.695222e-07 3.336535e-09 1.059531e-07 1.178864e-09
Algorithm converged after  7  iterations.
[1] 9.695222e-07 1.148136e-08 3.336535e-09 1.059531e-07
Algorithm converged after  8  iterations.
[1] 9.695222e-07 5.929355e-09
Algorithm converged after  2  iterations.
[1] 9.695222e-07 5.929355e-09 1.614774e-08
Algorithm converged after  8  iterations.
[1] 9.695222e-07 5.929355e-09 4.521603e-09
[1] 1.057566e-06 4.263813e-09 3.114730e-09
Algorithm converged after  12  iterations.
[1] 9.695222e-07 5.929355e-09 5.172736e-07
[1] 9.270989e-07 2.900063e-08 2.009079e-06
[1] 9.271038e-07 2.898347e-08 2.007834e-06
Algorithm converged after  21  iterations.
[1] 9.695222e-07 5.929355e-09 1.614774e-08 1.441703e-10
[1] 1.120352e-06 7.003926e-09 1.868222e-08 1.602964e-10
Algorithm converged after  15  iterations.
[1] 9.695222e-07 5.929355e-09 4.521603e-09 1.845986e-10
[1] 1.090914e-06 2.645433e-09 4.848143e-09 6.725384e-10
[1] 1.095909e-06 2.801234e-09 4.824230e-09 5.819458e-11
Algorithm converged after  25  iterations.
[1] 9.695222e-07 5.929355e-09 5.172736e-07 1.090244e-09
[1] 9.031761e-07 3.996240e-08 2.238418e-06 1.598682e-09
[1] 9.031606e-07 3.999739e-08 2.239966e-06 1.599076e-09
Algorithm converged after  21  iterations.
[1] 9.695222e-07 5.929355e-09 1.614774e-08 4.521603e-09
Algorithm converged after  10  iterations.
[1] 9.695222e-07 5.929355e-09 1.614774e-08 5.172736e-07
[1] 1.118985e-06 4.125594e-08 3.190588e-08 2.521317e-06
Algorithm converged after  20  iterations.
[1] 9.695222e-07 5.929355e-09 4.521603e-09 5.172736e-07
[1] 1.060025e-06 3.474816e-08 8.339555e-09 2.267193e-06
Algorithm converged after  18  iterations.
numeric(0)
Algorithm converged after  1  iterations.
[1] 2.934176e-08
Algorithm converged after  2  iterations.
[1] 3.582489e-08
Algorithm converged after  2  iterations.
[1] 6.633092e-07
Algorithm converged after  2  iterations.
[1] 2.934176e-08 8.572135e-09
Algorithm converged after  2  iterations.
[1] 3.582489e-08 2.015047e-08
Algorithm converged after  2  iterations.
[1] 6.633092e-07 7.616175e-08
Algorithm converged after  2  iterations.
[1] 2.934176e-08 3.582489e-08
Algorithm converged after  2  iterations.
[1] 2.934176e-08 6.633092e-07
Algorithm converged after  2  iterations.
[1] 3.582489e-08 6.633092e-07
Algorithm converged after  2  iterations.
[1] 2.934176e-08 8.572135e-09 3.582489e-08
Algorithm converged after  2  iterations.
[1] 2.934176e-08 8.572135e-09 6.633092e-07
Algorithm converged after  2  iterations.
[1] 2.934176e-08 3.582489e-08 2.015047e-08
Algorithm converged after  2  iterations.
[1] 2.934176e-08 6.633092e-07 7.616175e-08
Algorithm converged after  2  iterations.
[1] 3.582489e-08 2.015047e-08 6.633092e-07
Algorithm converged after  2  iterations.
[1] 3.582489e-08 6.633092e-07 7.616175e-08
Algorithm converged after  2  iterations.
[1] 2.934176e-08 3.582489e-08 6.633092e-07
Algorithm converged after  2  iterations.
[1] 2.934176e-08 8.572135e-09 3.582489e-08 2.015047e-08
Algorithm converged after  2  iterations.
[1] 2.934176e-08 8.572135e-09 6.633092e-07 7.616175e-08
Algorithm converged after  2  iterations.
[1] 3.582489e-08 2.015047e-08 6.633092e-07 7.616175e-08
Algorithm converged after  2  iterations.
[1] 2.934176e-08 8.572135e-09 3.582489e-08 6.633092e-07
Algorithm converged after  2  iterations.
[1] 2.934176e-08 3.582489e-08 2.015047e-08 6.633092e-07
Algorithm converged after  2  iterations.
[1] 2.934176e-08 3.582489e-08 6.633092e-07 7.616175e-08
Algorithm converged after  2  iterations.
[1] 3.336915e-06
Algorithm converged after  2  iterations.
[1] 3.336915e-06 3.638041e-08
Algorithm converged after  5  iterations.
[1] 3.336915e-06 2.915763e-08
Algorithm converged after  5  iterations.
[1] 3.336915e-06 4.525757e-07
[1] 1.108620e-05 1.066262e-06
Algorithm converged after  16  iterations.
[1] 3.336915e-06 3.638041e-08 3.454902e-10
[1] 4.066968e-06 3.782097e-08 9.384024e-17
Algorithm converged after  17  iterations.
[1] 3.336915e-06 2.915763e-08 5.468027e-18
Algorithm converged after  9  iterations.
[1] 3.336915e-06 4.525757e-07 6.846410e-15
[1] 1.421846e-05 1.292338e-06 1.512203e-09
Algorithm converged after  19  iterations.
[1] 3.336915e-06 3.638041e-08 2.915763e-08
Algorithm converged after  6  iterations.
[1] 3.336915e-06 3.638041e-08 4.525757e-07
[1] 1.253795e-05 4.763285e-08 1.190532e-06
Algorithm converged after  16  iterations.
[1] 3.336915e-06 2.915763e-08 4.525757e-07
[1] 1.207155e-05 3.657567e-08 1.147791e-06
Algorithm converged after  16  iterations.
[1] 3.336915e-06 3.638041e-08 3.454902e-10 2.915763e-08
Algorithm converged after  6  iterations.
[1] 3.336915e-06 3.638041e-08 3.454902e-10 4.525757e-07
[1] 1.344028e-05 4.843884e-08 3.891251e-10 1.257224e-06
[1] 1.342589e-05 4.851234e-08 3.891943e-10 1.258899e-06
[1] 1.352251e-05 4.861587e-08 3.896871e-10 1.266254e-06
Algorithm converged after  31  iterations.
[1] 3.336915e-06 3.638041e-08 2.915763e-08 5.468027e-18
[1] 3.505540e-06 3.677720e-08 2.942398e-08 6.077629e-10
[1] 4.037137e-06 3.771510e-08 3.020548e-08 5.592962e-10
[1] 4.044586e-06 3.775961e-08 3.026635e-08 5.389852e-10
[1] 4.044802e-06 3.776913e-08 3.029061e-08 5.392119e-10
Algorithm converged after  43  iterations.
[1] 3.336915e-06 3.638041e-08 4.525757e-07 6.846410e-15
[1] 1.622335e-05 5.105203e-08 1.463788e-06 1.712189e-09
Algorithm converged after  20  iterations.
[1] 3.336915e-06 2.915763e-08 5.468027e-18 4.525757e-07
[1] 1.191632e-05 3.654636e-08 5.884128e-10 1.136135e-06
Algorithm converged after  16  iterations.
[1] 3.336915e-06 2.915763e-08 4.525757e-07 6.846410e-15
[1] 1.529880e-05 3.866492e-08 1.385746e-06 1.551550e-09
Algorithm converged after  18  iterations.
[1] 3.336915e-06 3.638041e-08 2.915763e-08 4.525757e-07
[1] 1.361081e-05 4.847450e-08 3.772315e-08 1.273671e-06
Algorithm converged after  16  iterations.
[1] 3.336915e-06 1.478524e-06
Algorithm converged after  2  iterations.
[1] 3.336915e-06 1.478524e-06 4.109565e-10
Algorithm converged after  5  iterations.
[1] 3.336915e-06 1.478524e-06 7.216392e-10
Algorithm converged after  6  iterations.
[1] 3.336915e-06 1.478524e-06 1.481948e-09
Algorithm converged after  9  iterations.
