myseed=3811 

Attaching package: ‘pls’

The following object is masked from ‘package:stats’:

    loadings

Loading required package: lattice
Loading required package: ggplot2
Registered S3 methods overwritten by 'ggplot2':
  method         from 
  [.quosures     rlang
  c.quosures     rlang
  print.quosures rlang

Attaching package: ‘caret’

The following object is masked from ‘package:pls’:

    R2

Loading required package: Matrix
Loading required package: foreach
Loaded glmnet 2.0-18

Parsed with column specification:
cols(
  .default = col_double()
)
See spec(...) for full column specifications.
Parsed with column specification:
cols(
  X1 = col_double()
)
Parsed with column specification:
cols(
  X1 = col_double()
)
numeric(0)
Algorithm converged after  1  iterations.
[1] 9.791068e-09
Algorithm converged after  2  iterations.
[1] 2.37557e-08
Algorithm converged after  2  iterations.
[1] 7.44494e-07
Algorithm converged after  2  iterations.
[1] 9.791068e-09 9.865447e-10
Algorithm converged after  2  iterations.
[1] 2.375570e-08 8.860943e-11
Algorithm converged after  2  iterations.
[1] 7.444940e-07 7.765654e-08
Algorithm converged after  2  iterations.
[1] 9.791068e-09 2.375570e-08
Algorithm converged after  2  iterations.
[1] 9.791068e-09 7.444940e-07
Algorithm converged after  2  iterations.
[1] 2.37557e-08 7.44494e-07
Algorithm converged after  2  iterations.
[1] 9.791068e-09 9.865447e-10 2.375570e-08
Algorithm converged after  2  iterations.
[1] 9.791068e-09 9.865447e-10 7.444940e-07
Algorithm converged after  2  iterations.
[1] 9.791068e-09 2.375570e-08 8.860943e-11
Algorithm converged after  2  iterations.
[1] 9.791068e-09 7.444940e-07 7.765654e-08
Algorithm converged after  2  iterations.
[1] 2.375570e-08 8.860943e-11 7.444940e-07
Algorithm converged after  2  iterations.
[1] 2.375570e-08 7.444940e-07 7.765654e-08
Algorithm converged after  2  iterations.
[1] 9.791068e-09 2.375570e-08 7.444940e-07
Algorithm converged after  2  iterations.
[1] 9.791068e-09 9.865447e-10 2.375570e-08 8.860943e-11
Algorithm converged after  2  iterations.
[1] 9.791068e-09 9.865447e-10 7.444940e-07 7.765654e-08
Algorithm converged after  2  iterations.
[1] 2.375570e-08 8.860943e-11 7.444940e-07 7.765654e-08
Algorithm converged after  2  iterations.
[1] 9.791068e-09 9.865447e-10 2.375570e-08 7.444940e-07
Algorithm converged after  2  iterations.
[1] 9.791068e-09 2.375570e-08 8.860943e-11 7.444940e-07
Algorithm converged after  2  iterations.
[1] 9.791068e-09 2.375570e-08 7.444940e-07 7.765654e-08
Algorithm converged after  2  iterations.
[1] 3.911317e-06
Algorithm converged after  2  iterations.
[1] 3.911317e-06 2.946519e-08
Algorithm converged after  6  iterations.
[1] 3.911317e-06 2.223682e-08
Algorithm converged after  5  iterations.
[1] 3.911317e-06 4.024324e-07
[1] 1.588175e-05 9.804294e-07
Algorithm converged after  17  iterations.
[1] 3.911317e-06 2.946519e-08 2.576800e-10
Algorithm converged after  7  iterations.
[1] 3.911317e-06 2.223682e-08 2.295402e-19
[1] 4.004099e-06 2.253194e-08 1.251508e-10
[1] 4.344424e-06 2.277332e-08 1.236594e-10
[1] 4.411589e-06 2.288566e-08 1.240928e-10
[1] 4.331681e-06 2.302841e-08 1.027318e-10
[1] 3.988683e-06 2.258457e-08 2.181055e-10
Algorithm converged after  53  iterations.
[1] 3.911317e-06 4.024324e-07 1.147266e-09
[1] 2.169629e-05 1.224877e-06 2.719885e-09
Algorithm converged after  20  iterations.
[1] 3.911317e-06 2.946519e-08 2.223682e-08
Algorithm converged after  7  iterations.
[1] 3.911317e-06 2.946519e-08 4.024324e-07
[1] 2.034164e-05 5.697079e-08 1.182459e-06
Algorithm converged after  18  iterations.
[1] 3.911317e-06 2.223682e-08 4.024324e-07
[1] 1.767329e-05 3.134307e-08 1.062063e-06
Algorithm converged after  16  iterations.
[1] 3.911317e-06 2.946519e-08 2.576800e-10 2.223682e-08
Algorithm converged after  7  iterations.
[1] 3.911317e-06 2.946519e-08 2.576800e-10 4.024324e-07
[1] 2.193080e-05 5.882038e-08 3.094679e-10 1.246628e-06
Algorithm converged after  18  iterations.
[1] 3.911317e-06 2.946519e-08 2.223682e-08 2.295402e-19
Algorithm converged after  7  iterations.
[1] 3.911317e-06 2.946519e-08 4.024324e-07 1.147266e-09
[1] 2.817872e-05 6.725548e-08 1.508738e-06 3.239933e-09
[1] 2.821217e-05 6.729956e-08 1.510130e-06 3.242818e-09
Algorithm converged after  22  iterations.
[1] 3.911317e-06 2.223682e-08 2.295402e-19 4.024324e-07
[1] 1.600499e-05 3.035051e-08 1.199085e-10 9.904137e-07
[1] 1.605541e-05 3.044153e-08 1.186935e-10 9.951419e-07
[1] 1.666034e-05 3.074572e-08 1.153876e-10 1.024033e-06
[1] 1.632017e-05 3.071108e-08 1.129269e-10 1.011580e-06
Algorithm converged after  45  iterations.
[1] 3.911317e-06 2.223682e-08 4.024324e-07 1.147266e-09
[1] 2.433263e-05 3.460437e-08 1.342489e-06 2.907516e-09
Algorithm converged after  20  iterations.
[1] 3.911317e-06 2.946519e-08 2.223682e-08 4.024324e-07
[1] 2.258528e-05 5.984060e-08 3.385935e-08 1.280575e-06
Algorithm converged after  18  iterations.
[1] 3.911317e-06 1.116967e-06
Algorithm converged after  2  iterations.
[1] 3.911317e-06 1.116967e-06 3.169448e-10
Algorithm converged after  6  iterations.
[1] 3.911317e-06 1.116967e-06 1.361121e-10
Algorithm converged after  9  iterations.
[1] 3.911317e-06 1.116967e-06 3.191526e-09
[1] 9.179983e-06 1.373386e-06 4.863057e-09
Algorithm converged after  12  iterations.
[1] 3.911317e-06 1.116967e-06 3.169448e-10 7.303024e-11
[1] 4.744155e-06 1.269201e-06 3.270414e-10 7.636834e-11
Algorithm converged after  12  iterations.
[1] 3.911317e-06 1.116967e-06 1.361121e-10 1.649669e-10
[1] 1.372653e-06 1.208119e-08 4.069963e-08 1.496462e-10
Algorithm converged after  14  iterations.
[1] 3.911317e-06 1.116967e-06 3.191526e-09 1.047255e-09
[1] 1.242670e-05 1.417866e-06 5.534605e-09 1.701462e-09
Algorithm converged after  14  iterations.
[1] 3.911317e-06 1.116967e-06 3.169448e-10 1.361121e-10
Algorithm converged after  7  iterations.
[1] 3.911317e-06 1.116967e-06 3.169448e-10 3.191526e-09
[1] 1.093525e-05 1.438418e-06 3.607521e-10 5.353380e-09
Algorithm converged after  13  iterations.
[1] 3.911317e-06 1.116967e-06 1.361121e-10 3.191526e-09
[1] 8.588963e-06 1.396323e-06 1.341053e-10 4.860271e-09
[1] 9.362466e-06 1.404716e-06 1.315775e-10 5.094233e-09
[1] 8.311722e-06 1.483351e-06 1.322998e-10 4.926608e-09
[1] 9.671216e-06 1.406296e-06 1.298151e-10 5.343204e-09
[1] 8.731970e-06 1.402800e-06 1.313782e-10 5.175609e-09
[1] 8.696693e-06 1.522620e-06 1.307383e-10 5.385533e-09
[1] 8.715030e-06 1.477308e-06 1.326208e-10 5.399514e-09
[1] 9.482123e-06 1.395737e-06 1.282068e-18 5.575608e-09
[1] 8.862216e-06 1.474891e-06 5.652160e-17 5.572149e-09
[1] 9.078397e-06 1.415262e-06 1.307335e-10 5.701467e-09
[1] 8.976244e-06 1.496777e-06 1.326834e-10 5.939089e-09
[1] 8.906923e-06 1.486322e-06 1.336868e-10 5.971624e-09
Algorithm converged after  128  iterations.
numeric(0)
Algorithm converged after  1  iterations.
[1] 2.880179e-08
Algorithm converged after  2  iterations.
[1] 2.274905e-08
Algorithm converged after  2  iterations.
[1] 4.735583e-07
Algorithm converged after  2  iterations.
[1] 2.880179e-08 9.120086e-09
Algorithm converged after  2  iterations.
[1] 2.274905e-08 1.667693e-08
Algorithm converged after  2  iterations.
[1] 4.735583e-07 9.377846e-08
Algorithm converged after  2  iterations.
[1] 2.880179e-08 2.274905e-08
Algorithm converged after  2  iterations.
[1] 2.880179e-08 4.735583e-07
Algorithm converged after  2  iterations.
[1] 2.274905e-08 4.735583e-07
Algorithm converged after  2  iterations.
[1] 2.880179e-08 9.120086e-09 2.274905e-08
Algorithm converged after  2  iterations.
[1] 2.880179e-08 9.120086e-09 4.735583e-07
Algorithm converged after  2  iterations.
[1] 2.880179e-08 2.274905e-08 1.667693e-08
Algorithm converged after  2  iterations.
[1] 2.880179e-08 4.735583e-07 9.377846e-08
Algorithm converged after  2  iterations.
[1] 2.274905e-08 1.667693e-08 4.735583e-07
Algorithm converged after  2  iterations.
[1] 2.274905e-08 4.735583e-07 9.377846e-08
Algorithm converged after  2  iterations.
[1] 2.880179e-08 2.274905e-08 4.735583e-07
Algorithm converged after  2  iterations.
[1] 2.880179e-08 9.120086e-09 2.274905e-08 1.667693e-08
Algorithm converged after  2  iterations.
[1] 2.880179e-08 9.120086e-09 4.735583e-07 9.377846e-08
Algorithm converged after  2  iterations.
[1] 2.274905e-08 1.667693e-08 4.735583e-07 9.377846e-08
Algorithm converged after  2  iterations.
[1] 2.880179e-08 9.120086e-09 2.274905e-08 4.735583e-07
Algorithm converged after  2  iterations.
[1] 2.880179e-08 2.274905e-08 1.667693e-08 4.735583e-07
Algorithm converged after  2  iterations.
[1] 2.880179e-08 2.274905e-08 4.735583e-07 9.377846e-08
Algorithm converged after  2  iterations.
[1] 1.319264e-06
Algorithm converged after  2  iterations.
[1] 1.319264e-06 1.462750e-08
Algorithm converged after  6  iterations.
[1] 1.319264e-06 2.704843e-08
Algorithm converged after  6  iterations.
[1] 1.319264e-06 5.600456e-08
Algorithm converged after  9  iterations.
[1] 1.319264e-06 1.462750e-08 2.945005e-10
Algorithm converged after  7  iterations.
[1] 1.319264e-06 2.704843e-08 8.608111e-11
Algorithm converged after  8  iterations.
[1] 1.319264e-06 5.600456e-08 7.966987e-10
Algorithm converged after  8  iterations.
[1] 1.319264e-06 1.462750e-08 2.704843e-08
Algorithm converged after  7  iterations.
[1] 1.319264e-06 1.462750e-08 5.600456e-08
Algorithm converged after  7  iterations.
[1] 1.319264e-06 2.704843e-08 5.600456e-08
Algorithm converged after  6  iterations.
[1] 1.319264e-06 1.462750e-08 2.945005e-10 2.704843e-08
Algorithm converged after  8  iterations.
[1] 1.319264e-06 1.462750e-08 2.945005e-10 5.600456e-08
Algorithm converged after  7  iterations.
[1] 1.319264e-06 1.462750e-08 2.704843e-08 8.608111e-11
Algorithm converged after  8  iterations.
[1] 1.319264e-06 1.462750e-08 5.600456e-08 7.966987e-10
Algorithm converged after  9  iterations.
[1] 1.319264e-06 2.704843e-08 8.608111e-11 5.600456e-08
Algorithm converged after  7  iterations.
[1] 1.319264e-06 2.704843e-08 5.600456e-08 7.966987e-10
Algorithm converged after  7  iterations.
[1] 1.319264e-06 1.462750e-08 2.704843e-08 5.600456e-08
Algorithm converged after  8  iterations.
[1] 1.319264e-06 9.930115e-09
Algorithm converged after  2  iterations.
[1] 1.319264e-06 9.930115e-09 2.510563e-08
Algorithm converged after  7  iterations.
[1] 1.319264e-06 9.930115e-09 3.053269e-08
Algorithm converged after  7  iterations.
[1] 1.319264e-06 9.930115e-09 5.005610e-07
[1] 1.278206e-06 2.306043e-08 1.380164e-06
Algorithm converged after  13  iterations.
[1] 1.319264e-06 9.930115e-09 2.510563e-08 5.008941e-11
[1] 1.581764e-06 7.766721e-09 3.096113e-08 3.572782e-10
Algorithm converged after  16  iterations.
[1] 1.319264e-06 9.930115e-09 3.053269e-08 6.999083e-11
[1] 1.608799e-06 1.365093e-08 3.366999e-08 1.974044e-10
[1] 1.604744e-06 1.186716e-08 3.672540e-08 4.019947e-19
[1] 1.557853e-06 1.139486e-08 3.822740e-08 8.322635e-12
[1] 1.534336e-06 1.002588e-08 3.809429e-08 5.682339e-11
[1] 1.572039e-06 1.222850e-08 3.782895e-08 6.162056e-11
[1] 1.566104e-06 1.278453e-08 3.833257e-08 6.702211e-11
[1] 1.448254e-06 1.117068e-08 3.673800e-08 7.397555e-11
[1] 1.531224e-06 1.533981e-08 3.805204e-08 7.675472e-11
[1] 1.579974e-06 2.114099e-09 2.772769e-08 7.603984e-10
[1] 1.566537e-06 1.438215e-08 3.933641e-08 6.787925e-11
[1] 1.566683e-06 1.440767e-08 3.933828e-08 6.787730e-11
Algorithm converged after  111  iterations.
[1] 1.319264e-06 9.930115e-09 5.005610e-07 1.378014e-09
[1] 1.375186e-06 4.044594e-08 1.582553e-06 2.279565e-09
Algorithm converged after  17  iterations.
[1] 1.319264e-06 9.930115e-09 2.510563e-08 3.053269e-08
Algorithm converged after  9  iterations.
[1] 1.319264e-06 9.930115e-09 2.510563e-08 5.005610e-07
[1] 1.452165e-06 2.851833e-08 4.336350e-08 1.563976e-06
Algorithm converged after  14  iterations.
[1] 1.319264e-06 9.930115e-09 3.053269e-08 5.005610e-07
[1] 1.483257e-06 2.793368e-08 4.057285e-08 1.784330e-06
Algorithm converged after  16  iterations.
numeric(0)
Algorithm converged after  1  iterations.
[1] 1.169183e-08
Algorithm converged after  2  iterations.
[1] 2.188835e-08
Algorithm converged after  2  iterations.
[1] 2.752425e-07
Algorithm converged after  2  iterations.
[1] 1.169183e-08 6.608872e-10
Algorithm converged after  2  iterations.
[1] 2.188835e-08 1.072205e-09
Algorithm converged after  2  iterations.
[1] 2.752425e-07 6.336726e-08
Algorithm converged after  2  iterations.
[1] 1.169183e-08 2.188835e-08
Algorithm converged after  2  iterations.
[1] 1.169183e-08 2.752425e-07
Algorithm converged after  2  iterations.
[1] 2.188835e-08 2.752425e-07
Algorithm converged after  2  iterations.
[1] 1.169183e-08 6.608872e-10 2.188835e-08
Algorithm converged after  2  iterations.
[1] 1.169183e-08 6.608872e-10 2.752425e-07
Algorithm converged after  2  iterations.
[1] 1.169183e-08 2.188835e-08 1.072205e-09
Algorithm converged after  2  iterations.
[1] 1.169183e-08 2.752425e-07 6.336726e-08
Algorithm converged after  2  iterations.
[1] 2.188835e-08 1.072205e-09 2.752425e-07
Algorithm converged after  2  iterations.
[1] 2.188835e-08 2.752425e-07 6.336726e-08
Algorithm converged after  2  iterations.
[1] 1.169183e-08 2.188835e-08 2.752425e-07
Algorithm converged after  2  iterations.
[1] 1.169183e-08 6.608872e-10 2.188835e-08 1.072205e-09
Algorithm converged after  2  iterations.
[1] 1.169183e-08 6.608872e-10 2.752425e-07 6.336726e-08
Algorithm converged after  2  iterations.
[1] 2.188835e-08 1.072205e-09 2.752425e-07 6.336726e-08
Algorithm converged after  2  iterations.
[1] 1.169183e-08 6.608872e-10 2.188835e-08 2.752425e-07
Algorithm converged after  2  iterations.
[1] 1.169183e-08 2.188835e-08 1.072205e-09 2.752425e-07
Algorithm converged after  2  iterations.
[1] 1.169183e-08 2.188835e-08 2.752425e-07 6.336726e-08
Algorithm converged after  2  iterations.
[1] 1.085842e-06
Algorithm converged after  2  iterations.
[1] 1.085842e-06 3.504617e-08
Algorithm converged after  8  iterations.
[1] 1.085842e-06 3.700249e-08
Algorithm converged after  7  iterations.
[1] 1.085842e-06 8.838227e-07
Algorithm converged after  8  iterations.
[1] 1.085842e-06 3.504617e-08 3.047534e-10
Algorithm converged after  8  iterations.
[1] 1.085842e-06 3.700249e-08 1.243528e-10
Algorithm converged after  9  iterations.
[1] 1.085842e-06 8.838227e-07 8.467727e-10
Algorithm converged after  10  iterations.
[1] 1.085842e-06 3.504617e-08 3.700249e-08
Algorithm converged after  9  iterations.
[1] 1.085842e-06 3.504617e-08 8.838227e-07
[1] 2.415614e-06 5.237760e-08 1.389002e-06
Algorithm converged after  11  iterations.
[1] 1.085842e-06 3.700249e-08 8.838227e-07
Algorithm converged after  10  iterations.
[1] 1.085842e-06 3.504617e-08 3.047534e-10 3.700249e-08
Algorithm converged after  10  iterations.
[1] 1.085842e-06 3.504617e-08 3.047534e-10 8.838227e-07
[1] 2.678342e-06 5.539920e-08 3.443822e-10 1.480518e-06
Algorithm converged after  12  iterations.
[1] 1.085842e-06 3.504617e-08 3.700249e-08 1.243528e-10
[1] 2.290836e-06 5.116611e-08 4.547689e-08 1.353867e-10
Algorithm converged after  11  iterations.
[1] 1.085842e-06 3.504617e-08 8.838227e-07 8.467727e-10
[1] 2.607863e-06 5.459512e-08 1.442495e-06 9.286730e-10
Algorithm converged after  11  iterations.
[1] 1.085842e-06 3.700249e-08 1.243528e-10 8.838227e-07
[1] 2.594856e-06 4.741089e-08 1.371105e-10 1.446299e-06
Algorithm converged after  12  iterations.
[1] 1.085842e-06 3.700249e-08 8.838227e-07 8.467727e-10
[1] 2.522584e-06 4.686719e-08 1.414851e-06 9.181299e-10
Algorithm converged after  11  iterations.
[1] 1.085842e-06 3.504617e-08 3.700249e-08 8.838227e-07
[1] 3.270226e-06 6.236675e-08 5.132804e-08 1.678013e-06
Algorithm converged after  12  iterations.
[1] 1.085842e-06 1.874841e-06
Algorithm converged after  2  iterations.
[1] 1.085842e-06 1.874841e-06 3.658286e-10
Algorithm converged after  8  iterations.
[1] 1.085842e-06 1.874841e-06 7.435541e-10
Algorithm converged after  7  iterations.
[1] 1.085842e-06 1.874841e-06 1.054915e-09
[1] 4.094600e-06 1.154839e-06 2.568060e-09
Algorithm converged after  12  iterations.
[1] 1.085842e-06 1.874841e-06 3.658286e-10 8.669901e-11
Algorithm converged after  10  iterations.
[1] 1.085842e-06 1.874841e-06 7.435541e-10 2.200537e-10
[1] 1.290889e-06 2.231074e-08 2.962328e-08 1.452501e-10
Algorithm converged after  18  iterations.
[1] 1.085842e-06 1.874841e-06 1.054915e-09 7.120850e-10
[1] 3.361468e-06 1.232353e-06 1.173114e-09 1.124683e-09
Algorithm converged after  17  iterations.
[1] 1.085842e-06 1.874841e-06 3.658286e-10 7.435541e-10
[1] 1.399818e-06 3.378262e-08 6.307649e-08 5.563584e-08
Algorithm converged after  12  iterations.
[1] 1.085842e-06 1.874841e-06 3.658286e-10 1.054915e-09
[1] 4.743088e-06 1.373747e-06 4.016507e-10 2.218135e-09
Algorithm converged after  20  iterations.
[1] 1.085842e-06 1.874841e-06 7.435541e-10 1.054915e-09
[1] 3.460657e-06 1.287487e-06 8.278291e-10 1.926999e-09
Algorithm converged after  13  iterations.
numeric(0)
Algorithm converged after  1  iterations.
[1] 9.416241e-09
Algorithm converged after  2  iterations.
[1] 1.947625e-08
Algorithm converged after  2  iterations.
[1] 7.002188e-08
Algorithm converged after  2  iterations.
[1] 9.416241e-09 1.433651e-08
Algorithm converged after  2  iterations.
[1] 1.947625e-08 4.333372e-10
Algorithm converged after  2  iterations.
[1] 7.002188e-08 9.444891e-08
Algorithm converged after  2  iterations.
[1] 9.416241e-09 1.947625e-08
Algorithm converged after  2  iterations.
[1] 9.416241e-09 7.002188e-08
Algorithm converged after  2  iterations.
[1] 1.947625e-08 7.002188e-08
Algorithm converged after  2  iterations.
[1] 9.416241e-09 1.433651e-08 1.947625e-08
Algorithm converged after  2  iterations.
[1] 9.416241e-09 1.433651e-08 7.002188e-08
Algorithm converged after  2  iterations.
[1] 9.416241e-09 1.947625e-08 4.333372e-10
Algorithm converged after  2  iterations.
[1] 9.416241e-09 7.002188e-08 9.444891e-08
Algorithm converged after  2  iterations.
[1] 1.947625e-08 4.333372e-10 7.002188e-08
Algorithm converged after  2  iterations.
[1] 1.947625e-08 7.002188e-08 9.444891e-08
Algorithm converged after  2  iterations.
[1] 9.416241e-09 1.947625e-08 7.002188e-08
Algorithm converged after  2  iterations.
[1] 9.416241e-09 1.433651e-08 1.947625e-08 4.333372e-10
Algorithm converged after  2  iterations.
[1] 9.416241e-09 1.433651e-08 7.002188e-08 9.444891e-08
Algorithm converged after  2  iterations.
[1] 1.947625e-08 4.333372e-10 7.002188e-08 9.444891e-08
Algorithm converged after  2  iterations.
[1] 9.416241e-09 1.433651e-08 1.947625e-08 7.002188e-08
Algorithm converged after  2  iterations.
[1] 9.416241e-09 1.947625e-08 4.333372e-10 7.002188e-08
Algorithm converged after  2  iterations.
[1] 9.416241e-09 1.947625e-08 7.002188e-08 9.444891e-08
Algorithm converged after  2  iterations.
[1] 9.849757e-07
Algorithm converged after  2  iterations.
[1] 9.849757e-07 1.503422e-08
Algorithm converged after  6  iterations.
[1] 9.849757e-07 2.515483e-08
Algorithm converged after  6  iterations.
[1] 9.849757e-07 6.213370e-08
Algorithm converged after  10  iterations.
[1] 9.849757e-07 1.503422e-08 3.229923e-10
Algorithm converged after  7  iterations.
[1] 9.849757e-07 2.515483e-08 9.972323e-11
[1] 1.126688e-06 2.852642e-08 9.619737e-11
Algorithm converged after  12  iterations.
[1] 9.849757e-07 6.213370e-08 1.796274e-09
Algorithm converged after  7  iterations.
[1] 9.849757e-07 1.503422e-08 2.515483e-08
Algorithm converged after  7  iterations.
[1] 9.849757e-07 1.503422e-08 6.213370e-08
Algorithm converged after  6  iterations.
[1] 9.849757e-07 2.515483e-08 6.213370e-08
Algorithm converged after  6  iterations.
[1] 9.849757e-07 1.503422e-08 3.229923e-10 2.515483e-08
Algorithm converged after  8  iterations.
[1] 9.849757e-07 1.503422e-08 3.229923e-10 6.213370e-08
Algorithm converged after  7  iterations.
[1] 9.849757e-07 1.503422e-08 2.515483e-08 9.972323e-11
[1] 1.193406e-06 2.031058e-08 2.928001e-08 9.464323e-11
[1] 1.202719e-06 2.019275e-08 2.929396e-08 9.445868e-11
[1] 1.186100e-06 2.026198e-08 2.921219e-08 9.484096e-11
[1] 1.237785e-06 1.924016e-08 2.881107e-08 1.011922e-10
[1] 1.205168e-06 2.030500e-08 2.938450e-08 1.427883e-18
[1] 1.205548e-06 2.032711e-08 2.940243e-08 1.056452e-10
[1] 1.204523e-06 2.027512e-08 2.936730e-08 9.438883e-11
[1] 1.205679e-06 2.036612e-08 2.943123e-08 9.437471e-11
[1] 1.188331e-06 2.039793e-08 2.930063e-08 9.522967e-11
[1] 1.206324e-06 2.041724e-08 2.947562e-08 1.055436e-10
[1] 1.218522e-06 2.082815e-08 2.980393e-08 1.120329e-19
[1] 1.215924e-06 2.073325e-08 2.972867e-08 9.380774e-11
Algorithm converged after  124  iterations.
[1] 9.849757e-07 1.503422e-08 6.213370e-08 1.796274e-09
Algorithm converged after  7  iterations.
[1] 9.849757e-07 2.515483e-08 9.972323e-11 6.213370e-08
Algorithm converged after  7  iterations.
[1] 9.849757e-07 2.515483e-08 6.213370e-08 1.796274e-09
[1] 1.265172e-06 2.779367e-08 9.304361e-08 1.980511e-09
Algorithm converged after  15  iterations.
[1] 9.849757e-07 1.503422e-08 2.515483e-08 6.213370e-08
Algorithm converged after  7  iterations.
[1] 9.849757e-07 2.378632e-08
Algorithm converged after  2  iterations.
[1] 9.849757e-07 2.378632e-08 2.350981e-08
Algorithm converged after  9  iterations.
[1] 9.849757e-07 2.378632e-08 2.911683e-08
Algorithm converged after  8  iterations.
[1] 9.849757e-07 2.378632e-08 1.146415e-07
[1] 1.029626e-06 4.301360e-08 7.648149e-07
[1] 1.030665e-06 4.329641e-08 7.734634e-07
[1] 1.030676e-06 4.329937e-08 7.735539e-07
Algorithm converged after  31  iterations.
[1] 9.849757e-07 2.378632e-08 2.350981e-08 1.206933e-10
Algorithm converged after  9  iterations.
[1] 9.849757e-07 2.378632e-08 2.911683e-08 9.051928e-11
[1] 1.095834e-06 3.345266e-08 3.412634e-08 9.231573e-11
Algorithm converged after  11  iterations.
[1] 9.849757e-07 2.378632e-08 1.146415e-07 8.341299e-10
[1] 1.052534e-06 5.491248e-08 1.014159e-06 1.179005e-09
[1] 1.054514e-06 5.531377e-08 1.028287e-06 1.182944e-09
[1] 1.054536e-06 5.531812e-08 1.028441e-06 1.182987e-09
Algorithm converged after  31  iterations.
[1] 9.849757e-07 2.378632e-08 2.350981e-08 2.911683e-08
[1] 1.323357e-06 5.078119e-08 4.406076e-08 4.167111e-08
Algorithm converged after  12  iterations.
[1] 9.849757e-07 2.378632e-08 2.350981e-08 1.146415e-07
[1] 1.467851e-06 1.160622e-07 8.747254e-08 2.701306e-06
[1] 1.521603e-06 1.236206e-07 9.331255e-08 3.022638e-06
[1] 1.526451e-06 1.242819e-07 9.383295e-08 3.051647e-06
[1] 1.526882e-06 1.243406e-07 9.387920e-08 3.054229e-06
[1] 1.526921e-06 1.243458e-07 9.388331e-08 3.054458e-06
Algorithm converged after  54  iterations.
[1] 9.849757e-07 2.378632e-08 2.911683e-08 1.146415e-07
[1] 1.372854e-06 1.085605e-07 5.877862e-08 2.148498e-06
[1] 1.391518e-06 1.121548e-07 5.995986e-08 2.270622e-06
[1] 1.392328e-06 1.123090e-07 6.001063e-08 2.275917e-06
[1] 1.392363e-06 1.123156e-07 6.001281e-08 2.276145e-06
Algorithm converged after  43  iterations.
numeric(0)
Algorithm converged after  1  iterations.
[1] 1.429461e-08
Algorithm converged after  2  iterations.
[1] 3.598219e-08
Algorithm converged after  2  iterations.
[1] 7.017768e-07
Algorithm converged after  2  iterations.
[1] 1.429461e-08 5.126877e-09
Algorithm converged after  2  iterations.
[1] 3.598219e-08 1.994135e-08
Algorithm converged after  2  iterations.
[1] 7.017768e-07 6.780382e-08
Algorithm converged after  2  iterations.
[1] 1.429461e-08 3.598219e-08
Algorithm converged after  2  iterations.
[1] 1.429461e-08 7.017768e-07
Algorithm converged after  2  iterations.
[1] 3.598219e-08 7.017768e-07
Algorithm converged after  2  iterations.
[1] 1.429461e-08 5.126877e-09 3.598219e-08
Algorithm converged after  2  iterations.
[1] 1.429461e-08 5.126877e-09 7.017768e-07
Algorithm converged after  2  iterations.
[1] 1.429461e-08 3.598219e-08 1.994135e-08
Algorithm converged after  2  iterations.
[1] 1.429461e-08 7.017768e-07 6.780382e-08
Algorithm converged after  2  iterations.
[1] 3.598219e-08 1.994135e-08 7.017768e-07
Algorithm converged after  2  iterations.
[1] 3.598219e-08 7.017768e-07 6.780382e-08
Algorithm converged after  2  iterations.
[1] 1.429461e-08 3.598219e-08 7.017768e-07
Algorithm converged after  2  iterations.
[1] 1.429461e-08 5.126877e-09 3.598219e-08 1.994135e-08
Algorithm converged after  2  iterations.
[1] 1.429461e-08 5.126877e-09 7.017768e-07 6.780382e-08
Algorithm converged after  2  iterations.
[1] 3.598219e-08 1.994135e-08 7.017768e-07 6.780382e-08
Algorithm converged after  2  iterations.
[1] 1.429461e-08 5.126877e-09 3.598219e-08 7.017768e-07
Algorithm converged after  2  iterations.
[1] 1.429461e-08 3.598219e-08 1.994135e-08 7.017768e-07
Algorithm converged after  2  iterations.
[1] 1.429461e-08 3.598219e-08 7.017768e-07 6.780382e-08
Algorithm converged after  2  iterations.
[1] 3.558704e-06
Algorithm converged after  2  iterations.
[1] 3.558704e-06 2.622305e-08
Algorithm converged after  6  iterations.
[1] 3.558704e-06 1.368353e-08
Algorithm converged after  5  iterations.
[1] 3.558704e-06 2.239750e-07
[1] 1.030600e-05 4.222891e-07
Algorithm converged after  14  iterations.
[1] 3.558704e-06 2.622305e-08 3.346312e-10
Algorithm converged after  7  iterations.
[1] 3.558704e-06 1.368353e-08 1.648110e-10
Algorithm converged after  10  iterations.
[1] 3.558704e-06 2.239750e-07 6.183973e-10
[1] 1.452850e-05 5.299260e-07 1.388576e-09
Algorithm converged after  18  iterations.
[1] 3.558704e-06 2.622305e-08 1.368353e-08
Algorithm converged after  6  iterations.
[1] 3.558704e-06 2.622305e-08 2.239750e-07
[1] 1.292645e-05 4.080779e-08 4.961042e-07
Algorithm converged after  15  iterations.
[1] 3.558704e-06 1.368353e-08 2.239750e-07
[1] 1.148630e-05 1.969842e-08 4.565311e-07
Algorithm converged after  14  iterations.
[1] 3.558704e-06 2.622305e-08 3.346312e-10 1.368353e-08
Algorithm converged after  7  iterations.
[1] 3.558704e-06 2.622305e-08 3.346312e-10 2.239750e-07
[1] 1.427621e-05 4.230909e-08 4.090035e-10 5.296205e-07
Algorithm converged after  15  iterations.
[1] 3.558704e-06 2.622305e-08 1.368353e-08 1.648110e-10
Algorithm converged after  10  iterations.
[1] 3.558704e-06 2.622305e-08 2.239750e-07 6.183973e-10
[1] 1.842466e-05 4.724466e-08 6.333620e-07 1.694362e-09
Algorithm converged after  19  iterations.
[1] 3.558704e-06 1.368353e-08 1.648110e-10 2.239750e-07
[1] 9.938117e-06 1.866288e-08 1.385715e-10 4.153833e-07
Algorithm converged after  14  iterations.
[1] 3.558704e-06 1.368353e-08 2.239750e-07 6.183973e-10
[1] 1.652652e-05 2.261136e-08 5.850665e-07 1.556615e-09
Algorithm converged after  18  iterations.
[1] 3.558704e-06 2.622305e-08 1.368353e-08 2.239750e-07
[1] 1.438230e-05 4.266285e-08 2.160423e-08 5.367214e-07
Algorithm converged after  15  iterations.
[1] 3.558704e-06 9.083192e-07
Algorithm converged after  2  iterations.
[1] 3.558704e-06 9.083192e-07 4.315396e-10
Algorithm converged after  6  iterations.
[1] 3.558704e-06 9.083192e-07 6.000713e-10
Algorithm converged after  6  iterations.
[1] 3.558704e-06 9.083192e-07 1.565440e-09
[1] 7.316826e-06 1.142248e-06 2.374109e-09
Algorithm converged after  12  iterations.
[1] 3.558704e-06 9.083192e-07 4.315396e-10 2.224483e-11
Algorithm converged after  8  iterations.
[1] 3.558704e-06 9.083192e-07 6.000713e-10 1.649878e-10
Algorithm converged after  6  iterations.
[1] 3.558704e-06 9.083192e-07 1.565440e-09 5.774122e-10
[1] 8.537669e-06 1.178447e-06 2.586976e-09 8.773610e-10
Algorithm converged after  13  iterations.
[1] 3.558704e-06 9.083192e-07 4.315396e-10 6.000713e-10
Algorithm converged after  7  iterations.
[1] 3.558704e-06 9.083192e-07 4.315396e-10 1.565440e-09
[1] 8.557948e-06 1.279204e-06 4.952841e-10 2.684739e-09
Algorithm converged after  13  iterations.
[1] 3.558704e-06 9.083192e-07 6.000713e-10 1.565440e-09
[1] 7.241712e-06 1.192290e-06 6.165502e-10 2.429672e-09
Algorithm converged after  12  iterations.
numeric(0)
Algorithm converged after  1  iterations.
[1] 2.72381e-08
Algorithm converged after  2  iterations.
[1] 1.491956e-08
Algorithm converged after  2  iterations.
[1] 4.982111e-07
Algorithm converged after  2  iterations.
[1] 2.723810e-08 1.027317e-08
Algorithm converged after  2  iterations.
[1] 1.491956e-08 1.766664e-08
Algorithm converged after  2  iterations.
[1] 4.982111e-07 9.469182e-08
Algorithm converged after  2  iterations.
[1] 2.723810e-08 1.491956e-08
Algorithm converged after  2  iterations.
[1] 2.723810e-08 4.982111e-07
Algorithm converged after  2  iterations.
[1] 1.491956e-08 4.982111e-07
Algorithm converged after  2  iterations.
[1] 2.723810e-08 1.027317e-08 1.491956e-08
Algorithm converged after  2  iterations.
[1] 2.723810e-08 1.027317e-08 4.982111e-07
Algorithm converged after  2  iterations.
[1] 2.723810e-08 1.491956e-08 1.766664e-08
Algorithm converged after  2  iterations.
[1] 2.723810e-08 4.982111e-07 9.469182e-08
Algorithm converged after  2  iterations.
[1] 1.491956e-08 1.766664e-08 4.982111e-07
Algorithm converged after  2  iterations.
[1] 1.491956e-08 4.982111e-07 9.469182e-08
Algorithm converged after  2  iterations.
[1] 2.723810e-08 1.491956e-08 4.982111e-07
Algorithm converged after  2  iterations.
[1] 2.723810e-08 1.027317e-08 1.491956e-08 1.766664e-08
Algorithm converged after  2  iterations.
[1] 2.723810e-08 1.027317e-08 4.982111e-07 9.469182e-08
Algorithm converged after  2  iterations.
[1] 1.491956e-08 1.766664e-08 4.982111e-07 9.469182e-08
Algorithm converged after  2  iterations.
[1] 2.723810e-08 1.027317e-08 1.491956e-08 4.982111e-07
Algorithm converged after  2  iterations.
[1] 2.723810e-08 1.491956e-08 1.766664e-08 4.982111e-07
Algorithm converged after  2  iterations.
[1] 2.723810e-08 1.491956e-08 4.982111e-07 9.469182e-08
Algorithm converged after  2  iterations.
[1] 1.268002e-06
Algorithm converged after  2  iterations.
[1] 1.268002e-06 1.445950e-08
Algorithm converged after  6  iterations.
[1] 1.268002e-06 2.365809e-08
Algorithm converged after  6  iterations.
[1] 1.268002e-06 5.443062e-08
Algorithm converged after  9  iterations.
[1] 1.268002e-06 1.445950e-08 3.293704e-10
Algorithm converged after  7  iterations.
[1] 1.268002e-06 2.365809e-08 1.141633e-10
[1] 1.494856e-06 2.738591e-08 1.180386e-10
Algorithm converged after  13  iterations.
[1] 1.268002e-06 5.443062e-08 1.463515e-09
Algorithm converged after  8  iterations.
[1] 1.268002e-06 1.445950e-08 2.365809e-08
Algorithm converged after  7  iterations.
[1] 1.268002e-06 1.445950e-08 5.443062e-08
Algorithm converged after  7  iterations.
[1] 1.268002e-06 2.365809e-08 5.443062e-08
Algorithm converged after  6  iterations.
[1] 1.268002e-06 1.445950e-08 3.293704e-10 2.365809e-08
Algorithm converged after  8  iterations.
[1] 1.268002e-06 1.445950e-08 3.293704e-10 5.443062e-08
Algorithm converged after  7  iterations.
[1] 1.268002e-06 1.445950e-08 2.365809e-08 1.141633e-10
Algorithm converged after  8  iterations.
[1] 1.268002e-06 1.445950e-08 5.443062e-08 1.463515e-09
[1] 1.555013e-06 1.801543e-08 7.383673e-08 1.873366e-17
[1] 1.401539e-06 1.711940e-08 8.465618e-08 1.485114e-09
[1] 1.379288e-06 1.739164e-08 9.995768e-08 7.654716e-16
[1] 1.557873e-06 1.846587e-08 8.380128e-08 1.606418e-09
Algorithm converged after  44  iterations.
[1] 1.268002e-06 2.365809e-08 1.141633e-10 5.443062e-08
Algorithm converged after  8  iterations.
[1] 1.268002e-06 2.365809e-08 5.443062e-08 1.463515e-09
[1] 1.597978e-06 2.769831e-08 6.981829e-08 4.632242e-11
[1] 1.631478e-06 2.726813e-08 4.551927e-08 1.616053e-09
Algorithm converged after  28  iterations.
[1] 1.268002e-06 1.445950e-08 2.365809e-08 5.443062e-08
Algorithm converged after  8  iterations.
[1] 1.268002e-06 1.136162e-08
Algorithm converged after  2  iterations.
[1] 1.268002e-06 1.136162e-08 2.387150e-08
Algorithm converged after  8  iterations.
[1] 1.268002e-06 1.136162e-08 2.836305e-08
Algorithm converged after  7  iterations.
[1] 1.268002e-06 1.136162e-08 5.227394e-07
[1] 1.250996e-06 4.635995e-08 2.046582e-06
Algorithm converged after  19  iterations.
[1] 1.268002e-06 1.136162e-08 2.387150e-08 8.640089e-11
Algorithm converged after  7  iterations.
[1] 1.268002e-06 1.136162e-08 2.836305e-08 8.355655e-20
[1] 1.508726e-06 1.550473e-08 3.281828e-08 1.017307e-10
Algorithm converged after  15  iterations.
[1] 1.268002e-06 1.136162e-08 5.227394e-07 9.031879e-10
[1] 1.258434e-06 7.264110e-08 2.693699e-06 1.628516e-09
[1] 1.258578e-06 7.279426e-08 2.698845e-06 1.629997e-09
Algorithm converged after  23  iterations.
[1] 1.268002e-06 1.136162e-08 2.387150e-08 2.836305e-08
Algorithm converged after  10  iterations.
[1] 1.268002e-06 1.136162e-08 2.387150e-08 5.227394e-07
[1] 1.471636e-06 7.361770e-08 5.243420e-08 3.035692e-06
[1] 1.471866e-06 7.372789e-08 5.247216e-08 3.039693e-06
Algorithm converged after  22  iterations.
[1] 1.268002e-06 1.136162e-08 2.836305e-08 5.227394e-07
[1] 1.471642e-06 6.482726e-08 4.240877e-08 2.939192e-06
[1] 1.471859e-06 6.497340e-08 4.243507e-08 2.945739e-06
Algorithm converged after  24  iterations.
numeric(0)
Algorithm converged after  1  iterations.
[1] 1.484444e-08
Algorithm converged after  2  iterations.
[1] 2.358912e-08
Algorithm converged after  2  iterations.
[1] 6.858076e-07
Algorithm converged after  2  iterations.
[1] 1.484444e-08 8.399086e-09
Algorithm converged after  2  iterations.
[1] 2.358912e-08 1.496624e-08
Algorithm converged after  2  iterations.
[1] 6.858076e-07 6.009785e-08
Algorithm converged after  2  iterations.
[1] 1.484444e-08 2.358912e-08
Algorithm converged after  2  iterations.
[1] 1.484444e-08 6.858076e-07
Algorithm converged after  2  iterations.
[1] 2.358912e-08 6.858076e-07
Algorithm converged after  2  iterations.
[1] 1.484444e-08 8.399086e-09 2.358912e-08
Algorithm converged after  2  iterations.
[1] 1.484444e-08 8.399086e-09 6.858076e-07
Algorithm converged after  2  iterations.
[1] 1.484444e-08 2.358912e-08 1.496624e-08
Algorithm converged after  2  iterations.
[1] 1.484444e-08 6.858076e-07 6.009785e-08
Algorithm converged after  2  iterations.
[1] 2.358912e-08 1.496624e-08 6.858076e-07
Algorithm converged after  2  iterations.
[1] 2.358912e-08 6.858076e-07 6.009785e-08
Algorithm converged after  2  iterations.
[1] 1.484444e-08 2.358912e-08 6.858076e-07
Algorithm converged after  2  iterations.
[1] 1.484444e-08 8.399086e-09 2.358912e-08 1.496624e-08
Algorithm converged after  2  iterations.
[1] 1.484444e-08 8.399086e-09 6.858076e-07 6.009785e-08
Algorithm converged after  2  iterations.
[1] 2.358912e-08 1.496624e-08 6.858076e-07 6.009785e-08
Algorithm converged after  2  iterations.
[1] 1.484444e-08 8.399086e-09 2.358912e-08 6.858076e-07
Algorithm converged after  2  iterations.
[1] 1.484444e-08 2.358912e-08 1.496624e-08 6.858076e-07
Algorithm converged after  2  iterations.
[1] 1.484444e-08 2.358912e-08 6.858076e-07 6.009785e-08
Algorithm converged after  2  iterations.
[1] 3.385294e-06
Algorithm converged after  2  iterations.
[1] 3.385294e-06 2.860154e-08
Algorithm converged after  6  iterations.
[1] 3.385294e-06 1.848989e-08
Algorithm converged after  5  iterations.
[1] 3.385294e-06 3.097626e-07
[1] 1.292020e-05 7.538899e-07
Algorithm converged after  16  iterations.
[1] 3.385294e-06 2.860154e-08 6.139532e-18
Algorithm converged after  8  iterations.
[1] 3.385294e-06 1.848989e-08 1.972964e-10
[1] 3.062628e-06 1.839837e-08 2.001219e-10
Algorithm converged after  11  iterations.
[1] 3.385294e-06 3.097626e-07 5.780987e-10
[1] 1.821387e-05 9.786924e-07 5.153526e-16
[1] 1.835774e-05 9.870574e-07 1.333789e-09
[1] 1.585657e-05 8.839121e-07 1.172729e-09
[1] 1.513872e-05 8.556631e-07 1.144801e-09
[1] 1.849557e-05 9.969389e-07 1.345645e-09
Algorithm converged after  58  iterations.
[1] 3.385294e-06 2.860154e-08 1.848989e-08
Algorithm converged after  7  iterations.
[1] 3.385294e-06 2.860154e-08 3.097626e-07
[1] 1.679388e-05 5.290194e-08 9.261275e-07
Algorithm converged after  18  iterations.
[1] 3.385294e-06 1.848989e-08 3.097626e-07
[1] 1.418501e-05 2.334582e-08 8.150318e-07
Algorithm converged after  16  iterations.
[1] 3.385294e-06 2.860154e-08 6.139532e-18 1.848989e-08
Algorithm converged after  9  iterations.
[1] 3.385294e-06 2.860154e-08 6.139532e-18 3.097626e-07
[1] 1.858004e-05 5.542033e-08 2.379511e-10 9.995138e-07
Algorithm converged after  18  iterations.
[1] 3.385294e-06 2.860154e-08 1.848989e-08 1.972964e-10
Algorithm converged after  10  iterations.
[1] 3.385294e-06 2.860154e-08 3.097626e-07 5.780987e-10
[1] 2.004958e-05 5.765983e-08 1.062366e-06 1.353992e-09
[1] 1.966302e-05 5.715969e-08 1.047411e-06 1.343239e-09
[1] 1.963332e-05 5.714169e-08 1.047071e-06 1.344539e-09
[1] 2.222015e-05 6.087187e-08 1.155437e-06 1.491073e-09
[1] 1.972700e-05 5.724211e-08 1.051702e-06 1.341556e-09
[1] 2.186168e-05 6.027714e-08 1.141063e-06 1.451516e-09
[1] 2.339196e-05 6.245080e-08 1.204616e-06 1.537600e-09
Algorithm converged after  77  iterations.
[1] 3.385294e-06 1.848989e-08 1.972964e-10 3.097626e-07
[1] 1.242322e-05 2.271644e-08 1.689815e-10 7.404637e-07
Algorithm converged after  17  iterations.
[1] 3.385294e-06 1.848989e-08 3.097626e-07 5.780987e-10
[1] 1.839301e-05 2.475718e-08 9.946231e-07 1.275477e-09
[1] 1.983248e-05 2.522709e-08 1.055149e-06 6.385873e-21
[1] 1.810074e-05 2.465508e-08 9.833169e-07 1.114018e-17
[1] 1.923481e-05 2.493351e-08 1.032830e-06 1.295428e-09
[1] 1.970070e-05 2.514927e-08 1.055351e-06 1.344272e-09
[1] 1.974219e-05 2.516292e-08 1.057099e-06 1.346461e-09
Algorithm converged after  62  iterations.
[1] 3.385294e-06 2.860154e-08 1.848989e-08 3.097626e-07
[1] 1.847403e-05 5.546662e-08 2.485952e-08 1.003328e-06
Algorithm converged after  18  iterations.
[1] 3.385294e-06 9.425499e-07
Algorithm converged after  2  iterations.
[1] 3.385294e-06 9.425499e-07 2.419983e-10
Algorithm converged after  6  iterations.
[1] 3.385294e-06 9.425499e-07 1.867620e-10
Algorithm converged after  7  iterations.
[1] 3.385294e-06 9.425499e-07 1.242976e-09
[1] 7.836809e-06 1.151472e-06 2.447140e-09
Algorithm converged after  13  iterations.
[1] 3.385294e-06 9.425499e-07 2.419983e-10 5.657675e-11
Algorithm converged after  7  iterations.
[1] 3.385294e-06 9.425499e-07 1.867620e-10 5.140570e-10
[1] 8.791042e-08 3.789577e-09 2.101238e-08 1.315608e-08
[1] 8.792550e-08 3.789620e-09 2.100920e-08 1.315321e-08
Algorithm converged after  26  iterations.
[1] 3.385294e-06 9.425499e-07 1.242976e-09 1.092382e-09
[1] 1.001749e-05 1.186383e-06 2.540672e-09 1.628174e-09
Algorithm converged after  14  iterations.
[1] 3.385294e-06 9.425499e-07 2.419983e-10 1.867620e-10
Algorithm converged after  7  iterations.
[1] 3.385294e-06 9.425499e-07 2.419983e-10 1.242976e-09
[1] 8.570149e-06 1.191332e-06 2.805642e-10 2.396101e-09
Algorithm converged after  16  iterations.
[1] 3.385294e-06 9.425499e-07 1.867620e-10 1.242976e-09
[1] 4.387663e-06 1.028940e-06 4.284452e-10 1.010999e-09
[1] 4.886603e-06 9.516197e-07 4.220232e-10 1.030582e-09
[1] 4.887556e-06 9.516736e-07 4.220243e-10 1.030685e-09
[1] 4.888519e-06 9.517274e-07 4.220251e-10 1.030789e-09
[1] 4.889481e-06 9.517811e-07 4.220259e-10 1.030893e-09
[1] 4.890441e-06 9.518346e-07 4.220266e-10 1.030998e-09
[1] 4.891403e-06 9.518884e-07 4.220274e-10 1.031102e-09
[1] 4.892363e-06 9.519421e-07 4.220282e-10 1.031206e-09
[1] 4.893323e-06 9.519958e-07 4.220290e-10 1.031310e-09
[1] 4.894283e-06 9.520494e-07 4.220297e-10 1.031415e-09
[1] 4.895242e-06 9.521030e-07 4.220305e-10 1.031519e-09
[1] 4.896200e-06 9.521566e-07 4.220312e-10 1.031623e-09
[1] 4.897158e-06 9.522102e-07 4.220320e-10 1.031728e-09
[1] 4.898116e-06 9.522637e-07 4.220327e-10 1.031832e-09
[1] 4.899073e-06 9.523172e-07 4.220334e-10 1.031937e-09
[1] 4.900029e-06 9.523708e-07 4.220342e-10 1.032041e-09
[1] 4.900985e-06 9.524243e-07 4.220349e-10 1.032146e-09
[1] 4.901941e-06 9.524777e-07 4.220356e-10 1.032250e-09
[1] 4.902896e-06 9.525312e-07 4.220363e-10 1.032355e-09
[1] 4.903850e-06 9.525847e-07 4.220371e-10 1.032460e-09
[1] 4.904804e-06 9.526381e-07 4.220378e-10 1.032564e-09
[1] 4.905758e-06 9.526915e-07 4.220385e-10 1.032669e-09
[1] 4.906711e-06 9.527449e-07 4.220392e-10 1.032774e-09
[1] 4.907660e-06 9.527977e-07 4.220396e-10 1.032879e-09
[1] 4.908615e-06 9.528515e-07 4.220405e-10 1.032984e-09
[1] 4.909567e-06 9.529050e-07 4.220412e-10 1.033088e-09
[1] 4.910519e-06 9.529583e-07 4.220419e-10 1.033193e-09
