myseed=9190 

Attaching package: ‘pls’

The following object is masked from ‘package:stats’:

    loadings

Loading required package: lattice
Loading required package: ggplot2
Registered S3 methods overwritten by 'ggplot2':
  method         from 
  [.quosures     rlang
  c.quosures     rlang
  print.quosures rlang

Attaching package: ‘caret’

The following object is masked from ‘package:pls’:

    R2

Loading required package: Matrix
Loading required package: foreach
Loaded glmnet 2.0-18

Parsed with column specification:
cols(
  .default = col_double()
)
See spec(...) for full column specifications.
Parsed with column specification:
cols(
  X1 = col_double()
)
Parsed with column specification:
cols(
  X1 = col_double()
)
numeric(0)
Algorithm converged after  1  iterations.
[1] 3.249494e-05
Algorithm converged after  2  iterations.
[1] 6.975743e-05
Algorithm converged after  2  iterations.
[1] 8.960956e-05
Algorithm converged after  2  iterations.
[1] 3.249494e-05 1.112713e-05
Algorithm converged after  2  iterations.
[1] 6.975743e-05 7.786489e-06
Algorithm converged after  2  iterations.
[1] 8.960956e-05 5.620758e-05
Algorithm converged after  2  iterations.
[1] 3.249494e-05 6.975743e-05
Algorithm converged after  2  iterations.
[1] 3.249494e-05 8.960956e-05
Algorithm converged after  2  iterations.
[1] 6.975743e-05 8.960956e-05
Algorithm converged after  2  iterations.
[1] 3.249494e-05 1.112713e-05 6.975743e-05
Algorithm converged after  2  iterations.
[1] 3.249494e-05 1.112713e-05 8.960956e-05
Algorithm converged after  2  iterations.
[1] 3.249494e-05 6.975743e-05 7.786489e-06
Algorithm converged after  2  iterations.
[1] 3.249494e-05 8.960956e-05 5.620758e-05
Algorithm converged after  2  iterations.
[1] 6.975743e-05 7.786489e-06 8.960956e-05
Algorithm converged after  2  iterations.
[1] 6.975743e-05 8.960956e-05 5.620758e-05
Algorithm converged after  2  iterations.
[1] 3.249494e-05 6.975743e-05 8.960956e-05
Algorithm converged after  2  iterations.
[1] 3.249494e-05 1.112713e-05 6.975743e-05 7.786489e-06
Algorithm converged after  2  iterations.
[1] 3.249494e-05 1.112713e-05 8.960956e-05 5.620758e-05
Algorithm converged after  2  iterations.
[1] 6.975743e-05 7.786489e-06 8.960956e-05 5.620758e-05
Algorithm converged after  2  iterations.
[1] 3.249494e-05 1.112713e-05 6.975743e-05 8.960956e-05
Algorithm converged after  2  iterations.
[1] 3.249494e-05 6.975743e-05 7.786489e-06 8.960956e-05
Algorithm converged after  2  iterations.
[1] 3.249494e-05 6.975743e-05 8.960956e-05 5.620758e-05
Algorithm converged after  2  iterations.
[1] 0.0004576938
Algorithm converged after  2  iterations.
[1] 4.576938e-04 9.595385e-06
Algorithm converged after  7  iterations.
[1] 4.576938e-04 1.361553e-05
Algorithm converged after  9  iterations.
[1] 0.0004576938 0.0001847020
[1] 0.0007439321 0.0004010921
Algorithm converged after  15  iterations.
[1] 4.576938e-04 9.595385e-06 7.509019e-06
Algorithm converged after  9  iterations.
[1] 4.576938e-04 1.361553e-05 4.493087e-06
[1] 4.000195e-04 1.309652e-05 4.817453e-06
Algorithm converged after  11  iterations.
[1] 4.576938e-04 1.847020e-04 9.855481e-06
[1] 9.270580e-04 3.751594e-04 1.416041e-05
Algorithm converged after  14  iterations.
[1] 4.576938e-04 9.595385e-06 1.361553e-05
Algorithm converged after  7  iterations.
[1] 4.576938e-04 9.595385e-06 1.847020e-04
[1] 0.0008384662 0.0000161184 0.0005385314
Algorithm converged after  18  iterations.
[1] 4.576938e-04 1.361553e-05 1.847020e-04
[1] 7.511791e-04 1.493072e-05 3.499368e-04
Algorithm converged after  13  iterations.
[1] 4.576938e-04 9.595385e-06 7.509019e-06 1.361553e-05
[1] 6.144703e-04 9.990763e-06 7.966881e-06 1.661924e-05
Algorithm converged after  11  iterations.
[1] 4.576938e-04 9.595385e-06 7.509019e-06 1.847020e-04
[1] 9.093198e-04 1.064232e-05 8.405748e-06 3.927385e-04
Algorithm converged after  16  iterations.
[1] 4.576938e-04 9.595385e-06 1.361553e-05 4.493087e-06
[1] 4.050529e-04 9.704274e-06 1.298269e-05 4.843326e-06
Algorithm converged after  11  iterations.
[1] 4.576938e-04 9.595385e-06 1.847020e-04 9.855481e-06
[1] 1.157591e-03 1.183122e-05 4.835839e-04 1.633369e-05
[1] 1.162743e-03 1.185009e-05 4.858219e-04 1.638362e-05
Algorithm converged after  30  iterations.
[1] 4.576938e-04 1.361553e-05 4.493087e-06 1.847020e-04
[1] 6.302999e-04 1.565102e-05 4.421108e-06 2.774252e-04
Algorithm converged after  14  iterations.
[1] 4.576938e-04 1.361553e-05 1.847020e-04 9.855481e-06
[1] 1.013402e-03 2.099436e-05 4.115488e-04 1.486131e-05
Algorithm converged after  15  iterations.
[1] 4.576938e-04 9.595385e-06 1.361553e-05 1.847020e-04
[1] 8.259676e-04 1.282835e-05 1.212539e-05 4.463656e-04
Algorithm converged after  15  iterations.
[1] 0.0004576938 0.0001121634
Algorithm converged after  2  iterations.
[1] 4.576938e-04 1.121634e-04 1.103016e-05
[1] 5.523692e-04 2.982713e-05 1.239510e-05
Algorithm converged after  13  iterations.
[1] 4.576938e-04 1.121634e-04 1.378235e-05
Algorithm converged after  10  iterations.
[1] 4.576938e-04 1.121634e-04 5.065920e-06
[1] 1.470609e-03 3.908951e-04 7.294927e-05
[1] 1.468319e-03 3.905289e-04 7.283746e-05
Algorithm converged after  29  iterations.
[1] 4.576938e-04 1.121634e-04 1.103016e-05 4.383832e-06
[1] 5.398892e-04 4.956350e-05 1.492563e-05 5.883513e-06
[1] 5.398769e-04 4.959245e-05 1.492484e-05 5.883681e-06
Algorithm converged after  25  iterations.
[1] 4.576938e-04 1.121634e-04 1.378235e-05 3.737967e-06
[1] 4.902500e-04 2.662923e-05 2.859643e-05 4.645904e-06
[1] 4.902139e-04 2.666102e-05 2.859419e-05 4.648311e-06
[1] 4.902131e-04 2.666193e-05 2.859405e-05 4.648379e-06
Algorithm converged after  34  iterations.
[1] 4.576938e-04 1.121634e-04 5.065920e-06 3.281728e-06
[1] 4.978132e-04 1.833776e-04 6.571165e-06 3.006146e-06
[1] 4.935810e-04 1.727573e-04 7.959528e-06 2.088627e-06
[1] 4.896263e-04 1.688596e-04 8.120341e-06 1.957178e-06
[1] 4.878870e-04 1.657699e-04 8.256781e-06 1.864792e-06
[1] 4.881381e-04 1.618075e-04 8.455720e-06 1.767626e-06
[1] 4.994883e-04 1.569576e-04 8.906135e-06 1.704642e-06
[1] 5.516026e-04 1.556273e-04 1.023231e-05 1.765340e-06
[1] 8.225070e-04 2.963790e-04 1.554768e-05 3.143116e-06
[1] 6.295050e-04 1.663528e-04 1.486090e-05 3.083908e-06
[1] 6.254645e-04 1.660116e-04 1.483841e-05 3.076512e-06
[1] 6.254076e-04 1.661112e-04 1.483873e-05 3.074573e-06
[1] 6.254050e-04 1.661171e-04 1.483875e-05 3.074460e-06
Algorithm converged after  127  iterations.
[1] 4.576938e-04 1.121634e-04 1.103016e-05 1.378235e-05
[1] 8.899959e-04 2.403043e-04 2.377779e-05 3.296098e-05
[1] 8.873587e-04 2.387992e-04 2.370482e-05 3.286539e-05
[1] 8.872520e-04 2.387410e-04 2.370195e-05 3.286175e-05
Algorithm converged after  36  iterations.
[1] 4.576938e-04 1.121634e-04 1.103016e-05 5.065920e-06
[1] 1.000940e-03 3.246117e-04 2.436111e-05 3.644653e-05
[1] 9.971966e-04 3.238908e-04 2.430018e-05 3.623777e-05
Algorithm converged after  25  iterations.
[1] 4.576938e-04 1.121634e-04 1.378235e-05 5.065920e-06
[1] 7.727008e-04 2.488390e-04 2.953943e-05 2.690213e-05
[1] 7.603358e-04 2.449952e-04 2.922897e-05 2.612645e-05
[1] 7.599074e-04 2.448598e-04 2.921821e-05 2.609946e-05
Algorithm converged after  39  iterations.
numeric(0)
Algorithm converged after  1  iterations.
[1] 3.122655e-05
Algorithm converged after  2  iterations.
[1] 8.898985e-05
Algorithm converged after  2  iterations.
[1] 8.002072e-05
Algorithm converged after  2  iterations.
[1] 3.122655e-05 1.136088e-05
Algorithm converged after  2  iterations.
[1] 8.898985e-05 3.825552e-06
Algorithm converged after  2  iterations.
[1] 8.002072e-05 4.461108e-05
Algorithm converged after  2  iterations.
[1] 3.122655e-05 8.898985e-05
Algorithm converged after  2  iterations.
[1] 3.122655e-05 8.002072e-05
Algorithm converged after  2  iterations.
[1] 8.898985e-05 8.002072e-05
Algorithm converged after  2  iterations.
[1] 3.122655e-05 1.136088e-05 8.898985e-05
Algorithm converged after  2  iterations.
[1] 3.122655e-05 1.136088e-05 8.002072e-05
Algorithm converged after  2  iterations.
[1] 3.122655e-05 8.898985e-05 3.825552e-06
Algorithm converged after  2  iterations.
[1] 3.122655e-05 8.002072e-05 4.461108e-05
Algorithm converged after  2  iterations.
[1] 8.898985e-05 3.825552e-06 8.002072e-05
Algorithm converged after  2  iterations.
[1] 8.898985e-05 8.002072e-05 4.461108e-05
Algorithm converged after  2  iterations.
[1] 3.122655e-05 8.898985e-05 8.002072e-05
Algorithm converged after  2  iterations.
[1] 3.122655e-05 1.136088e-05 8.898985e-05 3.825552e-06
Algorithm converged after  2  iterations.
[1] 3.122655e-05 1.136088e-05 8.002072e-05 4.461108e-05
Algorithm converged after  2  iterations.
[1] 8.898985e-05 3.825552e-06 8.002072e-05 4.461108e-05
Algorithm converged after  2  iterations.
[1] 3.122655e-05 1.136088e-05 8.898985e-05 8.002072e-05
Algorithm converged after  2  iterations.
[1] 3.122655e-05 8.898985e-05 3.825552e-06 8.002072e-05
Algorithm converged after  2  iterations.
[1] 3.122655e-05 8.898985e-05 8.002072e-05 4.461108e-05
Algorithm converged after  2  iterations.
[1] 0.0004869253
Algorithm converged after  2  iterations.
[1] 4.869253e-04 1.060319e-05
Algorithm converged after  7  iterations.
[1] 4.869253e-04 1.095335e-05
Algorithm converged after  10  iterations.
[1] 0.0004869253 0.0001710555
[1] 0.0007812052 0.0003649750
Algorithm converged after  15  iterations.
[1] 4.869253e-04 1.060319e-05 7.889513e-06
Algorithm converged after  9  iterations.
[1] 4.869253e-04 1.095335e-05 3.767998e-06
[1] 4.357789e-04 1.099697e-05 4.142715e-06
Algorithm converged after  11  iterations.
[1] 4.869253e-04 1.710555e-04 1.136804e-05
[1] 9.995488e-04 3.379337e-04 1.645264e-05
Algorithm converged after  15  iterations.
[1] 4.869253e-04 1.060319e-05 1.095335e-05
Algorithm converged after  10  iterations.
[1] 4.869253e-04 1.060319e-05 1.710555e-04
[1] 9.061294e-04 2.032335e-05 5.093825e-04
Algorithm converged after  19  iterations.
[1] 4.869253e-04 1.095335e-05 1.710555e-04
[1] 7.623253e-04 9.932384e-06 3.124592e-04
Algorithm converged after  14  iterations.
[1] 4.869253e-04 1.060319e-05 7.889513e-06 1.095335e-05
[1] 6.531661e-04 1.163930e-05 7.421155e-06 1.375075e-05
Algorithm converged after  14  iterations.
[1] 4.869253e-04 1.060319e-05 7.889513e-06 1.710555e-04
[1] 9.422659e-04 1.270193e-05 8.961267e-06 3.376757e-04
Algorithm converged after  14  iterations.
[1] 4.869253e-04 1.060319e-05 1.095335e-05 3.767998e-06
[1] 4.708356e-04 1.065423e-05 1.098618e-05 4.034093e-06
Algorithm converged after  13  iterations.
[1] 4.869253e-04 1.060319e-05 1.710555e-04 1.136804e-05
[1] 1.343288e-03 1.496991e-05 4.575938e-04 1.991263e-05
[1] 1.346603e-03 1.498795e-05 4.587230e-04 1.994844e-05
Algorithm converged after  26  iterations.
[1] 4.869253e-04 1.095335e-05 3.767998e-06 1.710555e-04
[1] 6.677049e-04 1.211283e-05 3.828414e-06 2.489356e-04
Algorithm converged after  15  iterations.
[1] 4.869253e-04 1.095335e-05 1.710555e-04 1.136804e-05
[1] 1.047267e-03 1.524764e-05 3.540648e-04 1.686649e-05
Algorithm converged after  15  iterations.
[1] 4.869253e-04 1.060319e-05 1.095335e-05 1.710555e-04
[1] 8.607619e-04 1.642110e-05 7.247195e-06 4.225119e-04
Algorithm converged after  15  iterations.
[1] 0.0004869253 0.0001094529
Algorithm converged after  2  iterations.
[1] 4.869253e-04 1.094529e-04 1.360809e-05
[1] 5.531543e-04 3.079531e-05 2.541834e-05
Algorithm converged after  17  iterations.
[1] 4.869253e-04 1.094529e-04 1.182479e-05
[1] 5.616672e-04 3.049995e-05 5.301413e-05
Algorithm converged after  11  iterations.
[1] 4.869253e-04 1.094529e-04 5.891157e-06
[1] 0.0013699723 0.0002888614 0.0003352774
[1] 0.0013573499 0.0002855759 0.0003303584
[1] 0.0013539919 0.0002848930 0.0003292914
[1] 0.0013535794 0.0002848013 0.0003291610
[1] 0.0013535254 0.0002847889 0.0003291439
Algorithm converged after  54  iterations.
[1] 4.869253e-04 1.094529e-04 1.360809e-05 4.107965e-06
[1] 5.836129e-04 6.796953e-05 1.919117e-05 5.211315e-06
Algorithm converged after  15  iterations.
[1] 4.869253e-04 1.094529e-04 1.182479e-05 3.285659e-06
[1] 5.520829e-04 2.861394e-05 2.313380e-05 4.223731e-06
[1] 5.518554e-04 2.858862e-05 2.318915e-05 4.226196e-06
[1] 5.516478e-04 2.854071e-05 2.324270e-05 4.226567e-06
[1] 5.513821e-04 2.847275e-05 2.334074e-05 4.226169e-06
[1] 5.508248e-04 2.840502e-05 2.358919e-05 4.229091e-06
[1] 5.496546e-04 2.842407e-05 2.411792e-05 4.244332e-06
[1] 5.481641e-04 2.859358e-05 2.476289e-05 4.272130e-06
[1] 5.472018e-04 2.879378e-05 2.516117e-05 4.295465e-06
[1] 5.468240e-04 2.892654e-05 2.531276e-05 4.307930e-06
[1] 5.467061e-04 2.899877e-05 2.535858e-05 4.313711e-06
[1] 5.466724e-04 2.903636e-05 2.537097e-05 4.316407e-06
[1] 5.466631e-04 2.905593e-05 2.537397e-05 4.317717e-06
[1] 5.466606e-04 2.906620e-05 2.537452e-05 4.318377e-06
[1] 5.466600e-04 2.907163e-05 2.537452e-05 4.318717e-06
[1] 5.466599e-04 2.907451e-05 2.537444e-05 4.318896e-06
[1] 5.466599e-04 2.907604e-05 2.537436e-05 4.318990e-06
[1] 5.466599e-04 2.907686e-05 2.537432e-05 4.319040e-06
[1] 5.466600e-04 2.907729e-05 2.537429e-05 4.319067e-06
[1] 5.466600e-04 2.907752e-05 2.537428e-05 4.319081e-06
[1] 5.466600e-04 2.907765e-05 2.537427e-05 4.319089e-06
[1] 5.466600e-04 2.907771e-05 2.537427e-05 4.319093e-06
[1] 5.466600e-04 2.907775e-05 2.537427e-05 4.319095e-06
[1] 5.466600e-04 2.907777e-05 2.537426e-05 4.319096e-06
Algorithm converged after  238  iterations.
[1] 4.869253e-04 1.094529e-04 5.891157e-06 3.364138e-06
[1] 4.509268e-04 5.760426e-05 8.773978e-06 4.633859e-06
[1] 4.524156e-04 6.049955e-05 8.729163e-06 4.691106e-06
[1] 4.539209e-04 6.422171e-05 8.642023e-06 4.698547e-06
[1] 4.542270e-04 6.506884e-05 8.619497e-06 4.692176e-06
[1] 4.542633e-04 6.516696e-05 8.616867e-06 4.690801e-06
[1] 4.542686e-04 6.517904e-05 8.616561e-06 4.690529e-06
[1] 4.542698e-04 6.518105e-05 8.616512e-06 4.690466e-06
[1] 4.542701e-04 6.518149e-05 8.616501e-06 4.690450e-06
[1] 4.542702e-04 6.518160e-05 8.616499e-06 4.690446e-06
Algorithm converged after  93  iterations.
[1] 4.869253e-04 1.094529e-04 1.360809e-05 1.182479e-05
[1] 6.922676e-04 7.797009e-05 2.282156e-05 2.803542e-05
[1] 6.452597e-04 5.232103e-05 2.030121e-05 2.554794e-05
[1] 6.438822e-04 5.150603e-05 2.021748e-05 2.545623e-05
[1] 6.438558e-04 5.149028e-05 2.021586e-05 2.545445e-05
Algorithm converged after  44  iterations.
[1] 4.869253e-04 1.094529e-04 1.360809e-05 5.891157e-06
[1] 1.021578e-03 3.039405e-04 3.451242e-05 4.276155e-05
[1] 1.022326e-03 3.040587e-04 3.452937e-05 4.281344e-05
Algorithm converged after  27  iterations.
[1] 4.869253e-04 1.094529e-04 1.182479e-05 5.891157e-06
[1] 6.862953e-04 1.778122e-04 2.975414e-05 2.173220e-05
[1] 6.699123e-04 1.709041e-04 2.918834e-05 2.051572e-05
[1] 6.694971e-04 1.707223e-04 2.917391e-05 2.048538e-05
Algorithm converged after  39  iterations.
numeric(0)
Algorithm converged after  1  iterations.
[1] 4.978893e-05
Algorithm converged after  2  iterations.
[1] 8.269213e-05
Algorithm converged after  2  iterations.
[1] 7.382265e-05
Algorithm converged after  2  iterations.
[1] 4.978893e-05 1.493462e-05
Algorithm converged after  2  iterations.
[1] 8.269213e-05 4.169368e-06
Algorithm converged after  2  iterations.
[1] 7.382265e-05 4.433270e-05
Algorithm converged after  2  iterations.
[1] 4.978893e-05 8.269213e-05
Algorithm converged after  2  iterations.
[1] 4.978893e-05 7.382265e-05
Algorithm converged after  2  iterations.
[1] 8.269213e-05 7.382265e-05
Algorithm converged after  2  iterations.
[1] 4.978893e-05 1.493462e-05 8.269213e-05
Algorithm converged after  2  iterations.
[1] 4.978893e-05 1.493462e-05 7.382265e-05
Algorithm converged after  2  iterations.
[1] 4.978893e-05 8.269213e-05 4.169368e-06
Algorithm converged after  2  iterations.
[1] 4.978893e-05 7.382265e-05 4.433270e-05
Algorithm converged after  2  iterations.
[1] 8.269213e-05 4.169368e-06 7.382265e-05
Algorithm converged after  2  iterations.
[1] 8.269213e-05 7.382265e-05 4.433270e-05
Algorithm converged after  2  iterations.
[1] 4.978893e-05 8.269213e-05 7.382265e-05
Algorithm converged after  2  iterations.
[1] 4.978893e-05 1.493462e-05 8.269213e-05 4.169368e-06
Algorithm converged after  2  iterations.
[1] 4.978893e-05 1.493462e-05 7.382265e-05 4.433270e-05
Algorithm converged after  2  iterations.
[1] 8.269213e-05 4.169368e-06 7.382265e-05 4.433270e-05
Algorithm converged after  2  iterations.
[1] 4.978893e-05 1.493462e-05 8.269213e-05 7.382265e-05
Algorithm converged after  2  iterations.
[1] 4.978893e-05 8.269213e-05 4.169368e-06 7.382265e-05
Algorithm converged after  2  iterations.
[1] 4.978893e-05 8.269213e-05 7.382265e-05 4.433270e-05
Algorithm converged after  2  iterations.
[1] 0.0005144816
Algorithm converged after  2  iterations.
[1] 5.144816e-04 1.027608e-05
Algorithm converged after  7  iterations.
[1] 5.144816e-04 1.564121e-05
Algorithm converged after  9  iterations.
[1] 0.0005144816 0.0001491222
[1] 0.0007401887 0.0003006823
Algorithm converged after  13  iterations.
[1] 5.144816e-04 1.027608e-05 7.573279e-06
Algorithm converged after  8  iterations.
[1] 5.144816e-04 1.564121e-05 3.889823e-06
[1] 5.054649e-04 1.576293e-05 4.130081e-06
Algorithm converged after  11  iterations.
[1] 5.144816e-04 1.491222e-04 1.031216e-05
[1] 9.028002e-04 2.583241e-04 1.375385e-05
Algorithm converged after  13  iterations.
[1] 5.144816e-04 1.027608e-05 1.564121e-05
Algorithm converged after  7  iterations.
[1] 5.144816e-04 1.027608e-05 1.491222e-04
[1] 0.0007983558 0.0000164271 0.0003900026
Algorithm converged after  16  iterations.
[1] 5.144816e-04 1.564121e-05 1.491222e-04
[1] 7.383120e-04 1.581476e-05 2.494929e-04
Algorithm converged after  12  iterations.
[1] 5.144816e-04 1.027608e-05 7.573279e-06 1.564121e-05
Algorithm converged after  9  iterations.
[1] 5.144816e-04 1.027608e-05 7.573279e-06 1.491222e-04
[1] 8.611096e-04 1.101394e-05 8.357593e-06 2.633039e-04
Algorithm converged after  13  iterations.
[1] 5.144816e-04 1.027608e-05 1.564121e-05 3.889823e-06
[1] 5.088048e-04 1.044953e-05 1.553306e-05 4.066791e-06
Algorithm converged after  13  iterations.
[1] 5.144816e-04 1.027608e-05 1.491222e-04 1.031216e-05
[1] 1.026771e-03 1.193095e-05 3.005816e-04 1.491733e-05
Algorithm converged after  20  iterations.
[1] 5.144816e-04 1.564121e-05 3.889823e-06 1.491222e-04
[1] 7.129467e-04 1.784133e-05 4.056720e-06 2.242283e-04
Algorithm converged after  15  iterations.
[1] 5.144816e-04 1.564121e-05 1.491222e-04 1.031216e-05
[1] 9.644642e-04 2.130012e-05 2.756738e-04 1.427554e-05
Algorithm converged after  13  iterations.
[1] 5.144816e-04 1.027608e-05 1.564121e-05 1.491222e-04
[1] 7.807721e-04 1.336034e-05 1.286842e-05 3.143086e-04
Algorithm converged after  14  iterations.
[1] 5.144816e-04 9.161555e-05
Algorithm converged after  2  iterations.
[1] 5.144816e-04 9.161555e-05 1.047391e-05
[1] 6.244857e-04 2.897076e-05 1.179088e-05
Algorithm converged after  12  iterations.
[1] 5.144816e-04 9.161555e-05 1.384876e-05
[1] 5.765054e-04 2.124938e-05 4.858842e-05
Algorithm converged after  14  iterations.
[1] 5.144816e-04 9.161555e-05 5.422510e-06
[1] 0.0015892097 0.0003568071 0.0002273227
[1] 0.0015901845 0.0003565549 0.0002270715
[1] 0.0015884908 0.0003563227 0.0002267891
[1] 0.0015883553 0.0003563004 0.0002267669
Algorithm converged after  45  iterations.
[1] 5.144816e-04 9.161555e-05 1.047391e-05 4.153871e-06
[1] 5.906473e-04 6.084320e-05 1.344547e-05 5.049040e-06
Algorithm converged after  13  iterations.
[1] 5.144816e-04 9.161555e-05 1.384876e-05 3.578625e-06
[1] 5.967929e-04 1.837566e-05 4.299376e-05 4.890043e-06
[1] 5.967773e-04 1.838008e-05 4.299104e-05 4.891238e-06
Algorithm converged after  27  iterations.
[1] 5.144816e-04 9.161555e-05 5.422510e-06 3.309569e-06
[1] 4.820750e-04 3.701639e-05 8.918021e-06 6.995312e-06
[1] 4.781518e-04 3.272436e-05 9.728279e-06 7.390711e-06
[1] 4.780094e-04 3.257288e-05 9.764908e-06 7.398194e-06
[1] 4.780052e-04 3.256845e-05 9.765988e-06 7.398409e-06
Algorithm converged after  43  iterations.
[1] 5.144816e-04 9.161555e-05 1.047391e-05 1.384876e-05
[1] 8.405171e-04 1.617254e-04 2.034297e-05 3.113337e-05
[1] 7.990976e-04 1.390968e-04 1.912458e-05 2.964869e-05
[1] 7.808680e-04 1.287903e-04 1.856713e-05 2.895607e-05
[1] 7.717300e-04 1.235109e-04 1.828070e-05 2.859646e-05
[1] 7.669804e-04 1.207344e-04 1.812972e-05 2.840579e-05
[1] 7.644831e-04 1.192652e-04 1.804971e-05 2.830443e-05
[1] 7.631645e-04 1.184868e-04 1.800728e-05 2.825059e-05
[1] 7.624673e-04 1.180745e-04 1.798480e-05 2.822202e-05
[1] 7.620983e-04 1.178561e-04 1.797289e-05 2.820688e-05
[1] 7.619031e-04 1.177404e-04 1.796658e-05 2.819886e-05
[1] 7.617997e-04 1.176792e-04 1.796323e-05 2.819461e-05
[1] 7.617449e-04 1.176468e-04 1.796146e-05 2.819236e-05
[1] 7.617159e-04 1.176296e-04 1.796053e-05 2.819117e-05
[1] 7.617006e-04 1.176205e-04 1.796003e-05 2.819054e-05
[1] 7.616925e-04 1.176157e-04 1.795977e-05 2.819021e-05
[1] 7.616882e-04 1.176131e-04 1.795963e-05 2.819003e-05
Algorithm converged after  169  iterations.
[1] 5.144816e-04 9.161555e-05 1.047391e-05 5.422510e-06
[1] 9.758066e-04 3.059427e-04 2.279229e-05 3.167729e-05
[1] 9.742240e-04 3.055298e-04 2.276265e-05 3.158325e-05
Algorithm converged after  24  iterations.
[1] 5.144816e-04 9.161555e-05 1.384876e-05 5.422510e-06
[1] 7.664772e-04 2.077933e-04 3.123064e-05 2.599493e-05
[1] 7.354202e-04 1.967520e-04 3.025766e-05 2.319030e-05
[1] 7.341551e-04 1.962697e-04 3.021729e-05 2.307896e-05
[1] 7.341033e-04 1.962499e-04 3.021564e-05 2.307442e-05
Algorithm converged after  45  iterations.
numeric(0)
Algorithm converged after  1  iterations.
[1] 4.829674e-05
Algorithm converged after  2  iterations.
[1] 8.696837e-05
Algorithm converged after  2  iterations.
[1] 9.076386e-05
Algorithm converged after  2  iterations.
[1] 4.829674e-05 1.297596e-05
Algorithm converged after  2  iterations.
[1] 8.696837e-05 4.781232e-06
Algorithm converged after  2  iterations.
[1] 9.076386e-05 4.762032e-05
Algorithm converged after  2  iterations.
[1] 4.829674e-05 8.696837e-05
Algorithm converged after  2  iterations.
[1] 4.829674e-05 9.076386e-05
Algorithm converged after  2  iterations.
[1] 8.696837e-05 9.076386e-05
Algorithm converged after  2  iterations.
[1] 4.829674e-05 1.297596e-05 8.696837e-05
Algorithm converged after  2  iterations.
[1] 4.829674e-05 1.297596e-05 9.076386e-05
Algorithm converged after  2  iterations.
[1] 4.829674e-05 8.696837e-05 4.781232e-06
Algorithm converged after  2  iterations.
[1] 4.829674e-05 9.076386e-05 4.762032e-05
Algorithm converged after  2  iterations.
[1] 8.696837e-05 4.781232e-06 9.076386e-05
Algorithm converged after  2  iterations.
[1] 8.696837e-05 9.076386e-05 4.762032e-05
Algorithm converged after  2  iterations.
[1] 4.829674e-05 8.696837e-05 9.076386e-05
Algorithm converged after  2  iterations.
[1] 4.829674e-05 1.297596e-05 8.696837e-05 4.781232e-06
Algorithm converged after  2  iterations.
[1] 4.829674e-05 1.297596e-05 9.076386e-05 4.762032e-05
Algorithm converged after  2  iterations.
[1] 8.696837e-05 4.781232e-06 9.076386e-05 4.762032e-05
Algorithm converged after  2  iterations.
[1] 4.829674e-05 1.297596e-05 8.696837e-05 9.076386e-05
Algorithm converged after  2  iterations.
[1] 4.829674e-05 8.696837e-05 4.781232e-06 9.076386e-05
Algorithm converged after  2  iterations.
[1] 4.829674e-05 8.696837e-05 9.076386e-05 4.762032e-05
Algorithm converged after  2  iterations.
[1] 0.0005593944
Algorithm converged after  2  iterations.
[1] 5.593944e-04 6.178050e-06
Algorithm converged after  8  iterations.
[1] 5.593944e-04 1.959252e-05
Algorithm converged after  9  iterations.
[1] 0.0005593944 0.0001673568
[1] 0.0007802665 0.0003376054
Algorithm converged after  13  iterations.
[1] 5.593944e-04 6.178050e-06 4.890883e-06
Algorithm converged after  8  iterations.
[1] 5.593944e-04 1.959252e-05 4.405153e-06
[1] 5.307800e-04 1.943659e-05 4.654752e-06
Algorithm converged after  12  iterations.
[1] 5.593944e-04 1.673568e-04 1.135072e-05
[1] 9.491584e-04 2.740182e-04 1.464134e-05
Algorithm converged after  13  iterations.
[1] 5.593944e-04 6.178050e-06 1.959252e-05
Algorithm converged after  10  iterations.
[1] 5.593944e-04 6.178050e-06 1.673568e-04
[1] 8.644415e-04 7.396735e-06 3.049306e-04
Algorithm converged after  12  iterations.
[1] 5.593944e-04 1.959252e-05 1.673568e-04
[1] 7.724547e-04 1.934063e-05 2.713974e-04
Algorithm converged after  12  iterations.
[1] 5.593944e-04 6.178050e-06 4.890883e-06 1.959252e-05
Algorithm converged after  8  iterations.
[1] 5.593944e-04 6.178050e-06 4.890883e-06 1.673568e-04
[1] 8.958743e-04 7.984392e-06 5.957241e-06 3.078226e-04
Algorithm converged after  14  iterations.
[1] 5.593944e-04 6.178050e-06 1.959252e-05 4.405153e-06
[1] 6.240602e-04 6.532870e-06 2.024823e-05 4.492626e-06
Algorithm converged after  13  iterations.
[1] 5.593944e-04 6.178050e-06 1.673568e-04 1.135072e-05
[1] 1.082504e-03 1.012167e-05 3.126635e-04 1.571575e-05
Algorithm converged after  13  iterations.
[1] 5.593944e-04 1.959252e-05 4.405153e-06 1.673568e-04
[1] 7.008877e-04 2.116292e-05 4.526921e-06 2.291313e-04
Algorithm converged after  13  iterations.
[1] 5.593944e-04 1.959252e-05 1.673568e-04 1.135072e-05
[1] 1.012283e-03 2.554559e-05 2.936422e-04 1.515307e-05
Algorithm converged after  13  iterations.
[1] 5.593944e-04 6.178050e-06 1.959252e-05 1.673568e-04
[1] 8.605976e-04 8.081940e-06 2.290307e-05 2.650783e-04
Algorithm converged after  11  iterations.
[1] 5.593944e-04 7.777187e-05
Algorithm converged after  2  iterations.
[1] 5.593944e-04 7.777187e-05 1.005217e-05
[1] 6.458441e-04 2.187782e-05 2.093374e-05
Algorithm converged after  11  iterations.
[1] 5.593944e-04 7.777187e-05 2.010700e-05
Algorithm converged after  10  iterations.
[1] 5.593944e-04 7.777187e-05 5.519319e-06
[1] 6.391953e-04 2.152747e-04 1.204512e-05
Algorithm converged after  12  iterations.
[1] 5.593944e-04 7.777187e-05 1.005217e-05 3.596354e-06
[1] 6.584355e-04 3.847103e-05 1.484295e-05 4.487037e-06
Algorithm converged after  16  iterations.
[1] 5.593944e-04 7.777187e-05 2.010700e-05 3.956560e-06
[1] 6.007646e-04 2.026573e-05 4.650218e-05 5.025641e-06
Algorithm converged after  20  iterations.
[1] 5.593944e-04 7.777187e-05 5.519319e-06 3.139140e-06
[1] 5.266554e-04 6.763113e-05 2.952548e-04 2.110272e-05
[1] 5.269327e-04 6.800583e-05 2.967054e-04 2.118478e-05
Algorithm converged after  24  iterations.
[1] 5.593944e-04 7.777187e-05 1.005217e-05 2.010700e-05
[1] 7.416981e-04 4.331597e-05 1.587738e-05 3.451060e-05
[1] 7.110138e-04 3.167149e-05 1.367277e-05 3.036768e-05
[1] 7.109262e-04 3.164018e-05 1.366526e-05 3.035173e-05
Algorithm converged after  32  iterations.
[1] 5.593944e-04 7.777187e-05 1.005217e-05 5.519319e-06
[1] 7.133385e-04 7.933821e-06 3.649417e-05 2.140558e-04
[1] 7.364031e-04 7.272750e-06 3.930237e-05 2.593026e-04
[1] 7.388436e-04 7.206175e-06 3.958945e-05 2.640323e-04
[1] 7.390923e-04 7.199355e-06 3.961877e-05 2.645127e-04
[1] 7.391181e-04 7.198588e-06 3.962192e-05 2.645617e-04
[1] 7.391210e-04 7.198456e-06 3.962235e-05 2.645668e-04
[1] 7.391216e-04 7.198406e-06 3.962246e-05 2.645674e-04
[1] 7.391218e-04 7.198376e-06 3.962252e-05 2.645674e-04
[1] 7.391219e-04 7.198357e-06 3.962255e-05 2.645674e-04
[1] 7.391219e-04 7.198345e-06 3.962257e-05 2.645674e-04
[1] 7.391220e-04 7.198337e-06 3.962258e-05 2.645674e-04
[1] 7.391220e-04 7.198332e-06 3.962259e-05 2.645674e-04
[1] 7.391220e-04 7.198328e-06 3.962260e-05 2.645674e-04
[1] 7.391220e-04 7.198326e-06 3.962260e-05 2.645674e-04
Algorithm converged after  144  iterations.
[1] 5.593944e-04 7.777187e-05 2.010700e-05 5.519319e-06
[1] 6.871005e-04 7.118403e-05 4.632437e-05 1.721852e-05
[1] 6.848796e-04 6.604489e-05 4.556717e-05 1.590473e-05
[1] 6.848714e-04 6.592554e-05 4.555135e-05 1.587830e-05
Algorithm converged after  40  iterations.
numeric(0)
Algorithm converged after  1  iterations.
[1] 4.732778e-05
Algorithm converged after  2  iterations.
[1] 8.242443e-05
Algorithm converged after  2  iterations.
[1] 7.534498e-05
Algorithm converged after  2  iterations.
[1] 4.732778e-05 1.559140e-05
Algorithm converged after  2  iterations.
[1] 8.242443e-05 8.084167e-06
Algorithm converged after  2  iterations.
[1] 7.534498e-05 4.500108e-05
Algorithm converged after  2  iterations.
[1] 4.732778e-05 8.242443e-05
Algorithm converged after  2  iterations.
[1] 4.732778e-05 7.534498e-05
Algorithm converged after  2  iterations.
[1] 8.242443e-05 7.534498e-05
Algorithm converged after  2  iterations.
[1] 4.732778e-05 1.559140e-05 8.242443e-05
Algorithm converged after  2  iterations.
[1] 4.732778e-05 1.559140e-05 7.534498e-05
Algorithm converged after  2  iterations.
[1] 4.732778e-05 8.242443e-05 8.084167e-06
Algorithm converged after  2  iterations.
[1] 4.732778e-05 7.534498e-05 4.500108e-05
Algorithm converged after  2  iterations.
[1] 8.242443e-05 8.084167e-06 7.534498e-05
Algorithm converged after  2  iterations.
[1] 8.242443e-05 7.534498e-05 4.500108e-05
Algorithm converged after  2  iterations.
[1] 4.732778e-05 8.242443e-05 7.534498e-05
Algorithm converged after  2  iterations.
[1] 4.732778e-05 1.559140e-05 8.242443e-05 8.084167e-06
Algorithm converged after  2  iterations.
[1] 4.732778e-05 1.559140e-05 7.534498e-05 4.500108e-05
Algorithm converged after  2  iterations.
[1] 8.242443e-05 8.084167e-06 7.534498e-05 4.500108e-05
Algorithm converged after  2  iterations.
[1] 4.732778e-05 1.559140e-05 8.242443e-05 7.534498e-05
Algorithm converged after  2  iterations.
[1] 4.732778e-05 8.242443e-05 8.084167e-06 7.534498e-05
Algorithm converged after  2  iterations.
[1] 4.732778e-05 8.242443e-05 7.534498e-05 4.500108e-05
Algorithm converged after  2  iterations.
[1] 0.0004929849
Algorithm converged after  2  iterations.
[1] 4.929849e-04 1.256162e-05
Algorithm converged after  7  iterations.
[1] 4.929849e-04 1.360065e-05
Algorithm converged after  9  iterations.
[1] 0.0004929849 0.0001150831
[1] 0.0006785239 0.0002450292
Algorithm converged after  13  iterations.
[1] 4.929849e-04 1.256162e-05 8.076694e-06
Algorithm converged after  9  iterations.
[1] 4.929849e-04 1.360065e-05 4.709744e-06
Algorithm converged after  9  iterations.
[1] 4.929849e-04 1.150831e-04 9.152718e-06
[1] 8.576270e-04 2.086048e-04 1.208043e-05
Algorithm converged after  13  iterations.
[1] 4.929849e-04 1.256162e-05 1.360065e-05
Algorithm converged after  6  iterations.
[1] 4.929849e-04 1.256162e-05 1.150831e-04
[1] 7.355546e-04 2.237272e-05 3.392952e-04
Algorithm converged after  17  iterations.
[1] 4.929849e-04 1.360065e-05 1.150831e-04
[1] 6.842115e-04 1.415711e-05 1.954109e-04
Algorithm converged after  12  iterations.
[1] 4.929849e-04 1.256162e-05 8.076694e-06 1.360065e-05
Algorithm converged after  9  iterations.
[1] 4.929849e-04 1.256162e-05 8.076694e-06 1.150831e-04
[1] 7.959822e-04 1.271170e-05 9.185332e-06 2.007026e-04
Algorithm converged after  12  iterations.
[1] 4.929849e-04 1.256162e-05 1.360065e-05 4.709744e-06
Algorithm converged after  10  iterations.
[1] 4.929849e-04 1.256162e-05 1.150831e-04 9.152718e-06
[1] 8.821105e-04 1.298508e-05 2.186729e-04 1.227667e-05
Algorithm converged after  15  iterations.
[1] 4.929849e-04 1.360065e-05 4.709744e-06 1.150831e-04
[1] 7.056830e-04 1.629117e-05 5.096805e-06 1.863994e-04
Algorithm converged after  13  iterations.
[1] 4.929849e-04 1.360065e-05 1.150831e-04 9.152718e-06
[1] 9.332415e-04 2.005394e-05 2.292998e-04 1.268961e-05
Algorithm converged after  14  iterations.
[1] 4.929849e-04 1.256162e-05 1.360065e-05 1.150831e-04
[1] 7.164646e-04 1.688459e-05 1.135411e-05 2.569407e-04
Algorithm converged after  14  iterations.
[1] 4.929849e-04 8.638016e-05
Algorithm converged after  2  iterations.
[1] 4.929849e-04 8.638016e-05 9.290322e-06
[1] 6.355665e-04 7.098569e-05 1.139314e-05
Algorithm converged after  11  iterations.
[1] 4.929849e-04 8.638016e-05 1.318056e-05
[1] 5.350475e-04 2.178891e-05 1.150533e-05
Algorithm converged after  13  iterations.
[1] 4.929849e-04 8.638016e-05 5.098219e-06
[1] 1.206568e-03 3.955191e-04 3.485527e-05
[1] 1.208668e-03 3.963984e-04 3.489955e-05
Algorithm converged after  29  iterations.
[1] 4.929849e-04 8.638016e-05 9.290322e-06 4.341261e-06
[1] 5.554675e-04 5.020684e-05 1.170607e-05 5.559097e-06
Algorithm converged after  17  iterations.
[1] 4.929849e-04 8.638016e-05 1.318056e-05 3.817049e-06
[1] 6.172681e-04 2.512969e-05 2.390764e-05 5.087086e-06
[1] 6.172265e-04 2.515227e-05 2.390515e-05 5.088432e-06
[1] 6.172251e-04 2.515330e-05 2.390506e-05 5.088480e-06
Algorithm converged after  36  iterations.
[1] 4.929849e-04 8.638016e-05 5.098219e-06 3.406053e-06
[1] 5.089491e-04 4.035586e-05 1.046188e-05 7.872448e-06
[1] 5.096573e-04 4.209227e-05 1.028145e-05 7.839158e-06
[1] 5.096907e-04 4.217250e-05 1.027340e-05 7.837512e-06
[1] 5.096923e-04 4.217635e-05 1.027301e-05 7.837433e-06
Algorithm converged after  43  iterations.
[1] 4.929849e-04 8.638016e-05 9.290322e-06 1.318056e-05
[1] 8.951623e-04 2.321771e-04 1.960777e-05 3.079785e-05
[1] 8.923459e-04 2.306588e-04 1.953659e-05 3.069761e-05
[1] 8.922247e-04 2.305987e-04 1.953366e-05 3.069361e-05
Algorithm converged after  36  iterations.
[1] 4.929849e-04 8.638016e-05 9.290322e-06 5.098219e-06
[1] 1.138296e-03 3.350185e-04 2.211406e-05 5.193122e-05
[1] 1.125327e-03 3.331945e-04 2.193138e-05 5.102247e-05
[1] 1.125069e-03 3.331694e-04 2.192792e-05 5.100467e-05
Algorithm converged after  35  iterations.
[1] 4.929849e-04 8.638016e-05 1.318056e-05 5.098219e-06
[1] 8.003492e-04 2.439805e-04 2.839097e-05 3.298735e-05
[1] 7.831427e-04 2.388467e-04 2.794958e-05 3.129072e-05
[1] 7.828344e-04 2.387505e-04 2.794165e-05 3.126140e-05
Algorithm converged after  37  iterations.
numeric(0)
Algorithm converged after  1  iterations.
[1] 4.146125e-05
Algorithm converged after  2  iterations.
[1] 7.209671e-05
Algorithm converged after  2  iterations.
[1] 0.0001044304
Algorithm converged after  2  iterations.
[1] 4.146125e-05 1.194534e-05
Algorithm converged after  2  iterations.
[1] 7.209671e-05 5.826191e-06
Algorithm converged after  2  iterations.
[1] 1.044304e-04 5.663869e-05
Algorithm converged after  2  iterations.
[1] 4.146125e-05 7.209671e-05
Algorithm converged after  2  iterations.
[1] 4.146125e-05 1.044304e-04
Algorithm converged after  2  iterations.
[1] 7.209671e-05 1.044304e-04
Algorithm converged after  2  iterations.
[1] 4.146125e-05 1.194534e-05 7.209671e-05
Algorithm converged after  2  iterations.
[1] 4.146125e-05 1.194534e-05 1.044304e-04
Algorithm converged after  2  iterations.
[1] 4.146125e-05 7.209671e-05 5.826191e-06
Algorithm converged after  2  iterations.
[1] 4.146125e-05 1.044304e-04 5.663869e-05
Algorithm converged after  2  iterations.
[1] 7.209671e-05 5.826191e-06 1.044304e-04
Algorithm converged after  2  iterations.
[1] 7.209671e-05 1.044304e-04 5.663869e-05
Algorithm converged after  2  iterations.
[1] 4.146125e-05 7.209671e-05 1.044304e-04
Algorithm converged after  2  iterations.
[1] 4.146125e-05 1.194534e-05 7.209671e-05 5.826191e-06
Algorithm converged after  2  iterations.
[1] 4.146125e-05 1.194534e-05 1.044304e-04 5.663869e-05
Algorithm converged after  2  iterations.
[1] 7.209671e-05 5.826191e-06 1.044304e-04 5.663869e-05
Algorithm converged after  2  iterations.
[1] 4.146125e-05 1.194534e-05 7.209671e-05 1.044304e-04
Algorithm converged after  2  iterations.
[1] 4.146125e-05 7.209671e-05 5.826191e-06 1.044304e-04
Algorithm converged after  2  iterations.
[1] 4.146125e-05 7.209671e-05 1.044304e-04 5.663869e-05
Algorithm converged after  2  iterations.
[1] 0.0005313498
Algorithm converged after  2  iterations.
[1] 5.313498e-04 1.279143e-05
Algorithm converged after  9  iterations.
[1] 5.313498e-04 6.338314e-06
Algorithm converged after  9  iterations.
[1] 0.0005313498 0.0002551292
[1] 0.0011466312 0.0006428028
Algorithm converged after  19  iterations.
[1] 5.313498e-04 1.279143e-05 5.687087e-06
Algorithm converged after  7  iterations.
[1] 5.313498e-04 6.338314e-06 3.802363e-06
[1] 4.646919e-04 6.524530e-06 4.012917e-06
Algorithm converged after  19  iterations.
[1] 5.313498e-04 2.551292e-04 9.504427e-06
[1] 1.375760e-03 6.834021e-04 1.413765e-05
Algorithm converged after  19  iterations.
[1] 5.313498e-04 1.279143e-05 6.338314e-06
[1] 5.347205e-04 1.316362e-05 6.231172e-06
Algorithm converged after  13  iterations.
[1] 5.313498e-04 1.279143e-05 2.551292e-04
[1] 0.0012456007 0.0000206073 0.0007606361
[1] 1.246905e-03 2.063027e-05 7.618027e-04
Algorithm converged after  24  iterations.
[1] 5.313498e-04 6.338314e-06 2.551292e-04
[1] 1.100154e-03 5.413520e-06 5.853205e-04
Algorithm converged after  16  iterations.
[1] 5.313498e-04 1.279143e-05 5.687087e-06 6.338314e-06
Algorithm converged after  6  iterations.
[1] 5.313498e-04 1.279143e-05 5.687087e-06 2.551292e-04
[1] 1.293376e-03 1.397766e-05 7.092865e-06 6.526436e-04
Algorithm converged after  16  iterations.
[1] 5.313498e-04 1.279143e-05 6.338314e-06 3.802363e-06
[1] 4.610857e-04 1.308112e-05 6.560167e-06 4.051199e-06
Algorithm converged after  16  iterations.
[1] 5.313498e-04 1.279143e-05 2.551292e-04 9.504427e-06
[1] 1.434165e-03 1.454978e-05 7.190190e-04 1.453893e-05
[1] 1.435005e-03 1.455191e-05 7.194697e-04 1.454478e-05
Algorithm converged after  21  iterations.
[1] 5.313498e-04 6.338314e-06 3.802363e-06 2.551292e-04
[1] 1.055655e-03 6.391096e-06 3.767161e-06 5.501711e-04
[1] 1.056660e-03 6.391301e-06 3.767222e-06 5.507415e-04
Algorithm converged after  23  iterations.
[1] 5.313498e-04 6.338314e-06 2.551292e-04 9.504427e-06
[1] 1.395415e-03 7.004982e-06 6.948209e-04 1.424414e-05
Algorithm converged after  20  iterations.
[1] 5.313498e-04 1.279143e-05 6.338314e-06 2.551292e-04
[1] 1.159119e-03 1.733177e-05 4.831332e-06 6.554357e-04
Algorithm converged after  19  iterations.
[1] 0.0005313498 0.0001858800
Algorithm converged after  2  iterations.
[1] 5.313498e-04 1.858800e-04 7.800654e-06
[1] 6.531860e-04 6.400497e-05 1.099311e-05
Algorithm converged after  11  iterations.
[1] 5.313498e-04 1.858800e-04 8.544835e-06
[1] 5.982174e-04 3.766698e-05 2.526065e-05
[1] 5.982554e-04 3.761841e-05 2.526452e-05
Algorithm converged after  25  iterations.
[1] 5.313498e-04 1.858800e-04 7.727503e-06
[1] 0.0019038022 0.0003577955 0.0002953747
[1] 0.0019342360 0.0003581355 0.0002993868
[1] 0.0019301290 0.0003576494 0.0002986098
[1] 0.0019297461 0.0003576006 0.0002985392
Algorithm converged after  49  iterations.
[1] 5.313498e-04 1.858800e-04 7.800654e-06 1.815705e-06
[1] 6.112351e-04 2.193180e-04 9.123211e-06 2.307777e-06
[1] 6.116499e-04 2.192595e-04 9.134954e-06 2.312232e-06
Algorithm converged after  25  iterations.
[1] 5.313498e-04 1.858800e-04 8.544835e-06 2.995967e-06
[1] 5.922663e-04 5.582030e-05 1.580483e-05 3.770781e-06
[1] 5.970676e-04 5.697426e-05 1.592655e-05 3.805333e-06
[1] 5.970979e-04 5.704799e-05 1.592655e-05 3.807095e-06
[1] 5.970937e-04 5.705876e-05 1.592630e-05 3.807338e-06
[1] 5.970929e-04 5.706046e-05 1.592625e-05 3.807376e-06
[1] 5.970928e-04 5.706073e-05 1.592624e-05 3.807382e-06
Algorithm converged after  65  iterations.
[1] 5.313498e-04 1.858800e-04 7.727503e-06 1.954466e-06
[1] 4.913742e-04 1.784325e-04 8.415649e-06 1.386393e-06
Algorithm converged after  19  iterations.
[1] 5.313498e-04 1.858800e-04 7.800654e-06 8.544835e-06
[1] 6.278337e-04 2.061694e-05 9.940099e-06 2.894779e-05
Algorithm converged after  15  iterations.
[1] 5.313498e-04 1.858800e-04 7.800654e-06 7.727503e-06
[1] 1.010233e-03 2.138367e-04 6.163482e-06 1.766733e-04
[1] 1.017927e-03 2.149709e-04 6.131718e-06 1.788575e-04
[1] 1.017676e-03 2.149286e-04 6.132740e-06 1.787733e-04
Algorithm converged after  37  iterations.
[1] 5.313498e-04 1.858800e-04 8.544835e-06 7.727503e-06
[1] 6.318341e-04 2.043051e-04 2.064960e-05 1.738709e-05
[1] 6.106458e-04 1.929551e-04 2.021119e-05 1.650863e-05
[1] 6.087800e-04 1.919138e-04 2.017196e-05 1.643176e-05
[1] 6.086287e-04 1.918292e-04 2.016878e-05 1.642554e-05
[1] 6.086165e-04 1.918223e-04 2.016852e-05 1.642503e-05
Algorithm converged after  51  iterations.
numeric(0)
Algorithm converged after  1  iterations.
[1] 4.077961e-05
Algorithm converged after  2  iterations.
[1] 8.428729e-05
Algorithm converged after  2  iterations.
[1] 5.101905e-05
Algorithm converged after  2  iterations.
[1] 4.077961e-05 1.313320e-05
